100 100
2 -67.19330
2 -24.35029
1 81.51353 64.17411
2 95.36445
1 -53.00891 -91.44569
2 16.60176
2 -26.45079
2 12.78332
2 94.87597
1 41.23533 -33.53935
1 57.61150 -47.84365
2 -41.84014
1 -88.91879 -35.67721
1 5.48494 -64.69118
1 93.10828 50.45796
2 -84.60897
1 8.51711 66.22510
1 18.06354 -23.16898
2 33.94958
1 -6.96661 4.30305
2 -45.82168
1 -97.50392 29.81719
1 -67.72192 61.56874
2 -52.83468
2 -24.42622
2 91.54955
2 87.84698
2 -9.98297
2 -88.19599
1 -0.99463 -30.50090
2 -10.19407
2 48.19785
2 2.74313
1 21.83462 -74.33631
1 -53.06101 -84.25272
1 67.11377 0.11560
1 10.20194 83.54344
1 51.62868 9.23243
2 56.69576
1 89.99802 8.17835
2 93.43773
2 -14.29002
1 96.45161 -58.20197
2 98.85479
1 -38.73791 -22.56575
2 58.18894
1 34.74075 -56.35130
1 75.86773 -46.80453
1 98.31501 44.04321
2 -99.10855
1 0.07660 -89.15488
2 61.44826
2 -55.50121
2 -82.31388
1 -32.12723 -17.72503
2 89.60964
1 34.50505 92.65386
1 53.49254 -45.55116
2 96.50926
2 37.60628
2 -95.10062
1 -55.78536 -5.74734
2 -16.63085
2 13.74328
2 -12.32984
2 13.84707
1 -44.70791 46.85397
2 -61.16892
2 66.36756
1 54.90060 -39.52654
2 -86.25370
1 5.54805 68.42781
1 -14.78811 -25.80804
1 70.22849 72.61522
1 -63.08142 -77.54241
2 2.25880
2 2.12510
2 43.05872
1 32.53423 61.43278
2 -31.25916
1 87.25513 -86.39869
1 -33.60155 70.89022
1 40.41792 -67.22233
1 -94.69149 -19.06485
2 66.14277
2 -84.03107
2 52.08545
1 -70.61998 26.27497
2 -43.69454
2 82.52144
2 77.44172
2 29.97439
1 96.11405 2.45662
2 -25.03858
1 11.93909 -16.15351
2 -53.65676
1 51.56954 -88.66417
1 65.39695 -13.57857
1 -60.59075 58.19651
2 8.64434
9 19
9 81
37 53
47 50
25 26
26 88
51 54
53 69
22 94
38 45
67 84
45 47
40 46
60 84
5 39
7 84
38 64
3 99
24 99
59 74
2 51
65 74
9 26
19 96
11 26
2 80
34 73
35 89
12 24
9 71
66 86
9 19
40 51
34 62
9 34
54 89
76 98
13 59
4 46
34 77
16 89
21 87
35 64
76 92
52 72
93 95
6 93
6 57
27 40
12 61
60 93
7 73
55 78
61 97
69 95
49 92
24 24
72 92
70 86
48 85
62 76
14 27
5 87
19 61
61 76
32 32
7 19
34 81
24 43
48 51
42 74
28 29
14 95
37 53
75 94
78 81
57 94
47 90
61 87
32 52
12 82
3 71
51 78
7 41
39 99
61 89
41 70
81 83
13 56
34 81
1 98
30 53
60 78
64 64
32 42
65 94
35 54
27 83
6 6
86 90
