100 100
1 17.49486 -0.42637
2 -30.09275
1 -10.74722 82.05963
1 -15.05124 15.79199
1 32.91421 73.02405
2 -8.39494
2 -63.00085
1 74.03269 0.15476
2 -53.43626
2 -76.47697
1 80.30873 -9.14322
2 -28.81420
2 -5.26936
1 -81.60927 26.87484
1 64.89447 21.35591
1 45.96933 73.52260
2 -6.37440
1 -12.64504 7.74181
1 -90.64983 -9.12464
1 -48.22861 -54.77349
2 -14.50169
1 -69.22825 -4.21348
2 18.33161
1 -33.37104 -86.64687
1 -47.89901 92.39787
2 -98.84933
1 -48.42366 -78.63475
2 75.26740
1 -28.42271 97.95883
1 -29.74831 -49.51653
1 75.02417 47.76791
1 46.64663 -98.70638
1 21.01450 63.46007
1 -64.59685 34.38362
2 24.38298
1 25.33296 23.86520
1 -36.93735 37.03900
2 49.58397
2 4.49858
1 -81.21622 -70.78152
2 -52.25007
1 40.89035 96.23109
2 11.05924
2 65.11612
1 64.27973 50.04929
1 73.47575 9.92471
1 -68.59285 68.83493
1 52.12763 -74.26792
2 -64.02667
1 -72.81854 -55.13611
2 77.29875
2 94.24262
1 -39.40980 -81.03088
1 8.52562 67.74490
1 -58.18143 4.89987
1 -87.87075 -0.34690
1 -22.89514 47.15323
2 -48.38829
1 -82.72805 76.28138
2 24.19794
2 43.22993
1 83.51357 -68.67113
1 -3.33653 -71.32646
2 -8.21928
2 43.65044
1 -49.34156 -28.06442
2 81.83819
2 -93.56868
1 -77.42351 -30.75994
1 23.06827 -64.04215
2 95.61553
1 -26.28953 -10.86007
1 -60.78686 51.06891
1 -34.17826 -10.13648
2 -67.75884
2 -57.69430
1 -56.63500 58.08121
2 35.19425
1 -30.79495 -86.23905
1 35.60457 -33.72756
2 -92.97604
1 8.28236 -69.95352
1 97.70934 -35.21998
2 -41.00577
1 74.87384 48.29063
1 -19.54262 54.30488
2 44.10193
2 -25.25889
1 -60.48323 93.86221
2 -85.56548
2 -91.40870
2 78.82336
2 -73.61626
2 -26.95450
1 89.00485 -78.34056
1 67.31153 -72.31678
2 -70.99512
1 -61.33741 22.38487
2 -83.41859
1 -62.31727 41.15119
25 69
39 64
53 63
2 26
23 62
57 67
22 84
8 54
22 39
14 17
17 54
21 32
16 87
6 93
63 86
58 63
16 70
17 73
31 56
24 73
34 62
27 83
32 42
3 36
35 66
73 84
79 87
20 22
36 94
5 5
2 63
4 19
34 85
66 91
38 61
25 30
51 88
57 92
27 39
24 38
24 67
30 55
1 88
26 34
83 86
16 24
54 93
56 93
13 92
26 66
31 67
53 80
17 85
22 94
22 82
47 81
15 37
20 67
52 53
99 100
44 72
37 79
11 61
10 97
28 50
10 77
43 55
40 100
2 100
42 58
24 74
57 86
81 93
18 65
21 36
53 85
41 52
24 44
26 41
53 61
24 72
4 11
82 96
2 97
45 46
27 81
3 65
62 76
32 97
30 66
40 54
4 25
60 78
9 83
3 42
56 82
64 100
38 50
38 61
10 60
