76 5
33 60 74 5 29 42 56 33 50 62 10 52 17 10 59 15 6 48 72 36 62 17 66 17 7 59 37 47 6 3 67 52 20 49 67 70 30 11 59 54 56 42 51 33 11 36 55 38 50 67 37 42 29 72 12 46 73 65 66 13 2 48 55 71 53 41 35 75 62 17 76 31 23 5 2 51
1 2
1 3
3 4
1 5
4 6
3 7
7 8
7 9
5 10
6 11
5 12
3 13
9 14
7 15
8 16
11 17
4 18
11 19
14 20
19 21
3 22
10 23
8 24
13 25
3 26
13 27
24 28
4 29
8 30
15 31
27 32
20 33
19 34
14 35
18 36
8 37
30 38
12 39
24 40
21 41
16 42
42 43
17 44
5 45
19 46
35 47
8 48
37 49
3 50
50 51
39 52
6 53
10 54
10 55
4 56
47 57
14 58
49 59
40 60
34 61
1 62
23 63
9 64
3 65
37 66
23 67
50 68
52 69
36 70
24 71
71 72
11 73
19 74
74 75
39 76
