68 8
47 63 65 8 27 24 10 29 8 9 1 10 56 2 51 48 35 59 67 49 10 38 47 66 29 24 3 37 17 65 44 24 23 27 50 68 27 67 39 67 2 65 6 54 13 39 21 16 7 1 19 29 27 24 18 16 44 54 15 57 23 43 1 28 4 20 10 20
1 2
1 3
2 4
1 5
5 6
4 7
4 8
7 9
3 10
3 11
2 12
8 13
11 14
8 15
8 16
10 17
3 18
13 19
9 20
10 21
14 22
4 23
9 24
18 25
5 26
26 27
19 28
16 29
2 30
5 31
20 32
21 33
22 34
19 35
35 36
19 37
32 38
2 39
29 40
16 41
37 42
36 43
37 44
8 45
6 46
29 47
16 48
15 49
47 50
7 51
47 52
16 53
47 54
26 55
28 56
15 57
5 58
21 59
3 60
44 61
33 62
58 63
37 64
14 65
64 66
65 67
3 68
