683 342
5567 6223 5755 1553 851 1517 3227 3487 6603 7738 8902 7902 2750 5968 103 4266 1882 1844 6711 4509 6490 9859 185 8122 107 6587 3988 1372 2491 4973 519 2074 2354 1282 2663 7997 8214 9452 9116 8805 9786 334 1565 505 2838 1454 3785 6334 6973 6922 1545 5371 3258 89 6130 298 3341 9924 7902 5344 5877 1732 7501 5649 3614 254 312 9694 6333 7452 1815 1600 217 3213 6835 3850 2253 913 142 3210 7451 9181 7570 9536 4563 3366 5112 2818 1012 764 1322 2607 3346 1444 9851 2594 8665 4443 7445 5834 737 6503 1026 7560 7954 1008 9007 1544 1130 2752 1071 7396 1229 7542 60 3221 2716 945 2179 7659 5385 7739 384 4639 3738 3636 5031 9783 2316 2081 2022 2426 7753 9205 5447 9413 3005 8046 8826 1245 2550 6995 8530 133 10 2317 2430 7762 9134 2931 747 5533 5284 874 440 1881 8836 4988 571 5590 7630 5561 9522 598 2190 3164 445 8622 4706 2816 714 2335 7000 3138 5616 4165 2059 3512 8384 6847 944 2738 9832 8656 2252 4352 3291 6053 2296 4421 4062 4361 9768 5274 8035 2134 5192 9302 379 5388 7880 3501 6616 2710 4073 5062 9953 971 2824 8065 2538 2051 1611 8792 2979 2444 7162 4822 2719 2299 5184 6934 8696 4710 1073 7469 8704 2865 846 1850 9051 8647 1143 2445 2156 6460 769 8886 302 769 9848 2607 3188 4536 310 8365 7634 9352 9141 8626 1725 5347 3201 839 6032 1222 3218 3625 3585 4816 2345 8353 2020 6071 1368 8920 2175 4488 7031 2346 2717 8045 1700 5163 1686 6116 5322 6503 8542 7805 5574 734 1453 7812 2230 2225 2160 9984 1666 3846 3951 6827 8592 6898 3214 2372 1987 4663 5191 5585 1907 5419 1623 7720 9667 6219 1992 960 9567 7104 3280 499 4868 1346 6104 7431 21 6026 1535 5822 1834 6236 288 8394 4828 3349 6625 2693 1919 2801 7245 6432 9087 9696 1509 1754 1598 3193 1122 2820 8908 9072 5023 562 1992 2053 5252 1524 8966 4957 6981 5062 8466 7524 2301 5829 9236 7954 4613 3683 3877 6158 5290 3293 5200 1777 2462 843 9132 7661 8701 1639 1081 4621 2546 930 169 4142 8763 835 1634 2271 3083 1 4561 1365 6142 6100 6337 7666 6834 9030 8828 7255 1029 320 5985 7111 169 4418 9398 8126 7407 1411 8464 2049 4691 4970 5345 8600 4644 156 2465 4538 5559 7207 6912 9415 9948 1294 9130 6588 4081 86 8765 7235 7077 4016 119 3385 4848 649 548 5556 833 6782 838 7428 5897 5860 8325 7800 5654 7702 8842 4405 5730 9216 566 3651 5533 3084 9720 8297 4440 779 2239 5242 804 6007 2621 2671 7850 9206 4525 5079 1788 1985 2630 140 7899 9974 2639 3816 1003 4042 4486 5064 2212 67 8828 9584 3931 6566 2083 7983 8832 8236 3291 1813 3257 5803 1449 6514 6127 8498 7065 3216 2294 1908 8438 8419 6339 2425 71 1184 6346 9329 6060 7484 9222 2538 1561 1350 924 884 5906 5848 9314 2787 6985 4410 235 2501 1971 840 1158 5669 3857 4486 3593 1023 4734 2736 1384 9828 4500 3062 2091 7136 2101 1480 6574 907 6886 7246 3210 5837 9982 940 9700 102 9408 196 1220 3085 1428 9356 5561 2134 5453 4801 604 1689 5399 6876 1570 305 6991 7844 9558 7858 1320 1876 4150 8191 3947 799 9468 6347 510 81 480 7982 3208 7720 2139 2426 1700 771 2015 2511 2356 4233 5766 8619 1721 6238 8265 710 704 2545 2051 2542 4302 2345 7428 6142 2911 9697 4825 9684 1099 641 1132 9571 3755 3536 904 9446 7610 5415 6033 2918 1631 5319 2433 4414 4091 8462 133 6636 1518 6646 9322 1819 1806 4334 4722 5247 4971 5789 6395 1009 7228 8836 578 5676 206 51 4643 9255 319 1391 8725 980 1366 4755 3172 4023 5845 7268 2510 2411 1873 6553 5875 6978 3698 5371 9942 268 2342 618 4969 5066 7322 8656 6728 6915 8284 2138 6933
522 530 2211 2050
117 643 30 18
266 452 83 37
70 582 24 5
79 674 748 407
548 568 9525 7434
540 544 10 7
60 583 74 72
30 150 2509 1712
53 597 1287 641
74 649 8614 4924
78 603 82 79
145 300 4951 843
315 652 42 18
261 310 52 9
140 510 7 4
14 133 94 80
262 466 49 4
280 392 6587 5500
386 632 7194 2548
307 508 4912 1653
216 228 16 6
62 86 79 5
148 627 9256 371
6 429 7 1
53 406 2813 838
250 683 1336 992
182 575 54 39
224 561 9090 4926
208 250 3129 159
104 281 9242 3214
224 391 5514 2479
456 556 4631 403
192 594 6815 95
65 460 360 284
66 563 93 52
126 408 44 41
200 481 100 23
107 413 1878 1716
134 601 77 9
216 341 89 65
458 558 65 15
351 533 2264 912
62 350 5287 4770
343 617 40 36
490 504 2116 606
48 464 8919 1598
410 588 63 14
444 634 948 669
81 259 7825 1014
204 451 18 1
46 610 6675 2874
154 256 67 50
170 583 36 24
25 277 41 2
346 386 22 21
140 335 9979 5145
24 524 46 42
365 587 841 653
357 544 4786 4162
250 486 8050 3046
152 297 61 17
325 393 4445 3538
227 282 7019 6344
100 122 1241 111
131 557 56 26
98 479 86 26
247 503 5 2
175 565 9507 8007
263 632 3947 2792
303 368 77 26
355 500 16 14
198 217 82 14
221 575 23 20
11 208 13 6
232 462 3815 1602
84 565 30 24
312 367 77 42
58 385 83 76
215 341 9763 4491
182 259 20 13
383 595 84 62
262 318 3334 2765
12 28 48 29
548 602 16 15
476 564 8 3
398 403 3442 3114
280 356 8084 2564
27 563 71 24
298 556 1344 680
17 69 6056 3961
183 623 63 55
214 257 3640 2397
158 231 76 31
105 393 39 16
63 219 2655 1529
120 203 65 59
134 628 68 55
486 665 1613 1075
494 598 57 44
46 617 85 70
175 227 2911 2270
175 563 41 32
160 345 95 41
131 400 95 17
238 426 271 4
46 630 4320 533
91 196 44 37
129 615 46 3
298 572 99 11
51 351 2 1
124 360 597 312
339 464 8647 4128
537 648 34 24
462 534 3170 2699
452 455 3341 1359
42 601 2997 28
393 459 1072 655
30 172 944 784
381 567 95 26
253 288 7344 5487
137 414 5915 101
657 674 3182 489
107 475 66 48
548 622 67 21
123 677 8292 7005
121 389 2108 442
143 666 2673 2253
328 488 24 10
567 653 58 38
436 452 5389 2865
70 152 4832 2895
81 407 22 15
40 109 206 95
246 359 4063 3153
311 389 55 20
143 631 1313 865
177 443 35 3
119 670 9674 6655
147 678 14 10
578 630 2 0
127 212 28 2
359 637 6132 1119
191 619 4073 3577
441 674 6835 635
346 437 44 34
112 304 3872 1542
219 235 89 31
99 178 94 77
30 651 8769 7311
100 399 2124 2069
65 130 274 142
381 527 8 7
266 427 9796 7163
294 376 75 46
358 368 26 16
400 509 44 9
108 427 63 16
167 398 54 16
174 293 2 0
107 526 2321 1499
390 571 6848 4848
80 657 798 479
337 401 9283 5777
384 415 6419 5301
633 658 1045 13
145 540 4827 3701
94 168 84 46
103 205 39 17
593 600 185 156
98 466 7896 2654
435 520 8942 2131
237 310 44 17
78 542 15 6
77 430 3299 650
389 469 88 31
303 456 2811 1738
302 617 6932 4293
195 283 9338 8858
427 438 6472 3546
241 358 73 8
205 511 57 5
327 562 10 8
31 485 2 0
234 553 94 59
357 577 81 5
90 350 4986 1393
214 544 56 19
1 186 9197 878
351 672 100 41
13 412 20 5
185 548 45 27
116 131 53 19
92 574 41 5
175 652 3208 2645
28 431 17 0
65 654 8496 3970
150 158 57 48
106 623 65 12
43 65 37 15
56 432 13 11
381 620 52 47
104 214 9444 8647
477 558 6956 2424
326 409 4880 4048
629 665 1411 585
66 285 2765 2232
16 20 74 58
136 619 5764 3479
53 648 8751 4480
187 610 5125 4638
5 630 84 75
23 30 3124 267
201 280 5854 3528
456 657 9 8
657 658 54 13
309 650 39 21
490 666 79 19
154 179 33 8
238 380 67 19
248 351 1420 556
153 461 2030 2013
341 489 2085 897
281 525 6767 1701
319 550 718 438
108 170 28 3
284 442 2014 1482
109 201 39 14
189 542 1471 245
149 534 32 11
398 488 1360 165
149 590 67 4
411 565 84 32
344 557 80 35
195 424 2762 1243
152 276 7 0
215 603 144 19
70 195 62 9
77 378 56 43
188 307 6590 5805
374 400 6044 4526
470 673 5198 3767
82 268 56 44
211 653 8386 5661
334 476 3642 1984
101 288 966 786
189 556 55 45
4 447 8183 4557
373 438 17 12
626 645 91 86
284 529 6078 5409
149 548 5972 4127
484 512 1532 740
88 409 8207 4177
134 391 94 51
363 372 2123 89
109 666 78 61
212 322 99 68
301 494 77 11
144 228 1925 716
508 612 4474 4421
88 668 28 24
489 671 82 10
78 282 3101 1309
160 616 91 43
406 615 5 1
72 606 68 41
448 537 79 5
88 277 22 21
253 343 63 0
227 590 58 43
84 270 24 18
317 658 5642 5525
455 629 83 67
224 441 5109 4770
270 634 813 167
160 591 44 43
556 660 71 21
52 558 3294 1846
105 401 49 18
163 397 99 86
189 481 1651 1375
471 578 4398 4206
87 464 90 48
113 577 74 45
33 124 7074 1178
437 682 71 23
580 644 70 60
373 514 8569 8019
31 529 8657 6857
241 399 41 5
95 519 6 3
64 92 2148 930
280 445 100 46
120 221 7377 1447
39 411 2928 1058
121 169 22 6
336 623 7 1
121 661 7900 958
268 493 490 155
465 618 9 2
103 418 94 68
194 390 35 12
145 315 98 34
126 464 51 1
75 323 1363 534
277 553 3786 278
538 569 7046 4397
278 551 5 3
334 514 63 33
109 161 6247 1953
417 478 39 29
175 214 77 1
80 334 76 56
60 523 77 49
74 653 2638 2600
12 485 9 8
64 518 1031 160
541 564 2048 1582
7 409 2908 617
387 600 9153 1893
194 527 1178 653
191 275 2358 2350
167 529 9243 941
3 380 30 0
53 396 5187 2142
17 511 78 17
4 683 71 61
372 542 49 24
315 428 94 47
248 632 16 0
61 64 8713 4289
326 489 14 1
216 504 6791 731
281 419 2393 2020
199 605 9985 6381
136 549 21 15
92 536 1607 934
10 645 73 3
19 519 1832 811
93 231 69 42
236 500 36 21
