998 147
918 9388 5021 6031 7443 1736 2390 374 3481 2074 778 787 8382 1786 523 8346 980 6086 5714 936 9736 884 2187 6097 649 2086 4753 522 9261 1983 6637 7689 9920 7237 6793 7066 9279 4199 1497 6387 1012 977 7548 2122 3203 7246 6703 8565 1540 2573 2258 2371 1921 1655 9360 1081 7299 3392 3961 511 9592 5868 2034 1676 2137 500 7776 5791 4377 1257 273 704 5087 968 9516 3543 3496 3567 8457 4187 8438 9199 2627 8365 1086 1666 8909 341 1361 2815 1155 8013 9753 3339 8707 2526 631 9250 3180 3080 8314 8839 2518 8422 4146 5992 1970 1840 4309 6566 3763 9474 3682 1971 3148 7054 2709 6509 6716 4430 1067 7690 4664 1772 5542 6260 8632 3573 2515 967 5989 8171 8169 2200 656 3851 3445 2937 6279 9407 9428 314 7524 2372 3328 7074 3462 2174 9935 1103 5588 1418 1464 6154 6127 596 1496 9214 2407 7371 3860 3306 2497 4834 4224 4853 7880 520 6127 7794 1586 1466 1372 5445 7108 7272 4088 8100 6520 8597 5716 7553 2493 4754 8258 7591 4960 3358 887 7810 5866 5687 2020 260 2314 2436 1029 4102 469 2870 457 6732 7579 6075 1396 844 1275 3317 5025 512 8586 5723 8972 58 4096 8175 5039 2184 6659 7296 5723 6984 6232 9504 2233 4301 5591 1481 7409 5506 2703 2859 9819 558 5562 4121 5029 3657 5714 3333 3093 7183 6468 1321 7359 1075 3988 9095 4984 1365 7265 9715 6747 4391 426 6256 3164 1468 5793 4232 2620 2881 4719 6129 9949 4721 9080 2092 3767 7588 5809 2127 4826 1160 7519 3221 36 1315 5457 4148 9157 135 3361 752 6209 1479 2295 2590 7525 7977 9695 4091 190 9373 7420 302 1703 4845 524 6540 610 1828 6638 8187 7417 1828 5170 7624 4900 2515 416 3645 5437 3670 379 1677 7859 7953 9847 7138 5916 2989 4617 7289 2383 8075 334 3916 1057 5657 63 9617 4525 2130 7443 1985 4873 7050 3397 8027 8583 203 8776 5417 666 4553 8760 2756 1418 2845 3555 9444 6825 2000 8423 122 5734 1414 9918 5794 1874 2061 1176 9075 5986 2502 1623 3209 7396 1027 6721 6292 1989 930 9073 978 194 9 2255 923 877 5138 817 3804 1091 7913 2290 7254 9980 7300 2323 2903 7603 6370 655 2730 9735 2439 2275 5227 6464 8135 2973 4349 6454 9504 2308 5519 8334 7438 696 3180 662 3145 7660 962 1908 6577 3473 646 3593 2973 629 4197 6812 5536 5836 1230 3717 3533 4957 6159 9750 4621 3297 9725 3121 4527 6407 8984 3446 575 1692 6589 539 665 8105 878 354 2943 7005 624 4853 5626 7612 7843 8725 1150 136 3591 147 7329 3856 7805 1742 6910 9382 2780 9103 84 693 533 7313 6100 6162 1048 2406 5291 7570 9960 2629 2140 1229 7581 2472 1779 7441 8457 2149 9445 4746 6126 7211 4699 5617 1181 4816 6065 6227 9473 7480 9594 2483 3006 8537 5334 1106 7588 733 5639 1166 1065 4519 8400 5033 7509 3897 3439 3979 2639 8246 4060 4170 745 7363 4770 1050 6519 6468 559 2144 3062 5604 9191 2187 1227 3604 7005 1301 1769 424 1348 5397 4567 5231 1666 6153 2001 3618 9174 787 669 1598 1580 6225 7729 6261 2159 3426 3268 9313 735 453 5170 9563 1571 8212 9236 6891 1712 2065 4751 8961 7546 4768 1755 788 8218 4566 9943 2089 274 2816 7580 838 9389 9270 1887 3831 810 4641 7322 8320 9882 1627 3021 1412 455 5894 1985 2358 3000 337 8830 5951 1458 2406 366 2335 50 9095 8593 1271 120 3018 9314 5254 6118 4978 9161 1506 154 4592 6563 3577 4855 73 1135 3017 5051 9194 1946 1853 748 2522 8062 6345 260 8367 2886 4440 2719 9108 5269 3555 2051 7433 3800 2021 6736 1099 2793 3917 6183 9030 5317 3060 3759 4584 2400 1136 8358 71 5272 2343 7781 3878 407 8296 7687 2404 8253 5719 3036 7286 8429 6679 5961 102 950 2365 6386 7627 7158 2738 4842 8939 1594 7097 1034 4494 9769 7874 9936 9110 97 382 1562 5740 5585 5924 8500 6732 1850 5443 8607 6851 8288 6041 2770 9224 1589 6468 2084 3401 1159 5607 6939 9464 921 8367 5759 9686 9024 230 9299 9357 5471 3176 4197 1684 9989 7620 2947 2191 8276 2470 5520 4342 6198 8546 1655 7159 4059 5795 3792 3342 4838 8901 3233 2676 9737 7439 9959 581 7086 5014 5285 5254 728 286 2427 9671 4537 3282 3371 6550 1349 9078 6200 6836 3574 8138 8352 8732 7618 5234 572 7377 5530 7732 1045 343 6468 1 7529 917 2635 5000 7758 9241 582 3624 5942 7132 5750 1540 9300 5576 4100 4364 3246 4727 202 6425 4084 7390 736 2025 8896 8746 6171 1484 8718 8393 8753 1325 9774 7741 8256 4469 2071 6844 31 5757 766 3115 2981 1459 2359 8125 6009 5312 6668 1718 5929 7591 1100 4581 3871 2991 5413 4001 8065 8276 85 9683 7912 107 9869 8645 3827 6437 7367 1593 4989 8839 5866 7213 3948 7447 9660 1053 5772 1257 1111 2058 667 6251 2671 3146 3926 1149 5875 5775 7044 9430 5537 6764 17 1859 3935 7302 2062 2656 3816 1175 583 140 2083 4025 901 1576 9338 5377 1301 9425 5865 538 2696 8526 8630 2852 9789 795 1745 1707 76 6072 6491 1885 4820 9980 7196 5159 6808 846 5375 7439 1157 4821 433 9767 7223 2958 554 6272 6956 9390 7626 8030 3129 2040 1528 395 8491 9649 8055 5518 4193 2531 2619 3149 4057 2991 2283 9744 6440 1302 1494 1928 270 394 1034 8432 3593 1136 9027 5843 9081 8617 4962 8718 5908 5921 3246 2167 122 7783 2783 7007 6492 1871 4616 2196 3144 1764 4772 3593 4936 9218 5413 5882 3468 6722 6953 7323 1829 8231 430 1425 7700 4154 2152 1795 5042 5265 8384
588 783 95 39
143 333 6160 1733
322 656 6750 695
76 485 5804 1990
293 823 91 2
304 642 16 7
43 913 3045 224
313 565 21 15
271 274 52 11
73 89 8684 7249
195 601 7099 2832
66 299 70 21
474 776 87 54
328 477 33 23
270 970 1709 158
684 901 8145 771
313 780 35 9
209 657 8121 8024
546 697 16 7
88 828 9017 7615
61 648 4317 2870
142 876 8357 5075
168 550 4513 4002
468 828 33 19
339 958 5609 4920
494 810 61 26
684 742 7619 5285
304 419 20 2
403 953 9666 4106
311 879 46 7
148 427 1 0
263 601 32 13
1 162 2177 2015
1 964 57 55
203 783 96 81
152 465 8619 6694
14 136 6 5
563 725 18 14
765 832 4308 2294
552 820 29 4
663 942 996 190
76 518 5275 3954
114 756 2 0
194 509 1893 756
276 871 30 28
35 35 90 57
360 650 24 8
424 723 70 9
273 446 77 2
564 830 64 33
619 717 2180 2079
618 921 21 19
169 717 72 22
147 578 91 73
60 845 69 45
513 694 98 40
100 287 3982 2864
749 772 6 3
298 364 9936 6804
792 804 5450 3809
157 509 8655 6658
66 698 92 74
366 546 71 38
781 887 63 15
191 404 97 16
293 317 3647 959
2 649 71 3
280 650 50 31
507 965 4300 746
157 549 74 69
259 386 15 7
436 815 4384 912
137 490 2815 1839
367 442 56 23
584 811 9699 3831
25 610 16 8
35 965 53 41
125 503 8646 3790
487 749 18 17
99 134 8048 1535
246 276 9 7
194 864 95 37
376 857 3436 1958
529 605 74 59
442 843 730 235
223 362 31 21
106 196 5159 3050
934 971 9277 33
183 596 1278 809
144 469 362 68
14 827 5684 5105
676 960 56 8
228 393 64 52
312 838 69 56
77 949 852 280
26 126 53 47
526 841 8903 437
325 703 3065 2516
374 582 5955 462
201 278 46 35
757 877 5144 2198
13 722 71 60
165 952 2304 1361
175 975 9 5
391 927 75 19
15 741 16 15
393 709 79 15
623 785 18 15
352 965 8038 2611
427 806 998 375
17 839 8 4
386 698 93 40
532 653 2243 1538
520 832 43 14
145 211 6885 2676
170 437 3608 391
445 655 7579 7007
296 711 4916 4811
256 332 9049 5002
155 421 37 35
323 526 54 46
648 804 2908 838
414 821 1941 156
152 257 6156 5024
531 735 85 72
430 768 38 18
772 896 1188 886
62 698 6512 2651
316 504 38 14
434 991 96 63
411 620 5322 3939
426 779 44 34
403 908 11 0
380 393 2530 715
61 791 3651 939
194 987 68 58
143 901 9894 4862
72 840 5811 340
372 763 7933 2708
300 385 4531 4489
331 689 83 54
539 625 90 6
516 869 5 3
373 378 47 12
96 879 9674 9318
145 936 3159 2809
203 887 9057 4537
