42 468
9170 5725 1479 9359 6963 4465 5706 8146 3282 6828 9962 492 2996 1943 4828 5437 2392 4605 3903 154 293 2383 7422 8717 9719 9896 5448 1727 4772 1539 1870 9913 5668 6300 7036 9895 8704 3812 1323 334 7674 4665
3 26 55 18
2 38 324 46
29 35 3711 2219
5 41 73 66
21 23 2300 688
9 26 1707 893
18 33 7118 1521
13 24 6590 5579
1 9 4 3
20 35 2013 1872
36 42 70 9
16 36 6943 3264
18 33 6451 6232
37 38 87 46
16 39 3401 692
33 42 6889 2645
8 30 39 11
22 38 50 48
27 42 202 5
24 32 56 0
1 15 5498 4793
9 35 6164 2285
10 11 8851 2530
1 9 2234 752
19 29 9390 69
5 16 9911 3600
28 35 67 57
1 12 9 1
22 38 7882 7514
16 24 7678 2213
31 34 83 10
11 26 67 38
6 38 7298 1141
13 15 41 34
11 13 5026 843
12 13 96 56
15 20 6459 2706
11 18 62 46
21 41 4546 3975
30 39 6253 3659
33 42 3660 223
40 40 37 9
36 39 8213 4414
2 25 9414 2440
16 19 388 15
23 29 5295 5162
27 35 37 27
3 17 96 38
7 10 94 69
16 36 4399 3581
14 24 3983 1225
16 34 25 19
12 18 7173 6555
16 34 9984 8408
15 17 18 16
2 16 1753 75
10 17 7815 4992
30 38 51 7
4 19 2 1
9 28 6847 5682
8 16 56 51
14 14 9984 1487
1 36 8518 1852
14 16 9851 4670
11 14 14 5
9 28 11 4
6 20 15 2
10 23 9 8
4 16 4 0
16 37 34 1
10 11 70 63
30 42 8446 2469
10 27 9683 2260
13 34 7464 1271
6 30 5518 1760
8 24 3057 1526
12 29 8081 1933
10 22 3807 1244
1 28 66 38
1 8 9124 7007
10 28 908 308
34 40 76 61
7 23 99 89
23 30 5432 4319
23 41 97 8
3 36 51 45
7 12 5085 3201
15 29 4775 4443
25 36 90 14
13 15 8587 4198
8 34 86 26
5 6 41 2
17 31 57 56
1 40 1383 303
33 41 15 7
23 39 7760 4537
2 6 50 12
1 26 35 16
1 28 40 9
11 28 3872 1223
1 34 1758 234
17 40 100 78
27 33 3366 2339
28 35 4105 2118
2 6 29 13
5 28 29 21
35 41 67 56
20 29 8407 3907
17 32 3489 1871
19 28 2127 509
29 41 4997 3711
1 37 93 92
15 31 9468 5281
29 35 7911 7821
3 20 9794 445
11 25 457 288
3 21 63 25
11 37 19 13
34 41 5859 3234
12 35 1899 1270
6 42 16 2
14 36 5673 4350
12 40 18 3
22 33 438 161
12 25 2869 321
19 35 9695 380
2 37 90 1
26 37 7530 7408
19 25 54 2
31 37 2803 1128
6 17 27 20
5 13 44 37
4 13 54 40
13 23 60 27
9 13 90 44
24 28 4083 122
19 35 88 10
1 7 8346 5276
5 10 93 92
7 19 9 1
6 42 6960 5685
1 9 11 3
8 42 8669 979
34 35 5334 4665
6 20 79 11
1 35 4727 1263
13 37 8239 1919
10 27 27 1
13 40 94 1
7 22 5889 4898
4 35 7170 1858
19 29 7497 1555
35 42 48 45
17 20 66 48
25 34 2136 724
16 20 3950 1347
7 18 13 0
17 23 6 5
9 18 1355 615
14 29 4849 958
12 42 1155 732
10 23 21 11
29 36 6725 5318
19 22 338 2
10 21 3262 2782
3 42 3787 1770
8 27 17 4
6 41 5680 501
5 41 7906 6849
6 7 5422 2757
26 31 9056 4290
19 22 86 11
23 29 42 3
26 27 35 28
1 8 6620 2201
26 34 91 36
27 33 19 2
6 27 32 26
10 32 88 38
36 37 6586 2305
1 33 67 36
6 24 62 29
4 7 16 3
16 19 6450 3136
4 7 26 12
1 31 1095 1025
1 31 82 11
1 27 2902 1308
16 28 8552 5015
26 27 61 55
32 40 9897 729
30 42 2347 1651
33 34 100 1
20 28 51 18
21 34 93 86
3 30 6809 3192
14 26 8652 2755
30 39 95 60
7 24 4 2
8 34 2643 583
21 23 2627 700
13 16 6153 3506
17 19 40 33
10 13 8767 4690
7 19 3 2
32 32 7172 4871
2 8 60 29
9 11 1314 750
10 37 2643 59
19 24 8674 1990
2 17 71 49
20 30 15 6
14 38 84 42
27 42 4460 308
20 25 34 31
14 20 74 65
19 22 34 13
13 15 99 69
24 27 29 22
11 18 4462 4194
4 8 6 4
2 31 1880 513
14 31 1534 808
20 24 7519 4354
28 36 7721 1532
24 25 87 14
20 26 9505 672
24 35 66 13
2 40 1048 971
12 35 4486 2546
13 14 35 33
4 10 85 3
34 41 37 1
4 26 5619 5414
18 38 20 18
19 42 16 12
26 34 36 16
16 24 100 19
2 32 26 8
4 40 24 9
8 25 8747 1010
2 26 1905 1736
5 15 6421 692
28 34 54 0
13 24 4707 2140
12 19 5137 5007
12 22 2956 889
9 19 48 0
21 35 1641 570
13 23 4369 1888
4 31 3337 539
9 24 49 38
20 39 12 8
6 21 4860 4268
33 36 8 0
8 37 4307 216
9 38 55 21
20 33 47 21
21 24 59 43
6 32 52 36
4 24 2564 354
16 17 6650 1389
15 41 3958 2284
9 26 70 1
13 41 82 54
22 25 401 115
4 24 1969 1090
4 10 8248 5273
19 35 5 4
11 23 2280 511
9 10 54 11
23 26 3156 1644
4 7 100 99
13 16 7222 1612
1 2 9562 9384
5 18 26 3
3 6 3544 3286
16 25 4180 1075
13 15 54 47
4 36 32 19
18 21 9378 3467
21 35 7139 2630
18 24 6046 832
7 11 12 9
23 32 9845 1505
2 9 87 21
24 28 76 4
4 22 9636 7736
12 23 89 81
7 34 2157 236
9 24 53 8
13 38 6504 2989
13 19 9246 6279
5 17 93 30
17 29 1852 40
29 30 53 8
19 36 9033 1081
20 36 53 52
1 39 92 59
9 33 28 7
6 21 64 25
2 24 6801 920
8 21 5644 3408
14 40 8 0
12 40 4681 1878
2 27 83 0
11 32 41 22
13 23 32 10
10 36 97 45
24 34 52 14
35 38 11 2
4 25 7100 3082
3 18 21 3
5 33 6352 5051
2 14 31 3
21 29 5907 5895
21 34 3741 1217
6 20 2634 148
21 42 25 9
24 28 9 3
30 41 67 19
23 24 4276 2136
28 38 81 28
19 37 5162 4750
12 13 46 21
30 37 6834 3381
11 25 5891 568
30 38 322 234
30 37 2723 2127
6 36 16 9
25 36 39 16
3 23 6891 6318
18 41 2147 1131
14 18 3433 1880
31 40 8144 1025
18 36 2200 997
30 39 9403 4133
27 36 97 63
29 33 72 17
23 38 3 1
29 38 56 54
27 28 3907 1322
2 37 6968 5240
25 41 4178 2487
4 27 1027 610
12 36 2679 830
2 11 42 29
16 24 2537 1456
5 26 9256 6561
17 19 6606 2215
1 28 9101 2928
14 41 46 18
1 40 5841 1808
4 34 32 27
29 32 8283 7081
17 24 77 20
1 23 42 12
33 37 61 59
2 15 77 0
6 25 4814 4662
24 26 6939 3795
9 37 51 16
15 17 4430 3843
4 21 86 17
6 40 4381 3068
18 38 18 3
11 29 8801 7026
9 11 6853 887
21 32 308 163
2 14 41 25
1 28 7041 4325
7 31 9220 6786
10 29 37 23
24 40 8440 5488
11 41 21 12
12 20 2 0
12 38 55 14
18 34 4426 158
24 40 5393 1190
27 32 46 23
7 11 15 13
4 7 633 586
28 37 6166 4412
18 20 37 4
14 15 1144 945
15 15 6149 1647
4 21 81 17
6 8 74 48
13 30 9168 3168
9 11 57 41
4 33 67 33
4 16 93 35
14 15 49 21
32 34 8060 1101
17 34 55 35
9 33 4 0
26 39 99 91
10 39 5402 1736
15 15 12 9
33 41 27 24
20 22 3066 468
6 23 1 0
5 30 1949 763
3 14 63 31
7 38 2950 830
16 26 9827 48
34 38 30 7
34 39 9105 2507
13 30 49 7
15 23 72 64
6 40 73 4
20 37 5031 4379
4 21 1845 374
10 37 8889 7846
3 9 97 28
30 40 1732 952
3 23 11 2
10 34 5503 3403
16 31 3133 465
22 41 2644 1969
7 26 6891 5885
2 6 84 27
13 24 81 26
22 25 4342 2133
6 12 17 11
36 42 12 6
6 23 8404 6953
13 25 2 0
20 38 6436 468
11 32 7999 2860
12 13 85 29
25 31 1309 314
25 30 60 32
13 37 4898 1906
29 32 3464 2293
2 38 9587 4148
36 40 605 211
27 36 5916 821
1 39 2883 953
19 40 5910 2688
12 15 5166 462
6 24 17 9
20 24 26 19
23 28 88 43
20 33 19 5
6 23 9 4
6 28 7918 7844
6 23 9815 2242
30 30 55 8
13 27 6 5
18 25 53 7
1 4 88 0
30 40 9636 7845
1 20 7841 4534
3 15 8270 3347
12 42 42 2
4 15 2852 1026
7 22 80 55
4 11 7466 136
33 42 99 96
33 39 12 10
3 42 292 169
10 14 9996 1970
5 14 5975 3445
11 11 99 54
32 35 6649 354
6 22 61 56
5 11 5404 5193
