31 63
8321 13922 24712 6057 9916 7313 20627 14331 27559 30317 31340 102 31684 22586 13272 30696 26920 22154 7856 23114 23692 8964 25233 15103 15522 26211 11988 20303 24485 31682 6337 9141 31540 28950 10751 16517 18016 28924 13135 465 516 31157 14203 9870 23381 1390 648 23283 23737 1989 16691 16930 24797 25738 11420 17162 15361 17346 7740 7308 3991 26354 8220
1244 31757 25498 19785 22571 9447 26367 5763 6787 15120 26413 16181 20722 370 25917 9898 30186 32708 9428 12669 3304 22435 31980 26449 6484 28645 9687 6339 31912 27178 10368 8605 32725 5811 21237 6988 3043 23160 22050 5013 21975 15220 28895 7043 473 1860 19502 17060 406 18416 27837 21109 12772 31497 23987 24090 31652 16116 30889 31314 31725 27269 28405
12715 30567 17104 30767 2290 7412 17211 18926 10222 23446 11224 15571 31310 20365 18930 17097 23775 2751 12006 4746 11010 15453 18740 11366 16478 31684 5078 7232 17106 15009 20433 7385 18605 8793 31753 81 12066 24744 32601 490 13558 10120 14563 25872 11644 25684 27301 1430 24515 29229 12878 15683 26126 19357 1103 17037 8580 32634 23860 25764 5673 27917 7477
18610 17165 2932 16904 3169 19140 16453 29434 29087 21 2420 4926 30622 10998 32375 20101 1310 6585 27815 21455 2030 21120 4842 12928 11696 30966 16527 3510 6622 15425 23417 6618 15626 24882 4480 6261 12650 15551 14612 17989 16531 12980 9507 28561 30341 3237 28733 7865 26088 15655 759 6417 405 25408 22925 7663 12120 8731 19659 7171 30708 8448 25133
20711 30824 18308 26437 1783 30833 2557 23645 25955 19024 23097 29278 1667 22477 4208 8176 18538 124 24694 4579 3005 11583 12085 31438 21702 15628 23643 1525 708 12017 21584 29040 4485 11605 32363 5002 6455 24192 23397 20328 124 7774 26638 15595 5308 1407 6206 2006 31935 24931 32271 18996 14715 501 29001 26100 10538 85 19230 8663 16544 25306 2584
3468 28380 16984 29263 28953 24285 21662 32223 19324 2999 67 12697 9362 23269 23971 10745 13881 12513 18724 29784 12465 13298 27326 2147 7753 12613 22202 30156 10807 22592 11193 6720 20167 16403 20985 29592 11960 27536 16340 25171 7650 16188 26505 28740 7453 7590 12863 28552 19807 7671 11335 1467 7716 4299 18082 30571 15123 18239 20931 18381 31966 20555 5525
175 24938 8275 10944 13998 20272 22264 31017 7593 10211 5940 32695 16758 28242 9638 18781 14035 913 16682 13141 22687 16211 27053 26793 25930 26523 2368 14072 4234 19348 13162 8311 23887 1468 28355 20278 21498 10568 15550 19877 26825 24261 21447 10326 9878 13307 16270 23812 29122 8982 23458 15061 30572 5384 23617 6108 7398 25385 22895 32738 873 7200 4165
16486 29703 4103 20108 30178 18402 26570 15498 32336 8348 19408 31004 29933 1294 24030 15365 6973 13885 2616 29318 21327 20617 29705 2607 3906 3368 260 24052 23048 14291 18508 31107 23914 11455 26769 9941 2380 29391 2428 31235 16435 17928 3150 20316 11524 9797 12228 28596 9743 15916 11069 20222 16715 13920 1310 6430 32227 18680 10358 248 9970 10545 32222
1485 21387 4959 2980 8903 10237 6442 24872 7378 15445 32246 20869 25262 19492 14243 16756 13122 4994 26487 3182 32308 32082 24408 17681 12982 1736 1855 21701 28835 31785 14057 16031 20426 29394 22480 2438 12682 9340 25433 5524 20639 4030 4431 24766 827 467 19088 32440 25432 28062 13318 18451 20813 13291 26073 1193 1184 16632 8931 5434 7964 9012 9317
24663 30243 32582 19960 1663 1605 1361 24006 8585 17681 19319 27897 4929 17706 12700 21620 10070 24734 12908 18881 3188 23924 17823 18507 26797 16516 14203 6862 3357 17036 6555 6411 3278 7039 12528 28096 15065 6176 1285 30935 21454 11728 29831 8670 22102 164 29444 11959 20247 4027 21491 29329 7128 31695 18165 26903 27110 7177 26970 4582 29622 21786 4327
8261 16843 26247 13270 21264 29402 8772 4639 2294 20269 17029 1014 25829 11077 20945 4501 5825 24003 22872 14395 7260 19593 18822 117 3747 21788 20696 18844 20245 5196 5359 28319 10618 20760 483 10242 15825 3788 9177 20263 18058 2668 16088 26317 3829 10069 6360 3286 11771 3874 10780 14669 22796 2253 10178 28327 25432 19222 7321 16201 15682 20009 1074
19531 2065 24699 7226 8572 4585 757 24582 4774 19963 20564 25200 32275 7416 29648 31202 6223 31179 29435 29360 9520 24199 20205 15275 16916 30110 16542 16627 9578 27477 5267 26892 30580 29556 27069 26676 10314 22338 22430 24052 26403 8112 16301 28918 7888 12245 19964 23830 7049 25498 27928 10171 15852 1719 12592 28264 24387 14302 32378 910 19206 3125 28371
19877 29089 1802 15014 7290 14454 14787 10510 26827 2854 8211 19263 12817 4620 3188 1826 28317 12811 14545 13631 16870 14730 20354 21984 27938 24252 126 8563 11795 29477 30412 30769 36 28762 16955 29949 29620 16904 2387 10127 4018 28983 6027 14801 29034 5328 7101 1161 7838 11101 10966 22329 15833 16913 23250 30531 10496 3336 2536 6737 3626 21711 9729
24564 4785 23847 2159 3724 11402 10502 14812 5991 9681 16351 12928 9773 32424 22563 27288 16251 8514 2824 20243 13006 7227 30089 28302 25507 22315 27310 29314 11740 30074 6925 14524 26982 23414 21905 8462 20761 2466 17786 25413 20703 16977 20901 346 32537 11636 270 10733 17726 28337 2195 7918 31685 25013 26107 29854 32070 28874 11318 15542 29916 14764 25830
29157 27597 29848 11039 14208 23149 20903 25451 16758 16447 16474 13586 30850 1886 21878 10392 11940 14107 17170 3974 30673 14824 5870 6510 31466 14965 13062 14889 20203 23576 13415 17763 14437 21106 15426 25434 23342 7248 20287 17122 13398 26063 16147 11437 28766 21956 21077 23497 29093 19034 7821 16234 6947 18685 18575 2538 13145 9591 7943 12558 29576 9305 17236
17291 5922 7325 21658 14280 32638 23689 20754 6118 16335 21975 8613 12030 9559 21778 954 7081 4056 18499 17740 27590 11852 22733 1855 9591 29653 23702 31220 24941 22775 25191 18459 23142 15621 23958 9160 5619 31705 13538 10697 2687 3016 14494 3896 26253 14294 17426 19788 23873 18981 3614 16244 7202 15028 27936 26535 19998 13894 4632 19701 20431 4511 32522
10339 30972 31990 15524 21493 8035 2984 4897 12300 14005 25642 19053 29426 12771 11329 13706 5812 2456 1397 3378 22832 3078 11715 23998 622 23014 6290 3142 25908 13498 5096 14090 19924 598 19934 29968 21321 10654 20049 14607 16002 11409 14555 23436 31742 9095 27393 4163 19353 32182 19118 19144 8870 11003 22753 22126 29757 4824 23714 9576 21462 31929 14906
6958 9751 19835 19107 22051 21483 15918 18238 15476 13268 28698 7620 20547 7554 513 16511 3845 23460 2724 18106 24616 28670 7304 29046 22265 23996 14074 26718 19398 28166 18513 17149 4159 8916 9587 12847 17186 19460 6811 24021 1816 29354 31065 19149 8410 3751 18394 23842 16535 14973 30057 19071 31386 22881 14390 4330 13096 25490 30806 17838 423 19690 27660
20633 20230 14770 18759 26472 13144 30139 12395 23936 22210 25002 13396 7135 22936 19092 9113 21841 1987 24523 30477 19175 23398 15095 2444 13477 4801 11880 31988 8827 23893 19882 28785 26999 25672 25690 27646 28984 12812 20281 9512 30118 15676 27519 277 4320 6854 4210 30662 8566 6991 18230 15513 24793 22483 13543 20498 15887 29068 27365 24282 20651 2326 4463
4616 30717 12496 8308 13472 31366 24197 6821 21081 14766 8268 32463 13220 19898 6316 25448 23273 7672 1540 28776 26388 18748 22826 11098 32592 29328 8019 18866 11282 17960 17203 32097 16730 19092 26981 28583 15926 21049 27660 24104 17799 8450 14779 3651 5127 6739 7058 2719 6027 2879 9898 24326 2950 25850 23732 18039 16079 31633 16348 32630 26276 7384 24052
15015 8942 5028 5838 22427 6086 27451 8681 25578 16441 1801 5968 4226 24136 25237 32704 4414 11315 3507 12297 6843 13048 14586 29622 29287 27158 26232 19184 17626 1174 4773 16288 13930 3916 27030 5588 25081 17499 23667 23396 14866 14327 11051 6869 53 17007 13926 13693 18030 19306 11708 10472 12076 23152 28196 17275 24401 4269 9391 3159 22150 28658 2422
25217 8657 4861 18128 5951 7273 15098 24777 1989 13001 22090 12496 31248 23555 25730 18864 16659 15703 23479 22466 27665 11268 29433 20832 1354 350 30237 2972 9177 29985 1728 1842 21725 29189 28296 2492 8151 6290 26285 22309 10835 25654 30904 8032 16075 9877 23691 29786 15048 19744 30626 23597 10314 9449 24984 21398 1642 4277 4589 21673 1342 25939 6918
13763 14589 24621 5749 29889 2147 27677 9851 17007 23127 10370 12491 25155 18124 26258 13969 12876 20197 4338 28083 28517 24668 12676 32599 2478 10276 2432 4005 7485 30797 28614 29390 25360 17705 26994 13133 11846 32173 12465 19821 18831 17177 7636 17419 18658 17372 9891 29341 9070 15793 26612 16499 10706 27407 28028 6461 11408 24512 11236 20174 26303 6351 24863
18463 257 17320 20220 8599 16565 123 1015 8841 14190 9185 9813 11263 1699 15298 30064 1206 2984 23414 30031 9833 2012 29482 30841 28754 6437 13958 31755 25327 5785 22157 2569 18690 9598 4804 5618 29147 6773 26006 1943 24793 31474 20471 26668 5679 13039 2120 26016 21732 21218 4218 8234 2590 27116 30583 30245 14751 20563 18877 16925 5008 30258 30028
16170 6013 2671 9411 1916 26786 3566 21958 24888 14181 9988 11938 19843 25635 18735 22324 3547 16175 1284 22791 5038 2584 5224 19132 3621 7723 30467 19119 2625 23609 13042 3287 22826 18843 3516 32750 12484 32370 20872 19922 14978 18739 29325 15148 1151 11108 10441 10831 2251 5024 20982 17763 16130 30945 12218 5058 27684 15103 22046 32418 9376 27763 24129
2293 13490 26977 12622 16013 25327 24534 32683 7812 16671 11598 14451 1243 32586 13689 5415 22369 29974 5694 3488 31190 21840 23809 18504 19793 16328 8481 23178 16095 9570 10181 28039 10605 12906 29913 6923 3816 13096 27987 5823 27810 9908 28347 30624 12024 29708 32746 13743 2098 30052 32530 12266 11946 19901 28926 20092 17969 15545 21915 5425 30894 25774 9656
14892 520 14073 24074 5340 13126 31381 15219 31020 12533 8428 3203 21242 28874 23788 15424 5579 14985 12382 31266 21693 12325 25459 9058 5821 8489 6816 20853 15097 11606 32428 12755 408 31374 11016 2812 3241 497 22110 4797 27994 14405 26988 31151 4459 5531 30739 20482 9442 16431 20651 10104 15359 24209 5530 5812 22898 21762 5413 437 9420 29217 21382
19358 25908 20167 31550 21944 5211 25903 10156 28601 7602 9050 15839 7495 7642 31921 18345 21688 13915 16109 1268 6940 18842 11828 10073 8573 13061 11396 27631 18277 20369 28757 1889 9889 27238 3706 6212 3141 25048 23369 5031 752 6298 26363 24555 21073 1838 6486 4565 6122 416 12425 32737 23828 1396 10071 8153 20036 9181 18039 25255 30604 23600 25915
616 10853 31383 7537 30401 28843 20234 30343 886 12521 20603 19442 5432 26583 81 29391 24767 6945 8728 25291 30745 26986 7031 26177 19010 23441 4194 5539 16628 23347 3984 8731 28864 29297 25392 13170 3934 14579 23000 23856 9282 4652 7102 28421 10095 8416 24618 9319 656 5092 5931 30589 10309 12326 23434 6972 13755 15341 16636 24784 21119 12129 21147
3133 17044 20045 21911 23622 24259 3876 9257 18830 26418 29506 13513 16637 25656 13429 8609 23909 2416 27580 17473 25701 20236 5454 14740 2702 13676 5598 25107 17093 26352 9502 12856 7400 11274 16770 26422 30645 26007 4422 29671 2535 367 21682 14854 1697 7482 19869 25502 24848 19334 16432 28866 29517 12055 28908 19839 3200 24702 17390 1039 10827 20974 24946
24399 24934 9546 919 4468 14726 10370 20834 13049 132 27680 27396 11739 22715 10270 2912 26889 1714 25339 25288 18454 16891 3854 3847 21298 3418 4633 21669 7000 23082 27425 32102 11977 31485 27261 20 12728 10627 12334 21886 28487 9133 25710 7873 30386 9233 24203 198 6346 14737 11766 22796 22950 16951 14743 12200 10901 3428 26980 2698 86 26922 3634
