38 41
7926 31691 22146 2412 9074 2368 6053 23225 32169 27521 3184 24306 10605 7722 13528 32202 30965 20128 23685 6360 14795 32093 1750 22416 8422 18824 23589 28530 16914 6857 31820 15489 5785 7515 23143 15863 22300 17507 1500 19255 11458
18048 1177 5379 32149 18595 8861 18159 22568 11041 23226 23829 17021 11526 15513 523 28711 22957 29694 2322 9132 29837 21837 22672 16173 22358 4942 22721 18505 30269 557 15017 25406 32403 3013 11085 2385 17309 14621 18210 32369 28064
30003 25030 18967 7995 27897 30190 14192 1273 12446 20896 8382 807 31246 21154 2556 30179 15548 18226 20160 14198 25247 18167 26470 24804 23162 6200 2411 30913 23393 30028 10007 1093 377 18001 4703 11939 10239 8993 18185 31383 9356
12674 8209 12862 18327 13213 31820 2347 17979 23218 5707 9399 28986 12809 4994 32408 23875 13868 3753 21942 24688 27731 8547 8506 2323 3616 12574 14823 29106 7564 826 11693 5712 29986 23661 29051 3822 10347 12134 25942 21330 18601
7856 24232 27655 25031 21978 11482 13477 17297 32213 19492 4947 27425 20637 15012 18825 8345 4123 9134 16923 7448 25675 21860 115 19686 25754 13446 5405 498 20626 8843 15242 10879 15288 2544 1293 24602 12469 1232 13610 25295 4021
20917 13072 21660 11277 2734 13412 18726 27936 21153 1344 32171 30339 27875 4476 19768 7007 29446 4908 13596 8471 7410 2665 32156 5419 20279 25173 23272 14941 25506 26457 6734 20754 24591 29361 12206 16122 3965 28459 14126 23027 12648
6955 16174 23083 13139 11251 28287 14213 10404 13857 23247 30271 29876 32633 9064 9937 23335 7653 9243 7448 27257 1978 21622 8883 29914 31037 10046 10414 2876 21350 32281 15453 11946 22500 1418 17291 11227 26208 3362 17365 21767 7942
12277 14672 3577 3650 24908 16498 24166 17863 12697 5935 32381 1750 24496 14690 4543 25021 2611 7279 1041 28318 5454 20006 15631 881 6309 31467 7588 2892 27019 7956 31703 25314 5493 26515 4328 24139 24750 1493 3484 23555 7500
31466 18645 2356 28258 7653 15461 15160 19319 24966 17444 601 22583 7446 21313 23004 25705 23699 5077 6463 10273 31757 9406 2750 4151 4688 27050 19228 12023 28355 8562 22175 9498 11920 13994 26461 5878 11525 32374 2230 497 21307
22942 1058 1595 2805 27621 2861 30909 22730 23959 17087 20812 24967 23394 5025 18723 24271 18534 25661 15760 18180 22159 8101 10989 11371 31011 11735 21458 6026 26007 16704 26761 24789 5799 7550 17090 19850 1446 15210 2440 29658 3602
28246 20852 10825 12139 28307 3361 1623 8517 27959 25055 11872 28061 5404 13484 705 1385 7468 864 25148 882 20444 24103 3486 4454 11255 5428 28318 9001 669 28340 17929 31853 13963 30977 1308 13442 157 19737 22065 11375 23952
21838 6303 11073 2317 27711 21467 5283 10723 26630 26083 28079 5013 26035 28892 9220 16660 26874 19449 19225 27853 9256 31648 17361 27110 31835 29896 591 8901 7667 12198 26123 24787 13636 19848 22565 16767 8077 22017 9210 31877 10286
20294 15862 24432 9749 13784 27817 8797 3450 5987 2076 31235 18892 21734 17253 2800 29675 20501 13433 8725 14487 2044 3650 22149 809 26852 16625 30842 16512 21370 29846 29081 20031 7982 4589 31351 27190 7130 19835 18779 13853 22180
26842 7750 9096 9765 7762 20528 23575 16843 27305 16277 31213 26747 10555 21040 9316 23163 13901 23559 25855 10896 2974 6567 18593 10851 2879 8113 8444 30249 27813 25493 31307 25475 32765 16798 6468 22435 15295 9263 5448 18609 18566
12364 25310 28269 32543 7003 25183 26133 3295 3628 18163 19849 12858 14648 27067 6573 20370 32294 23888 11279 13389 21140 21869 27594 25642 16403 14056 26026 18133 9587 25575 14224 30137 7490 6224 19224 7189 11663 27265 9082 7506 9459
17474 17070 30100 18643 26615 27092 2191 14559 22043 14546 21148 11230 9961 28991 12299 27054 11356 24704 11963 9862 28762 13616 7657 9087 25388 17350 20550 14419 20018 32369 17484 10852 24277 9287 9937 29952 23996 27551 25565 26339 26179
11195 14777 14589 12841 18859 584 630 19848 27757 9882 11760 18187 15449 28863 21516 12379 12733 12249 7983 730 14020 25205 7302 15508 8348 23324 7751 18803 17367 4900 4922 3250 10258 8140 30585 7827 7893 32137 17012 4693 16827
9626 30263 22624 7123 8674 13296 4292 581 4855 31147 25057 24633 23671 28001 10087 31220 27547 22833 3458 27460 19470 15597 27726 25887 32511 6360 30609 28295 18549 21934 5801 11440 26338 28133 30915 30309 26876 15411 14670 13992 5576
4944 10416 25241 6903 765 3383 1689 30070 28229 28754 11950 18497 22275 19457 11817 5496 676 11402 2695 3508 23598 6766 3478 27035 14209 24731 17113 434 23006 739 25644 6259 27557 30893 31147 2720 14179 32746 12497 22998 23051
7243 11997 17765 18564 5809 25210 25951 20068 4326 6302 31727 27132 394 22707 28908 10644 11344 19445 11182 28151 27242 13339 16161 13875 22337 13625 7191 22682 13674 30437 15843 19724 8149 24729 1315 27769 23368 30040 13533 18849 23564
4756 17870 1822 21479 5712 1022 20133 23626 12418 10904 19849 4298 25531 29177 23168 11732 30985 17415 10410 1949 27421 2756 11215 27993 3241 19747 4585 19629 28172 3610 30178 10598 17969 8696 12190 15723 25268 28153 25916 21744 25415
17943 16793 15085 17493 23844 29718 18895 31973 31510 23964 29805 13248 28066 3805 23357 20438 26380 31708 16840 26590 16189 2223 30811 21821 19222 21379 3584 28201 15876 24546 24236 11022 18900 1841 20922 15152 28873 21117 23704 19603 15852
8567 7617 2840 22436 17084 9195 6888 8326 24922 13697 4629 23150 27536 11347 13695 32719 22230 14733 31989 18247 25885 9701 8861 1399 20312 25113 16790 24849 31035 31641 18395 3378 4675 18816 16235 32243 18422 26057 12967 19259 28012
18112 12283 13783 15374 3254 12480 716 4510 22521 26465 8427 20344 15108 14525 19623 16151 7410 25805 9764 8154 8249 8839 28048 16904 24980 13058 22966 21267 9025 12250 15568 16153 14445 6358 27549 19376 17645 25800 6836 20451 9518
6581 9752 11640 4719 12342 30476 28533 22317 17950 31785 12770 10207 25693 26541 14031 29668 23589 10262 19609 17082 32587 20208 26986 29040 14319 23019 8191 25694 17247 4656 20910 275 5177 30197 16807 1167 8144 24655 28026 2483 6865
25416 20185 21493 26919 2098 27295 12888 17691 27195 20754 3740 25024 24385 29541 31921 3214 8935 29314 24178 4685 14312 19206 28560 27445 29611 652 19916 29267 26648 14894 20842 11310 8107 19017 18914 24747 24518 19329 29400 3118 25932
12549 13646 27650 20331 22548 2329 10747 11449 12481 2705 27481 24195 25587 6285 18160 18017 6831 3727 26246 29198 19098 28475 22397 14711 11193 4878 20146 786 15228 12108 25508 8817 28923 18746 1753 1303 1663 27022 14205 8586 31812
9252 15437 23722 14461 18418 25523 22848 26777 19262 3890 26074 1989 18446 3589 31959 11954 7393 2819 2750 4248 1436 4550 28372 18811 16583 28428 27117 25005 5369 28765 28546 10900 19089 18159 3332 22701 28071 4550 23408 32465 27715
21279 12068 20151 25804 21775 31217 17083 14531 16744 4977 5341 14257 28892 23450 9997 30301 13669 27540 16550 9795 9188 18632 17720 322 8456 20026 18570 7573 13681 16408 9183 15876 27925 15763 28793 29275 17891 1261 2908 7196 29095
15827 1620 11121 28462 15854 10809 10340 16042 31669 28274 23634 13655 9093 2488 12189 13407 755 28 4002 18172 15969 21068 28907 27612 1231 12818 16805 3529 13812 24605 24660 28553 11917 5892 27333 3843 12022 10120 31044 17316 4087
10778 6672 7169 14816 27037 8460 16062 4568 27500 8119 21166 20850 14495 6494 12859 31873 19594 18321 28169 26926 19591 723 25302 3655 27894 9109 26277 3034 10113 28518 20763 8707 9893 26212 25385 2562 2669 1270 20971 26000 27265
19901 30928 14452 14688 12231 30460 8273 27882 7430 15338 16066 4129 25857 18262 2472 8752 10186 8282 30147 26285 30000 18391 12160 2843 27701 10774 22034 17843 28355 21423 27844 20836 15770 28074 30350 27416 4237 17637 28646 13369 32494
24757 6872 7795 19527 27856 20825 17596 27978 31339 20953 21906 22795 23711 14871 29316 31341 9233 9273 10484 21978 32210 6684 26651 14136 31108 21225 6222 31768 31423 28393 14207 20016 22963 9626 7942 25099 30478 6658 22178 3583 18208
18755 6330 19808 6204 18288 27625 1011 6242 16031 30138 5541 24092 25663 27312 9853 30886 22700 16266 5840 19281 9473 32708 4020 14377 19246 28001 13238 24022 7242 19944 18384 27840 18730 2221 26773 22391 24882 31313 8111 25169 13163
8588 28043 22101 17878 2346 6995 23383 22272 4948 26909 15717 7639 2577 27746 8546 15292 6413 12977 27889 5337 5272 31908 26005 693 12785 9492 19222 5381 5317 2185 28966 21702 22003 244 7236 15752 26514 18849 9697 24845 31285
24423 11201 26898 18285 12578 20133 27501 26000 13411 17447 17496 2233 12901 16357 27405 21776 24899 30689 29843 9804 7529 18472 14551 28790 22344 14770 19966 7663 2383 28810 19962 3764 18966 17710 6747 7393 20188 3385 4712 19060 29235
22335 28527 31828 4858 7673 15193 26258 24460 13986 5505 3566 24887 32416 14791 669 23536 3175 32224 14409 22084 26523 14576 8026 23954 3188 18778 25460 23160 15975 11478 29504 2443 28163 24261 13680 27723 13849 28866 3837 18006 13343
4474 7859 31451 16342 30141 20976 24146 17963 22485 13993 20586 19291 278 11949 12867 22619 4534 26670 3294 22391 31455 16253 31698 9273 24323 28181 12352 21132 19568 10971 8200 28961 1572 8100 13629 19218 20194 22520 4567 27846 27269
