42 468
19 27 13 5 34 6 2 35 37 19 38 19 39 22 35 11 5 6 15 8 14 15 26 3 13 12 32 20 7 8 23 29 35 25 26 38 17 34 33 18 23 21
0 21 28 10
1 11 22 18
1 10 31 41
1 3 13 8
1 11 24 34
1 20 35 5
0 18 42 8
1 24 36 5
0 23 30 9
0 33 41 8
1 6 21 39
0 7 25 5
1 33 35 38
0 20 27 2
1 22 38 34
1 9 21 24
1 2 24 30
0 19 19 9
0 4 18 8
0 5 27 8
1 15 31 32
0 4 9 4
0 27 30 2
1 5 16 1
1 8 34 32
0 1 41 7
0 4 30 10
0 11 12 10
1 5 6 31
1 15 16 2
1 11 29 5
0 5 17 4
1 13 15 17
1 15 16 33
1 12 18 34
0 34 35 1
0 7 41 9
0 31 38 5
0 24 29 1
0 28 30 9
0 5 34 10
1 40 40 21
1 13 38 13
0 2 26 5
1 12 25 19
0 24 42 6
0 22 27 4
0 24 25 8
0 3 23 8
0 18 35 8
1 16 36 39
1 28 40 19
0 16 29 2
1 15 19 18
0 13 35 9
1 1 14 17
1 4 28 13
1 2 20 7
0 21 28 7
0 30 38 2
1 38 42 22
1 9 30 29
0 3 28 10
1 28 38 23
1 5 28 36
1 23 30 5
1 14 22 32
0 12 41 1
1 9 28 15
0 29 41 4
0 18 23 6
0 14 18 10
1 9 40 16
0 5 36 10
0 6 14 8
1 20 30 10
1 33 35 35
1 13 34 14
0 4 27 4
1 24 39 23
0 15 18 10
0 16 31 5
1 31 36 28
1 8 38 21
1 1 35 24
1 1 6 2
0 34 40 8
1 19 37 41
0 21 30 4
0 4 27 7
1 41 42 37
0 24 33 6
1 5 11 26
0 29 41 7
0 11 34 4
0 13 15 3
0 20 21 2
1 5 7 16
0 26 35 5
1 6 41 31
0 29 35 6
1 15 42 21
0 21 39 4
0 6 19 4
0 1 26 10
1 2 11 30
1 11 38 21
1 1 10 1
0 8 31 5
1 9 10 27
1 14 41 39
1 35 39 34
0 14 36 6
0 5 28 4
0 4 12 5
0 11 29 8
0 18 36 5
0 35 36 3
0 27 32 8
0 23 31 7
0 35 37 9
1 18 19 19
1 29 35 17
0 1 19 3
1 6 11 9
0 11 29 9
1 3 5 6
0 8 33 6
0 11 27 6
1 11 35 32
0 4 36 6
0 14 36 3
1 13 25 19
1 10 22 37
1 18 30 12
0 24 33 6
0 17 39 3
0 2 36 10
1 37 40 29
1 16 16 30
0 31 37 7
0 7 29 2
0 5 27 5
0 10 36 6
1 29 30 21
0 17 31 4
0 2 10 7
1 9 28 6
1 2 6 25
0 1 7 7
0 40 40 5
0 7 15 8
1 1 42 6
0 8 16 1
0 9 34 2
1 7 33 11
1 31 35 4
1 8 16 9
0 1 35 9
1 33 42 23
0 10 37 6
1 3 27 13
1 20 22 41
1 5 33 35
0 7 8 3
0 19 25 3
1 22 29 18
1 17 20 20
1 29 30 11
1 16 17 29
0 7 13 5
1 13 18 34
0 12 34 4
0 1 23 10
1 7 29 5
1 15 37 42
1 10 23 7
0 3 37 7
0 19 21 3
0 8 35 3
0 39 42 7
1 4 24 8
0 15 42 6
0 6 15 6
0 27 38 7
1 6 7 18
1 3 8 24
1 15 22 36
1 4 21 23
1 4 16 30
1 36 37 8
0 13 16 8
1 25 34 16
1 17 28 21
1 6 27 42
1 3 15 28
1 27 37 27
0 13 36 9
1 13 27 24
1 16 27 7
0 34 36 1
0 7 16 2
1 16 39 34
0 1 31 7
0 38 41 9
1 14 27 27
0 26 29 6
0 32 34 6
1 35 38 40
0 17 33 4
1 13 42 33
0 2 25 10
1 20 28 41
1 19 36 32
0 3 33 4
0 11 34 2
0 20 26 4
0 8 23 6
1 8 18 27
1 8 40 41
1 7 19 8
0 13 16 1
0 10 42 9
1 13 34 27
1 15 36 19
1 23 36 40
1 14 30 8
0 18 20 3
0 9 34 10
1 4 39 23
1 19 24 30
1 18 22 1
0 20 20 9
1 14 21 38
1 1 36 19
0 31 41 5
0 12 34 3
1 20 36 24
1 24 33 15
1 13 15 41
0 5 38 4
0 5 18 5
1 3 14 8
1 14 41 21
0 27 34 2
0 17 36 3
1 24 40 15
1 4 19 22
1 24 25 21
1 17 38 37
0 10 35 10
1 10 19 2
0 12 18 2
0 14 31 9
1 7 18 32
1 4 8 19
0 17 18 3
1 4 26 41
0 12 14 8
1 19 42 4
0 5 7 8
1 17 26 25
1 1 11 32
1 16 38 17
1 4 37 4
0 21 42 2
0 2 26 1
0 8 18 3
0 29 34 8
0 34 41 6
0 5 11 10
1 10 39 22
0 15 30 2
0 8 9 4
1 13 29 24
0 13 23 1
0 22 24 3
0 24 27 7
1 23 36 39
1 32 33 5
0 6 33 9
0 28 38 4
1 4 37 28
0 6 12 4
0 20 33 10
1 16 28 9
0 8 32 2
0 31 35 2
0 23 28 1
1 6 15 15
0 15 42 2
0 21 26 2
1 2 42 26
0 22 25 9
1 24 40 32
0 4 28 5
1 29 35 19
1 1 33 40
0 29 42 10
0 12 36 10
0 14 26 4
0 4 31 7
1 13 16 30
0 24 27 6
1 5 19 40
0 28 29 1
0 5 24 2
0 17 35 6
1 22 40 9
1 36 39 20
1 12 27 31
1 21 35 25
0 3 40 2
1 11 41 34
1 13 27 23
0 13 38 8
0 6 8 9
1 20 36 18
1 22 40 27
1 22 42 5
0 7 34 3
1 3 32 24
0 8 38 5
0 5 12 1
0 4 26 7
0 32 39 3
1 6 33 5
0 13 30 1
0 13 39 2
0 20 36 4
1 12 19 13
1 24 33 24
0 16 25 1
1 4 8 33
1 14 20 21
1 24 25 24
1 14 25 27
0 3 29 6
0 2 27 2
1 12 40 23
0 13 30 4
1 8 38 10
1 5 13 37
1 23 25 35
1 3 38 14
0 4 42 4
0 2 7 3
0 5 33 3
0 16 26 2
0 18 21 7
1 11 16 34
0 29 39 4
1 4 11 42
1 6 35 24
1 28 28 28
1 19 38 13
1 23 24 18
1 36 40 39
0 2 19 8
0 11 20 1
1 18 34 19
1 19 37 11
0 13 31 10
1 9 38 39
1 11 19 17
1 6 36 30
0 30 34 5
0 3 32 2
1 15 32 41
0 3 7 1
1 17 37 40
0 15 16 5
1 18 36 28
0 9 39 2
1 27 36 13
0 17 21 5
1 18 23 8
1 14 37 29
1 4 41 4
0 11 29 9
0 5 22 8
0 13 41 2
0 10 21 1
0 12 36 1
1 13 19 14
1 24 30 19
1 9 16 26
0 36 42 2
0 12 32 10
1 5 37 35
0 3 14 2
0 25 31 6
1 4 34 18
0 12 33 4
0 24 41 4
1 18 41 23
1 8 13 26
0 9 20 4
1 28 31 27
0 6 22 4
0 19 27 5
0 9 37 8
1 15 20 28
1 21 24 2
0 6 25 10
0 15 16 3
1 8 22 29
0 1 5 5
0 9 32 5
0 17 40 8
1 2 14 9
1 12 33 1
0 7 18 1
1 11 17 29
1 15 38 30
1 3 32 11
1 26 29 37
1 20 24 1
0 12 28 3
1 18 34 18
1 5 42 4
0 1 32 1
0 15 22 3
1 17 41 18
0 20 28 7
1 12 21 26
1 18 37 26
1 11 29 4
1 15 15 31
0 7 17 7
0 6 30 8
1 21 21 30
0 1 8 7
0 10 21 9
1 5 8 4
1 4 13 42
1 32 34 26
1 32 34 22
1 5 16 11
0 25 33 1
1 2 11 39
1 20 27 2
0 1 10 1
1 14 18 38
0 31 33 1
1 22 25 12
0 6 23 10
0 20 25 4
0 14 39 3
1 20 38 38
0 41 42 3
1 15 33 34
0 2 12 7
0 2 34 3
0 18 22 8
1 15 23 10
0 19 21 4
0 28 37 6
0 8 24 6
0 5 27 7
1 9 14 9
1 23 34 5
1 6 30 29
0 2 34 8
0 10 34 7
0 12 33 2
0 35 41 5
0 7 10 10
