384 958
164 347 284 222 221 369 115 148 139 126 166 365 277 314 289 176 10 30 179 299 27 234 15 174 158 160 206 142 13 262 106 292 261 296 196 75 328 340 160 102 60 284 36 344 362 87 92 265 127 32 313 231 206 342 270 227 204 26 145 112 274 213 96 8 223 175 377 295 19 153 320 206 309 68 382 257 239 295 92 329 269 125 364 306 1 68 288 206 225 64 81 49 359 118 58 243 368 305 122 305 383 128 277 12 55 310 372 168 100 361 96 302 370 244 267 75 244 245 263 175 159 207 205 15 333 169 312 292 378 237 135 169 74 202 350 96 129 178 70 142 138 221 296 122 113 69 86 115 104 296 131 199 325 137 325 76 2 174 26 347 317 163 96 208 310 182 92 139 84 121 52 370 31 324 117 109 199 176 14 360 28 285 82 213 276 300 378 39 200 198 289 344 119 275 198 100 2 132 334 204 366 74 383 20 101 220 262 69 182 373 241 236 208 20 310 25 202 122 171 353 223 48 12 348 234 382 120 39 366 372 371 355 145 357 358 309 156 231 283 324 252 341 321 62 324 334 366 339 41 51 280 56 5 300 27 166 85 163 310 88 315 71 14 145 252 139 169 147 2 165 372 169 219 143 318 30 57 265 58 196 113 277 257 110 124 250 270 118 376 322 64 312 167 60 220 148 367 123 8 240 89 84 209 308 275 356 38 77 366 263 91 299 352 354 39 322 3 219 38 12 20 284 87 133 116 147 287 302 43 116 196 140 96 54 115 294 98 18 315 138 35 8 16 328 56 345 73 373 218 14 289 297 103 367 58 1 354 13 278 287 367 57 28 293 344 266 153 62 10 347 316 277 152 74 25 347 312 59 167 197 193 339 66 12
1 47 309 108
0 84 277 5
1 72 324 381
1 152 213 188
0 35 210 5
1 39 170 293
1 91 157 244
0 305 378 10
1 195 301 260
1 47 104 258
0 80 103 7
0 188 371 6
1 142 280 278
1 95 173 100
0 40 367 2
0 135 321 5
0 41 188 2
0 20 106 6
0 127 363 9
0 73 255 8
0 126 257 6
1 144 175 218
1 202 309 364
1 163 347 346
0 160 163 8
1 324 346 62
1 144 150 122
0 59 127 9
1 107 150 79
0 250 369 3
1 44 259 310
1 143 189 86
1 232 289 227
0 121 254 6
0 212 279 10
1 30 231 178
1 31 269 34
0 306 350 10
0 210 342 5
0 10 41 4
0 119 194 6
1 305 343 211
0 63 377 3
1 321 359 239
0 89 166 9
1 51 123 258
1 227 262 36
1 84 222 32
0 99 109 5
1 14 66 31
1 200 325 294
0 24 139 2
0 5 246 4
0 17 50 7
1 245 382 200
1 29 301 239
1 169 295 98
0 237 358 2
1 249 370 50
1 4 243 221
0 318 353 3
0 241 352 6
0 328 381 8
0 86 164 1
1 54 258 62
1 156 241 122
1 126 212 252
1 108 184 13
1 188 303 377
1 297 303 146
0 156 324 4
0 53 270 2
1 180 341 72
0 242 270 8
0 278 298 1
0 132 293 2
1 46 50 83
1 44 298 4
1 49 274 235
0 143 277 8
1 68 254 321
1 261 295 301
0 185 255 6
0 124 138 9
1 223 287 315
1 37 41 44
0 72 167 10
1 243 299 104
1 69 159 104
0 20 251 6
0 80 360 1
1 252 320 130
1 64 260 113
0 218 229 9
0 160 195 5
1 17 287 278
1 87 280 125
1 174 381 186
0 248 328 2
0 357 358 3
1 83 223 53
0 263 288 7
0 294 377 4
1 213 262 330
1 102 123 64
0 1 256 3
0 167 170 2
0 58 376 5
1 151 178 200
1 26 366 234
0 145 276 2
1 74 84 324
1 12 176 114
0 219 307 9
1 45 189 209
0 254 371 3
1 60 333 232
0 20 206 10
0 47 195 6
1 93 285 325
0 10 246 2
1 80 260 372
0 155 242 7
0 113 152 3
1 52 190 215
0 77 104 1
1 12 252 97
0 64 174 7
1 141 159 160
0 30 53 9
1 135 176 11
0 167 211 3
0 118 139 1
1 5 378 272
1 125 235 244
1 137 242 345
0 11 310 5
1 4 133 287
0 44 190 6
1 222 357 246
0 38 149 7
1 124 326 308
1 132 266 37
1 301 371 365
1 48 271 263
0 51 325 4
0 86 335 4
1 229 383 101
1 15 269 250
1 114 139 14
1 171 339 180
0 91 131 3
1 59 106 32
1 257 287 291
0 144 218 3
1 149 329 121
0 108 315 9
0 9 40 4
1 269 298 226
0 209 227 8
1 23 348 39
0 47 82 10
0 11 42 9
0 53 380 8
0 258 344 5
0 93 257 4
1 112 327 238
1 209 338 76
1 37 133 93
1 158 252 384
0 165 358 6
0 217 259 4
1 38 270 349
1 210 306 225
1 277 364 152
0 272 282 5
1 67 262 129
1 40 68 48
1 259 357 268
1 286 321 157
0 83 229 6
0 69 220 3
1 186 216 160
0 93 109 5
0 19 189 10
0 2 115 4
0 140 194 8
0 269 302 1
0 14 214 3
0 191 248 9
0 33 75 7
1 264 378 292
0 181 268 3
1 157 282 211
0 219 225 2
1 10 358 95
0 184 257 10
1 42 156 285
0 133 265 4
1 45 294 163
0 231 307 1
0 203 231 5
0 145 162 10
1 22 103 25
1 203 363 254
1 27 50 243
0 51 71 6
1 27 289 233
1 112 235 222
1 16 342 78
1 324 367 192
1 144 338 58
0 140 207 8
1 193 268 255
1 94 336 112
0 171 275 5
1 133 384 105
0 216 250 9
0 8 307 6
0 58 102 8
1 36 133 355
0 188 265 5
1 96 330 144
0 261 339 6
0 177 358 6
1 119 255 35
1 287 300 79
1 99 340 45
1 44 116 268
0 74 107 1
0 56 311 1
0 110 157 5
1 308 350 265
0 198 269 1
1 242 370 116
1 10 28 1
0 132 187 10
1 89 197 105
0 23 229 3
0 166 176 3
1 295 335 159
0 108 380 6
0 153 365 6
1 153 212 314
1 57 334 135
0 313 327 1
0 61 277 7
0 77 237 1
0 65 257 10
1 5 305 137
0 334 353 6
1 82 187 282
0 174 328 2
0 231 372 8
1 106 262 189
1 50 260 332
0 172 202 1
1 103 342 87
0 87 267 2
1 145 245 352
1 308 347 315
1 32 269 187
0 94 248 5
0 33 298 5
0 233 298 7
1 226 281 252
1 86 199 118
0 64 151 9
1 81 255 107
1 109 139 195
1 172 218 329
1 31 89 373
0 34 118 4
0 54 316 1
1 2 351 338
0 11 117 6
1 90 352 169
1 70 373 1
0 157 225 4
0 35 283 5
1 21 368 321
0 164 382 5
0 207 221 10
0 83 175 7
0 31 300 9
0 159 216 6
0 86 231 6
1 294 375 54
0 6 342 10
0 32 235 5
1 126 259 70
1 67 282 247
0 208 310 9
0 328 356 1
1 121 206 61
0 313 346 9
0 7 276 3
1 97 203 237
1 206 272 93
1 261 267 124
1 183 306 312
1 49 169 257
0 17 134 10
1 23 140 145
0 90 232 9
1 129 261 1
0 68 255 9
0 101 183 3
1 239 262 46
0 24 231 10
1 113 192 184
1 253 333 39
1 190 276 131
0 87 320 7
0 209 352 1
1 232 280 121
1 267 287 371
0 191 222 3
0 59 89 4
0 45 94 7
0 115 215 3
0 131 350 10
0 133 291 1
0 340 360 5
0 5 256 2
1 79 101 361
1 7 311 43
0 101 254 7
1 314 369 250
0 28 201 4
1 77 90 39
1 233 360 15
0 40 355 6
1 202 377 290
0 189 245 1
0 232 237 9
0 82 291 4
1 185 231 48
1 144 286 117
0 86 232 4
0 64 120 6
1 156 303 146
1 51 58 152
1 235 243 64
0 44 251 4
1 159 245 115
0 215 231 9
1 116 272 191
0 133 266 8
1 83 376 377
1 62 179 27
1 185 200 54
0 332 373 4
1 16 48 332
1 55 288 332
0 2 289 5
0 72 197 4
0 78 246 8
0 9 53 2
0 37 278 5
0 129 323 1
0 218 331 4
1 378 382 213
0 318 348 2
1 3 177 381
1 92 344 40
1 220 375 381
1 77 194 245
0 337 349 1
0 221 357 10
0 108 309 7
1 234 384 36
0 117 270 9
0 186 229 1
1 118 315 92
1 253 253 190
1 55 331 307
1 158 250 94
0 66 273 3
0 77 197 10
0 223 285 10
1 91 166 305
0 151 192 8
0 264 375 6
1 180 267 202
1 55 112 145
0 191 207 7
0 3 15 4
1 157 383 226
1 224 251 294
0 70 128 6
1 34 121 226
1 8 91 14
1 127 238 153
1 35 302 360
1 98 137 98
1 78 151 246
1 84 218 18
1 141 239 172
0 70 139 7
0 244 381 2
0 133 360 6
1 174 238 40
1 299 369 281
0 112 231 9
1 56 65 180
0 214 294 4
1 4 27 287
0 55 176 4
0 59 233 3
1 33 79 231
1 157 265 374
1 196 301 135
1 342 360 204
0 224 229 5
1 75 314 326
1 180 273 369
0 81 324 4
1 18 186 355
0 17 120 7
1 9 43 262
0 7 243 3
1 107 234 205
1 98 162 373
0 322 330 9
1 184 262 283
1 60 245 94
0 253 327 3
0 31 127 5
1 208 224 352
0 56 247 2
0 72 211 4
0 267 305 7
1 134 282 19
0 59 356 2
1 235 237 242
1 76 359 173
0 50 299 5
0 6 75 3
0 126 333 6
1 42 297 372
0 77 365 4
1 161 244 207
1 258 322 103
0 111 255 7
1 189 198 76
1 38 277 126
1 130 145 293
1 225 370 124
0 45 95 7
0 104 298 2
1 130 262 323
1 137 202 269
1 66 352 372
1 73 293 331
1 94 150 236
1 333 368 50
0 262 273 2
1 72 337 185
0 250 299 5
1 68 156 147
1 128 185 274
1 242 374 310
1 116 121 377
0 21 248 8
1 290 312 81
1 155 270 235
1 62 220 46
1 37 241 39
1 146 183 230
1 73 355 255
0 236 275 10
0 18 53 4
1 260 338 248
1 135 314 27
0 238 378 5
0 293 334 6
1 39 42 304
1 347 349 359
0 45 380 9
1 38 196 363
1 297 353 54
1 211 270 10
1 112 288 178
0 29 221 2
1 17 321 49
1 155 242 301
1 126 238 199
0 145 227 9
0 144 359 6
1 73 321 375
1 32 366 77
1 12 29 312
1 52 279 295
1 73 98 145
0 41 158 10
1 20 340 184
0 158 254 1
0 16 44 10
0 166 320 7
1 15 242 4
1 208 365 212
1 112 160 339
0 237 334 2
1 238 342 68
1 175 331 243
1 117 257 204
1 135 143 246
1 305 335 159
1 37 258 248
0 5 185 1
1 204 251 13
1 223 297 62
1 57 344 138
0 102 210 5
1 77 209 260
0 100 197 2
0 22 244 4
0 97 340 5
0 18 218 2
0 142 295 7
1 259 348 247
1 69 190 26
0 187 325 4
0 267 368 5
1 251 361 161
0 175 325 2
1 183 242 69
1 7 196 253
0 217 270 4
0 25 318 2
0 161 279 5
0 193 307 7
0 124 187 2
1 240 268 267
0 292 347 2
1 61 267 66
0 184 366 6
1 143 292 224
0 39 291 6
0 41 237 7
1 311 333 36
1 34 170 357
0 270 351 3
1 139 291 118
0 93 322 10
0 101 178 6
0 159 279 3
0 130 223 7
1 106 350 342
0 28 201 9
0 42 74 6
1 49 204 343
0 107 358 7
1 39 221 288
0 175 329 4
0 268 328 2
1 87 175 127
0 41 156 5
0 68 335 8
1 71 365 39
0 71 115 7
1 310 323 61
0 49 355 6
0 135 360 8
1 61 126 222
0 11 228 6
0 93 366 2
0 1 83 8
0 26 194 10
1 71 177 345
0 44 220 4
0 128 180 3
1 141 221 179
1 52 174 250
0 102 181 4
1 49 300 17
0 32 278 9
1 140 370 50
0 100 240 10
1 78 82 148
0 117 155 10
1 210 330 171
0 150 366 6
0 159 174 5
0 3 326 5
0 9 132 6
1 174 204 316
1 161 276 126
1 327 360 321
1 104 184 378
0 69 320 5
1 200 223 180
1 73 75 178
0 189 231 4
1 162 212 136
0 17 353 2
0 53 274 1
0 77 287 10
1 44 371 153
1 48 185 363
1 111 169 317
1 94 230 53
1 292 296 251
1 134 211 316
1 65 150 295
0 199 313 7
1 225 240 215
0 321 338 2
1 226 242 223
0 71 166 4
0 30 350 8
1 54 177 272
1 20 76 12
1 112 236 157
0 38 246 2
1 262 288 99
1 277 308 342
0 85 201 4
0 66 320 1
0 84 202 7
1 150 203 359
0 295 346 10
1 186 325 37
1 150 267 37
1 279 352 356
1 44 299 104
1 12 342 185
1 79 302 99
1 123 352 376
1 169 326 11
1 157 350 310
0 33 228 4
1 184 292 73
1 233 304 246
0 129 281 9
0 134 256 10
1 100 361 255
0 115 178 4
0 63 208 9
0 201 264 5
1 66 313 67
1 78 278 65
0 203 223 5
1 46 264 367
0 113 327 1
1 33 131 371
0 210 234 6
0 262 384 7
1 88 249 20
0 282 285 4
1 45 103 335
0 8 135 5
1 99 184 112
0 145 218 5
0 35 94 8
1 74 217 250
0 138 343 3
0 5 141 7
1 125 343 333
1 192 338 53
0 248 255 6
1 121 257 211
1 132 219 183
1 165 260 35
0 52 246 1
1 142 232 154
1 241 381 114
0 110 333 5
1 132 326 187
1 32 51 17
1 162 179 295
0 70 82 6
0 183 243 3
0 249 362 7
1 109 373 253
0 186 340 1
1 13 265 209
0 231 269 8
1 114 242 285
1 15 223 128
0 83 144 1
0 133 339 2
1 11 289 174
1 88 177 72
1 206 270 222
1 130 219 231
1 11 256 345
1 30 144 179
0 268 328 8
1 227 242 163
1 281 311 70
1 104 325 363
1 264 273 289
1 81 190 127
1 173 286 284
0 23 62 4
0 167 343 9
1 219 384 34
1 246 342 4
1 40 208 92
1 20 60 219
0 1 264 8
0 138 153 1
0 303 311 9
0 63 289 10
1 368 377 352
1 130 286 296
0 218 275 1
0 22 360 6
0 64 140 4
1 134 270 180
0 50 301 7
0 59 320 9
0 1 383 5
0 222 368 8
0 62 77 4
1 78 343 304
1 58 285 381
1 76 337 9
0 6 186 10
1 52 154 339
0 45 115 9
0 168 171 7
0 274 318 2
0 45 152 9
0 52 246 3
0 19 172 7
0 31 107 2
1 14 332 194
0 65 262 10
0 15 290 2
0 24 166 10
1 152 325 222
0 240 342 10
0 85 292 4
0 161 283 3
1 67 347 328
0 123 381 1
1 92 268 310
0 70 143 2
1 215 279 39
1 45 126 332
1 62 270 47
0 232 238 9
1 193 346 292
0 17 288 5
1 36 338 26
0 93 311 5
1 162 213 102
0 44 301 3
0 150 289 9
0 1 345 8
1 1 80 150
1 8 107 366
0 178 300 6
0 80 299 3
1 147 230 219
0 163 300 1
0 269 302 5
1 171 283 294
1 217 229 222
0 32 284 9
1 187 227 211
0 27 368 2
1 227 272 326
1 160 237 299
1 67 276 333
0 167 372 10
1 90 267 316
1 117 282 15
0 45 265 5
1 109 215 342
0 90 140 5
1 175 356 50
1 2 10 142
1 292 307 88
1 109 343 113
0 180 181 3
0 329 351 1
1 196 353 22
1 10 199 128
1 50 304 343
1 79 138 22
0 17 236 5
0 251 352 5
0 49 285 4
0 35 206 6
0 162 268 5
0 258 307 9
1 55 195 347
0 155 164 1
0 138 256 6
0 115 313 5
0 78 235 1
1 23 124 272
1 50 174 128
1 21 123 274
1 125 349 380
0 199 246 4
1 64 192 319
0 100 208 3
0 97 205 10
0 123 147 10
1 136 179 298
1 113 116 13
1 191 196 380
0 250 346 5
0 18 206 7
0 245 384 10
0 108 190 1
0 13 211 2
0 89 101 2
1 133 173 253
1 39 77 26
0 124 135 3
0 242 309 2
0 137 229 6
1 66 365 73
0 125 271 1
1 136 225 41
1 228 276 292
1 86 343 23
0 14 61 5
1 233 238 198
1 44 372 192
0 144 174 7
0 64 208 3
0 97 221 9
1 219 347 322
0 143 289 7
1 317 366 5
1 110 129 378
0 40 226 7
1 19 321 206
0 140 352 5
1 151 291 226
0 27 81 1
0 141 366 9
0 198 350 5
1 132 235 221
0 112 189 4
0 184 187 2
1 114 176 104
0 282 325 6
1 134 149 223
0 147 251 10
1 24 285 50
0 109 364 9
1 93 172 180
1 92 318 76
1 321 366 125
1 42 259 83
0 8 315 6
1 96 138 183
0 116 236 3
0 70 229 10
1 105 307 264
0 101 230 3
1 313 348 55
0 7 28 4
1 181 303 214
1 90 308 202
1 9 280 247
1 48 310 281
0 20 212 6
1 149 238 195
0 282 314 3
0 26 295 2
1 162 346 130
0 79 299 7
0 54 70 3
0 253 267 7
1 95 142 49
0 24 44 4
0 198 292 2
1 293 355 104
1 57 340 293
0 62 370 4
1 178 189 342
0 184 219 6
1 329 354 135
0 291 362 8
1 66 152 333
1 17 103 353
1 6 145 382
0 337 348 8
1 190 318 174
1 118 145 118
0 82 207 8
0 272 336 6
0 181 237 10
1 161 367 40
1 247 290 333
1 294 333 71
0 152 263 3
1 133 350 284
1 21 187 117
0 221 221 2
1 135 187 219
0 191 274 6
0 103 173 10
1 262 381 306
0 218 258 7
1 166 259 113
1 66 116 14
1 140 273 47
0 107 337 5
0 192 377 1
1 22 369 79
1 70 148 59
0 246 315 2
1 24 318 52
0 297 300 6
1 28 108 127
1 9 132 130
0 153 179 5
0 69 302 1
0 173 332 4
1 4 28 79
0 209 283 2
0 48 382 2
0 47 206 6
0 113 326 2
1 215 303 338
1 164 306 169
0 135 219 5
1 155 266 135
1 111 379 4
1 277 297 222
1 96 153 90
1 329 369 66
0 253 363 1
1 20 31 264
1 48 98 12
0 130 322 1
1 252 340 17
0 109 282 8
1 20 106 101
1 326 335 315
0 66 178 4
0 317 332 2
0 269 382 2
1 56 323 74
1 267 277 141
0 138 254 1
0 169 226 6
0 3 69 1
0 105 190 5
1 95 247 104
1 177 284 110
1 142 190 340
0 4 83 5
1 65 257 182
0 95 194 8
1 362 362 160
0 177 210 2
1 314 354 361
