453 980
433 237 316 314 69 286 453 424 77 310 364 92 184 66 271 141 177 322 2 320 231 304 289 448 308 414 407 309 421 214 158 108 249 152 2 449 242 384 91 148 246 305 168 208 234 318 204 351 370 237 60 355 297 363 343 430 336 281 349 60 401 8 189 130 213 357 19 22 400 408 430 414 383 64 396 166 449 138 306 241 7 170 135 366 205 110 139 159 444 154 10 98 6 89 91 303 240 122 9 219 373 144 420 355 222 27 353 212 164 173 93 112 141 227 102 406 8 6 211 54 137 244 280 288 306 128 358 98 101 81 373 117 436 429 366 156 399 184 102 439 223 19 435 264 162 209 133 233 61 59 33 75 124 15 236 349 412 247 276 40 318 410 1 453 114 139 423 159 341 379 303 186 114 328 243 244 64 216 402 52 415 127 136 182 216 287 170 298 33 414 342 57 358 235 201 296 437 114 293 399 230 143 114 153 73 237 238 201 449 354 179 369 363 69 453 188 62 220 366 152 390 152 295 372 292 34 12 386 23 288 282 312 253 374 201 127 39 97 386 137 249 423 89 188 413 42 304 205 78 333 357 384 291 184 27 154 36 437 140 249 360 441 394 84 136 6 169 205 404 406 50 201 220 376 156 17 10 57 226 344 67 236 127 258 351 330 333 386 418 418 380 320 365 56 332 53 67 235 230 330 201 157 102 92 352 165 251 212 114 425 295 116 136 449 420 393 131 261 46 236 299 154 224 125 13 124 401 259 227 147 144 293 271 146 54 109 340 196 398 74 320 99 441 86 394 434 311 358 99 248 268 81 52 127 378 250 35 424 154 284 346 34 122 341 404 123 26 101 328 419 319 114 77 292 291 214 346 106 89 171 117 263 133 144 49 61 334 220 258 136 197 168 5 186 377 412 235 435 286 219 313 185 186 85 342 261 226 11 249 133 42 299 349 278 438 53 360 287 193 18 51 401 233 96 445 442 61 301 2 371 194 161 137 199 324 196 413 165 326 344 63 429 305 10 53 261 320 331 149 77 202 226 297
1 93 225 338
1 288 446 252
0 417 428 5
1 100 434 37
0 30 447 10
0 80 422 10
0 102 183 9
1 149 271 68
1 51 352 320
1 137 315 163
0 99 300 5
0 339 420 2
0 116 145 8
0 103 433 9
0 48 424 2
1 142 333 242
0 16 107 10
0 173 438 8
1 283 324 252
0 242 269 8
0 155 413 9
0 223 369 6
0 63 139 9
1 166 191 192
1 264 309 78
0 211 392 6
1 73 302 136
1 195 272 369
1 233 448 408
0 87 132 4
0 27 162 9
1 33 258 347
1 24 256 373
1 357 374 127
0 331 389 9
1 270 277 81
1 22 158 326
1 84 239 56
1 262 281 214
1 11 339 231
1 41 296 281
0 27 65 6
1 183 213 92
0 117 258 6
0 249 365 8
0 44 251 3
1 117 205 6
0 37 269 6
0 150 327 1
0 146 344 5
1 199 220 152
1 377 405 346
1 135 223 432
1 32 107 223
1 21 220 373
1 46 190 447
1 188 249 437
1 87 178 265
0 237 365 3
1 16 161 397
1 98 407 382
0 71 78 3
0 420 445 2
1 325 339 125
0 110 445 2
0 41 284 8
0 172 279 6
1 225 378 263
0 284 354 4
0 368 414 1
0 366 430 3
1 310 451 342
1 3 412 47
1 218 447 284
0 258 273 9
1 75 391 295
1 41 303 311
0 201 327 3
1 8 442 178
0 29 120 3
1 55 448 333
0 136 395 1
1 322 330 428
1 55 244 244
0 104 307 6
0 58 380 2
1 89 150 68
1 317 396 24
1 118 290 429
1 249 424 197
1 100 223 175
0 212 416 2
1 429 448 96
0 122 239 5
1 60 365 124
0 77 184 9
1 72 240 65
0 62 428 5
0 33 80 10
0 260 363 7
0 138 433 10
1 279 320 177
0 376 443 4
0 226 453 9
1 46 209 179
1 434 453 115
1 286 442 336
0 21 30 2
1 57 76 146
0 157 392 2
0 119 360 6
1 95 287 331
0 429 449 10
1 136 365 129
1 205 271 285
1 27 172 222
0 175 178 8
1 40 319 38
0 42 77 6
1 295 357 92
0 78 175 7
0 53 338 9
0 377 451 2
1 75 309 218
0 14 349 10
0 104 374 5
1 350 406 286
1 76 130 72
0 100 430 5
1 20 381 106
0 79 452 10
0 46 185 6
1 153 201 96
0 95 208 5
1 254 435 431
0 50 273 9
1 135 256 40
0 158 224 7
0 78 382 6
1 71 342 330
1 95 108 418
1 102 334 405
0 102 234 9
0 101 375 2
1 234 238 16
1 46 285 57
1 4 114 140
0 16 236 4
1 160 249 436
0 262 314 4
0 312 400 3
1 287 452 314
0 388 421 10
0 30 368 5
1 53 166 319
1 12 415 387
0 120 278 7
0 344 380 5
0 207 364 8
0 138 141 2
1 163 372 60
1 55 226 392
0 149 431 8
0 293 416 5
0 376 438 4
1 297 425 163
1 114 365 76
0 37 192 4
1 209 383 191
0 431 453 9
1 50 353 156
1 35 384 350
0 175 309 6
1 278 292 162
0 41 205 3
1 169 340 130
0 136 278 8
0 197 197 6
1 7 247 257
0 58 175 7
0 170 333 10
1 328 394 396
1 317 418 164
0 76 215 10
0 224 264 9
1 221 400 400
0 273 424 4
0 38 39 2
0 144 310 10
0 275 297 4
0 67 335 10
1 182 221 438
0 29 216 8
0 254 407 5
0 40 293 6
1 12 161 259
0 18 51 8
0 25 395 6
0 220 346 9
0 157 308 4
0 35 448 10
1 26 179 56
0 15 16 6
0 119 328 10
0 19 276 7
1 39 227 399
1 195 237 209
0 193 362 7
0 107 371 1
0 21 442 4
1 206 452 298
0 312 358 2
0 88 320 10
0 22 240 5
0 173 393 1
0 185 406 8
0 219 354 3
0 114 116 10
1 241 275 264
1 350 417 451
1 274 328 434
0 45 354 4
1 300 327 292
1 211 289 402
0 227 420 6
0 66 339 8
0 88 381 4
1 221 438 112
1 164 445 14
1 166 216 314
0 194 230 3
0 59 147 1
0 146 446 10
1 120 415 111
1 234 395 157
1 6 264 213
0 255 359 8
1 104 105 27
1 312 361 240
0 126 258 3
1 265 326 99
1 76 391 157
1 148 206 71
1 189 243 46
1 120 233 266
1 60 265 239
0 288 443 8
0 287 372 3
0 61 323 10
0 74 129 4
0 287 376 6
1 53 406 422
1 341 432 248
0 304 432 4
1 212 351 11
0 304 345 2
1 157 299 16
0 77 420 1
1 102 205 412
1 2 277 179
0 412 435 9
0 23 207 10
1 167 261 211
1 266 314 440
0 339 355 1
0 353 388 2
0 218 389 10
1 177 392 130
1 73 88 314
1 184 434 66
0 46 90 1
1 51 176 41
0 106 120 7
1 211 268 270
1 131 337 144
1 77 421 320
0 428 438 10
0 133 407 1
1 186 369 389
0 44 221 7
1 242 363 50
1 93 377 348
1 120 337 13
0 18 120 10
1 288 295 331
0 282 317 8
1 101 186 202
1 379 392 3
0 234 417 1
1 158 250 35
1 46 180 129
0 145 174 3
1 184 373 24
1 80 109 27
0 80 272 10
1 26 131 12
0 20 236 1
0 255 339 4
1 79 419 337
0 88 122 2
1 27 41 103
1 129 238 174
0 138 420 10
0 61 400 10
1 87 425 388
0 46 224 1
1 349 432 176
1 231 410 296
0 178 334 10
1 105 119 323
1 268 296 146
0 223 325 8
1 22 224 334
1 367 433 215
0 37 387 8
1 53 124 200
0 2 262 3
0 242 425 9
0 33 296 3
0 176 317 9
1 184 370 276
1 95 119 440
1 120 335 392
0 11 86 4
1 92 325 418
0 36 299 9
0 348 378 4
1 73 296 283
0 105 310 2
1 383 394 418
0 235 444 5
1 264 364 47
1 270 440 404
1 51 232 12
1 86 418 278
1 79 173 288
0 191 276 4
0 162 364 5
1 209 243 131
1 273 366 393
1 56 364 111
0 298 366 6
0 28 351 3
1 184 186 158
1 83 366 100
0 153 211 5
1 5 36 17
0 29 172 2
0 28 312 6
0 147 266 5
0 171 293 9
1 231 410 174
0 115 129 2
0 115 328 9
1 24 437 407
0 65 230 1
0 158 349 5
1 252 342 358
1 178 239 76
1 256 433 308
1 56 433 306
0 209 249 5
1 191 426 93
1 111 128 425
0 82 120 7
1 78 216 146
1 287 365 395
0 28 106 9
1 351 423 149
0 191 369 2
1 337 435 424
0 272 292 3
0 180 340 1
1 67 353 197
0 284 396 7
1 339 374 389
1 382 448 215
0 120 175 9
0 153 434 9
0 36 400 8
0 33 254 3
0 104 111 7
1 204 406 379
0 139 398 10
0 257 287 8
0 110 156 2
1 37 135 439
0 338 345 4
1 62 384 287
0 16 267 3
1 119 437 331
1 35 99 205
1 53 200 90
0 200 420 9
0 26 216 5
0 79 396 10
0 309 425 8
1 133 339 87
1 14 313 252
0 141 187 8
1 327 425 417
1 125 177 313
1 377 382 411
0 368 424 6
0 197 385 3
0 130 348 8
1 122 366 60
1 146 151 16
1 231 330 188
1 70 144 150
0 231 398 2
1 57 294 409
1 45 131 30
1 52 247 161
1 401 448 126
0 78 330 6
1 115 212 46
1 61 297 418
1 325 393 299
1 132 300 134
1 127 183 289
1 42 194 101
0 333 434 5
0 308 433 8
1 179 208 319
1 100 330 451
0 113 418 10
1 229 277 171
0 222 345 3
1 215 225 247
0 5 350 1
1 149 314 360
0 156 167 7
1 427 453 186
1 13 171 210
0 224 425 9
1 3 377 8
1 10 146 159
0 223 257 6
1 31 372 363
0 191 281 2
1 160 339 14
1 129 417 236
0 126 202 6
1 103 284 288
1 214 373 153
0 229 270 9
1 139 192 371
0 4 270 7
1 388 412 328
1 104 106 251
1 145 228 88
0 104 223 9
0 79 297 2
0 132 238 10
0 201 425 2
1 26 181 349
1 108 160 308
1 10 44 251
1 35 72 217
1 39 345 417
1 125 151 288
0 132 380 5
0 66 391 7
1 208 412 27
0 4 256 2
1 47 438 382
1 404 405 312
0 79 367 7
1 81 204 4
0 80 199 4
1 93 256 332
0 79 108 4
0 216 258 2
0 44 62 4
0 159 280 10
1 1 393 437
1 125 127 6
0 276 414 8
0 240 290 1
1 226 378 42
1 160 449 357
1 41 350 108
1 347 388 443
1 428 445 395
0 84 241 7
1 102 246 414
0 210 258 3
1 10 87 143
0 99 409 10
0 158 235 4
0 23 385 8
1 298 411 309
1 79 126 173
1 72 196 439
1 11 377 374
0 102 414 8
0 329 451 7
0 84 292 1
1 269 326 135
0 76 168 9
0 141 347 8
1 202 363 438
0 215 302 7
0 126 257 3
1 22 339 170
1 136 312 85
1 55 403 210
1 419 452 138
1 328 400 441
1 364 381 333
1 35 291 424
0 240 254 8
0 52 410 9
1 95 330 281
0 95 437 8
1 155 207 271
1 37 427 421
0 337 436 10
0 70 420 3
1 340 394 420
0 267 359 8
1 194 222 267
1 235 347 320
1 65 350 187
1 180 272 14
1 137 318 79
0 373 411 4
1 90 140 316
1 246 305 190
0 107 275 5
1 155 230 154
1 1 310 148
1 3 84 140
1 98 259 225
0 15 364 1
0 147 387 3
1 68 320 390
0 201 237 2
0 380 385 6
0 146 392 6
1 186 390 209
1 96 344 393
0 292 410 4
1 11 158 341
0 66 220 2
1 79 160 131
0 104 340 9
0 4 226 8
0 227 335 5
0 67 298 9
0 192 429 10
0 232 297 6
1 423 424 404
0 37 163 4
0 301 401 8
1 16 159 165
1 249 392 227
0 134 408 7
0 176 189 4
1 190 408 339
1 59 348 397
0 223 363 3
0 252 452 7
0 103 311 9
0 149 216 1
0 302 333 3
0 58 401 2
0 126 134 4
0 60 118 7
1 199 402 188
0 186 341 10
0 84 442 3
1 365 419 178
1 164 288 286
0 119 405 5
1 91 213 265
1 309 452 348
1 104 408 376
0 342 360 2
1 87 163 385
1 52 341 162
1 255 301 113
1 89 393 3
0 74 395 9
1 110 227 333
1 27 247 162
0 298 395 10
0 233 442 4
1 145 249 169
0 126 180 2
1 320 390 40
0 121 364 7
0 121 453 5
0 39 113 7
0 277 449 4
1 195 437 174
1 45 444 366
0 116 302 6
0 65 316 6
0 43 349 9
0 108 301 9
0 246 319 3
1 53 72 396
0 213 398 5
1 233 283 311
0 87 314 3
1 86 383 83
0 4 70 1
1 129 167 34
1 137 423 72
1 161 309 449
1 64 281 247
0 165 169 4
1 270 399 338
1 75 223 41
0 239 386 3
0 290 396 7
0 132 274 1
1 1 24 382
0 220 408 2
1 259 285 259
1 38 387 220
0 54 337 7
1 271 452 405
0 334 338 10
0 139 228 5
0 27 45 7
1 85 199 264
0 178 355 5
1 13 74 294
0 47 326 9
1 99 153 121
1 275 431 95
1 98 452 396
0 230 305 8
1 22 389 200
1 196 414 269
0 228 290 3
0 292 326 2
1 160 449 226
0 82 99 2
1 28 136 237
1 149 282 135
0 48 243 10
1 230 388 370
0 152 323 8
1 262 334 400
0 332 442 4
1 288 321 414
1 86 293 236
0 76 362 4
0 15 92 5
1 173 383 151
1 112 408 97
1 142 394 198
0 26 302 6
0 56 420 7
0 32 366 10
1 20 157 216
0 40 160 2
1 206 374 380
0 28 437 8
1 91 268 256
1 106 261 20
1 70 165 158
0 5 330 1
0 246 383 2
1 172 289 265
1 109 117 164
1 178 397 396
1 328 413 243
0 68 255 2
0 178 311 1
1 86 214 381
1 214 446 451
1 3 310 147
0 55 200 2
0 36 166 2
1 11 390 289
0 333 353 1
1 13 319 340
0 192 369 7
0 8 184 10
1 264 288 161
0 133 381 8
1 74 444 428
0 69 249 2
1 42 393 242
1 69 445 440
0 187 434 4
1 12 347 190
1 287 325 112
0 10 84 4
0 432 448 1
1 35 76 309
1 177 334 42
0 63 371 10
1 153 293 105
1 172 307 97
1 158 368 410
1 111 242 109
1 88 103 300
0 256 358 1
1 205 295 337
1 29 362 49
1 108 185 164
0 220 406 4
1 295 343 108
1 207 328 140
1 102 125 257
1 37 199 424
1 205 386 409
0 234 299 1
1 342 389 339
1 136 437 92
1 129 246 68
0 374 415 4
0 84 257 4
0 182 380 7
0 131 384 7
1 298 412 370
0 101 261 8
1 107 287 435
1 144 386 396
1 178 185 30
1 156 342 111
1 65 95 441
1 185 274 301
0 212 258 8
0 201 304 5
0 164 453 2
0 225 314 9
1 17 140 70
0 136 366 1
0 227 233 9
1 200 262 35
1 65 197 449
0 162 356 6
0 296 414 1
0 9 123 2
0 346 427 1
1 183 291 2
0 26 303 5
1 199 362 431
0 43 342 6
0 244 268 1
0 195 404 10
1 104 301 301
0 164 391 2
0 267 404 1
1 6 438 404
0 384 407 5
0 69 320 7
0 52 94 4
0 50 306 5
0 66 120 10
0 163 240 2
1 322 430 38
1 171 409 308
1 210 226 303
1 27 91 1
1 174 265 220
1 169 343 234
0 297 424 10
1 163 303 4
0 93 134 10
1 8 351 7
0 197 387 5
1 231 249 328
0 104 339 1
0 154 227 10
1 63 169 319
1 134 162 377
0 91 324 5
0 15 136 8
1 166 360 27
1 154 411 111
1 16 411 168
0 19 173 10
0 90 327 1
0 116 221 5
1 280 394 4
0 353 438 7
1 59 379 273
0 92 283 10
0 100 249 2
0 323 453 2
1 206 354 140
1 284 307 376
0 33 328 8
1 12 228 179
0 246 421 4
0 75 435 3
0 305 316 4
1 149 392 108
0 19 223 3
1 7 299 27
0 151 343 10
0 295 387 6
1 243 249 36
0 241 427 5
0 129 173 1
0 157 314 3
1 133 275 40
0 246 436 9
1 88 341 132
0 43 189 2
1 26 225 371
1 230 316 410
0 124 433 2
1 184 304 243
0 30 158 6
0 159 204 1
1 17 109 420
1 384 391 180
0 275 312 10
1 263 332 315
0 51 93 2
0 161 357 1
1 154 215 279
0 118 286 4
0 345 415 8
1 153 267 313
0 129 195 1
0 44 167 5
1 133 395 440
0 68 262 6
1 35 354 285
1 52 147 402
1 275 349 353
1 1 301 47
0 165 242 2
0 295 304 2
0 44 272 5
1 65 235 323
0 316 418 7
1 159 191 328
1 300 440 288
0 196 298 3
1 61 362 365
0 20 230 2
1 228 445 27
0 190 315 10
0 7 231 1
0 225 331 1
0 172 444 9
0 59 408 4
1 166 238 189
1 99 122 429
0 21 34 8
0 130 133 8
0 367 376 8
1 160 203 57
1 49 313 449
0 36 107 8
0 66 322 10
1 88 266 268
0 13 372 8
1 38 215 35
1 201 279 116
1 231 445 188
1 42 350 212
0 295 357 5
1 213 349 35
1 98 405 91
0 266 295 3
1 198 199 448
1 231 306 35
0 109 323 6
0 165 354 6
0 273 289 7
1 128 232 425
0 90 422 3
0 110 140 2
0 153 315 6
1 53 447 110
0 98 142 7
0 127 274 1
1 76 323 450
0 213 358 5
0 124 258 2
0 126 187 9
1 41 197 158
1 19 386 449
0 96 302 9
0 49 249 5
0 403 436 3
0 194 437 2
1 32 380 343
0 59 356 5
1 21 63 12
1 177 261 101
1 80 223 400
0 115 211 10
0 85 213 2
1 352 375 224
1 101 199 382
0 56 154 9
1 313 372 31
0 201 288 7
1 266 437 141
0 245 352 3
0 78 431 2
0 45 92 3
1 12 184 394
0 123 444 3
1 185 266 421
1 61 378 47
0 86 157 3
0 379 387 2
1 253 391 206
0 247 315 5
0 17 80 7
0 215 325 9
1 208 311 326
1 142 187 101
1 339 393 430
0 72 122 5
0 124 199 1
0 25 200 1
0 125 182 8
1 12 382 359
0 373 433 2
0 247 397 2
1 384 426 249
0 140 362 5
1 135 237 103
0 395 429 7
0 254 265 8
0 118 424 3
0 85 401 7
0 64 150 9
0 160 169 2
1 225 368 80
1 135 280 426
0 70 364 8
0 18 115 9
1 52 288 395
0 100 435 8
1 68 69 233
0 35 151 8
1 116 314 149
0 97 427 4
1 95 353 53
0 254 398 5
0 280 379 7
1 145 280 46
0 364 380 9
0 402 439 3
1 191 236 347
0 110 215 2
0 28 422 5
0 74 194 10
0 53 193 1
1 28 353 106
0 347 370 5
0 78 92 7
1 146 395 446
0 110 385 5
1 152 327 37
0 232 404 5
0 131 143 5
0 236 393 6
1 163 382 87
1 83 210 121
1 329 410 58
1 84 417 421
0 152 418 10
0 99 148 2
0 105 450 9
1 160 328 50
0 186 231 8
0 256 345 2
1 171 202 11
1 179 391 429
0 317 442 2
1 6 152 170
1 190 405 120
0 73 411 10
