12000
1 6968
2 4543
2 4906
2 6510
2 11452
1 6237
1 11142
2 10128
2 126
2 3549
1 1655
1 7541
1 3528
1 7175
2 4143
2 8290
2 10710
1 3705
1 9204
1 3628
2 5751
1 2276
1 3488
2 350
1 5839
1 8941
2 2082
2 1241
2 4440
2 3980
2 4923
2 15
1 2333
2 2000
1 1
2 9191
1 3742
1 2362
2 4576
1 2301
1 2031
2 8541
1 5492
1 4415
1 8024
1 8452
2 3056
2 7473
2 4663
1 1996
2 8922
1 11305
1 8441
2 7110
1 4012
1 6227
2 4101
1 3671
2 3669
1 3343
2 8721
1 3575
1 2998
1 5934
1 9066
1 9301
1 5446
2 6424
2 9873
1 5873
1 3566
1 8425
2 8921
1 10689
1 6093
2 10192
1 3210
2 2605
1 9365
1 8559
2 4993
1 6259
1 749
2 4894
2 1677
2 11811
2 10701
2 615
1 4979
2 1924
2 7173
1 715
2 7019
2 4301
1 2934
1 860
1 7201
1 11949
2 5239
2 4641
2 9270
2 516
1 274
1 3637
1 540
1 3976
1 1476
2 3784
2 7453
2 2625
1 6176
1 6236
1 2228
1 6956
1 11949
2 2250
2 2610
1 1852
2 6372
1 1915
1 1947
2 11412
2 1267
1 10927
1 1895
1 9807
1 11260
2 6137
2 10690
2 11832
2 7606
2 2656
1 971
2 1650
1 6475
1 5760
1 8088
2 10770
2 9272
1 4487
2 4273
1 2815
1 1745
2 6969
1 977
2 5401
1 11866
1 7149
2 937
1 7247
2 7759
2 6605
2 4860
2 3624
1 2077
1 1466
1 5828
2 4123
1 8423
2 5957
2 8331
2 6455
1 5314
1 10135
1 3634
1 8252
1 2329
1 7466
1 2542
1 4287
2 3498
1 6446
1 8806
1 4170
1 5478
1 5445
2 6999
1 7289
2 10229
1 4679
2 8272
1 4702
1 6448
2 1247
2 1655
2 1503
2 10277
1 10668
2 3842
2 6131
2 3255
2 4129
2 8542
1 936
2 1051
2 10661
1 1067
2 8448
2 11612
2 3508
1 9565
1 1359
1 7320
2 8188
1 7805
2 4223
2 11329
2 8128
2 7366
2 1932
1 9149
1 10617
2 11081
1 5769
1 7174
1 8624
1 2186
1 2841
1 459
2 485
2 8417
2 8630
2 3437
1 2380
1 5657
2 1549
1 8354
1 10666
2 11924
2 1216
1 2485
1 860
1 11205
1 7971
1 1220
2 625
2 4405
1 736
1 4705
2 939
1 1375
1 7027
1 3122
1 6818
2 8979
2 5614
2 1522
1 64
1 6391
2 7510
2 2829
1 6022
1 10113
2 964
1 263
1 4518
2 11327
2 4646
1 5910
2 199
2 2479
1 7451
2 7491
2 6276
2 3591
1 1722
2 5133
2 9517
2 6126
2 3244
2 5863
1 4645
1 97
2 8653
2 6261
2 290
1 9199
1 7023
1 6226
2 4816
2 8893
1 6839
2 10445
2 9998
1 3875
2 5470
1 6951
2 3503
2 11117
1 1265
2 7255
2 9691
1 5691
1 5361
1 10022
2 9195
1 8001
1 596
2 2772
2 1777
2 7336
1 739
1 9905
1 2862
1 2828
2 3738
2 4292
1 8889
2 5820
2 7467
1 4104
2 2975
1 9628
2 9467
2 2282
1 2749
1 1030
1 11491
2 2796
1 3144
2 6981
1 8528
2 6309
2 10726
2 6296
1 7075
2 6623
1 9906
2 5333
1 9426
2 2071
2 8700
2 3556
1 5061
1 9857
2 4358
1 8640
2 5594
2 8097
2 392
1 2841
1 4194
2 8659
1 11789
2 9685
2 1186
2 932
1 2996
2 8522
1 3059
2 4247
1 5168
1 6181
1 3170
1 1377
2 968
2 1255
2 8336
2 1453
1 1080
2 4867
2 10195
2 1048
1 3662
2 1153
1 6131
1 822
2 10285
2 11293
1 4686
1 9868
1 7886
1 3113
2 6677
2 2708
2 2586
2 2535
2 11404
1 7068
2 4305
2 1680
1 4590
2 11366
2 4615
1 7440
2 11079
1 7146
2 3234
1 4839
1 3736
2 6288
2 7005
1 11497
1 4503
1 8566
2 5959
1 4415
1 556
1 11824
1 8644
2 164
1 5557
1 5251
2 11147
1 1865
2 5698
2 2985
1 4615
2 1266
2 1914
1 7281
2 6934
1 11446
2 3349
2 7835
2 11981
2 11555
2 2527
2 1152
1 11954
1 8472
1 9787
1 1288
2 8353
1 10505
2 1566
2 7410
1 9736
2 10942
2 7792
1 1968
2 586
1 8244
2 10671
2 3976
2 4031
1 1947
2 5195
1 1076
1 6739
2 11350
2 2123
2 4547
1 4451
2 4382
2 6214
2 5718
2 10307
1 2944
2 6635
1 1315
2 1946
1 2426
1 5850
1 10229
1 2180
1 6786
1 2984
1 3211
1 1520
1 1023
1 3679
2 277
1 1343
2 4141
1 572
1 8154
2 5547
1 1822
1 7952
1 1716
1 5438
2 4340
1 1055
1 7154
1 6806
1 8200
1 5987
1 6229
1 4552
1 6405
2 8906
2 5940
1 3642
2 2126
2 11668
2 1272
2 8391
2 9620
1 2742
2 2752
1 4991
1 5025
2 7674
1 1855
1 5604
2 5616
2 10493
1 3513
1 6318
1 1106
1 2671
2 5258
1 4808
2 3242
1 9654
1 2846
2 9873
1 1458
1 780
2 3898
1 7292
2 8661
2 2460
2 8946
1 7088
2 3378
2 6601
1 6960
1 41
2 11903
1 2439
2 8436
1 1141
2 6468
1 2080
2 11726
2 7832
2 8508
2 208
2 933
1 4584
2 3799
2 7370
1 2132
1 1330
1 3611
2 4945
1 8680
1 11603
1 11870
2 10623
1 3172
2 11487
2 4973
1 2338
1 8637
2 254
1 4072
2 1625
2 10685
2 5802
1 2148
1 2523
1 740
1 1651
2 8488
2 8657
1 995
2 5947
2 3345
1 8184
2 1375
2 6202
1 7214
1 7520
1 1460
2 4634
2 10916
2 7567
2 3631
1 2332
1 5995
2 11934
1 883
1 5714
2 527
2 8122
1 2165
2 419
2 16
2 5637
2 8992
2 5194
2 2786
2 10131
2 2834
1 5047
2 1070
2 942
1 10684
1 3181
2 6735
1 8498
2 6950
1 2946
2 3350
2 369
2 7977
1 2434
2 2246
1 80
1 4755
2 9549
1 2777
1 7208
2 7943
1 1396
1 1658
1 10854
1 8603
2 2015
2 6632
2 8844
1 6040
2 11658
2 5561
2 1710
2 3965
2 5475
1 4885
2 3925
2 11899
1 6222
2 6902
2 1311
1 8922
2 9442
2 7055
2 4157
2 4499
2 10826
1 7074
1 3124
1 6261
2 2820
2 1544
2 93
2 5953
2 4645
1 4782
2 3653
2 9869
1 627
1 5426
1 8142
1 1605
2 1481
1 138
1 11628
2 3301
1 4695
2 9917
2 8680
2 9664
2 9535
1 1991
2 8704
1 3868
2 3161
2 1561
2 4133
1 7763
1 7824
1 5719
1 8028
2 6740
2 867
2 9241
2 7390
1 9056
2 2885
2 7467
2 8024
1 4269
1 2686
1 5357
2 5739
2 3079
2 103
1 7795
1 1101
1 10858
2 11153
2 7302
1 10662
1 11081
1 2271
2 4225
1 9140
2 7051
1 7496
2 10485
2 1000
1 9352
2 3990
1 422
2 5895
1 3632
1 6025
2 1195
1 3210
1 10852
2 8693
1 9362
2 5086
2 955
2 10240
1 8697
1 1764
2 3774
1 2277
2 9430
2 10962
2 11501
2 5843
2 4561
2 9712
1 9176
2 1966
1 2980
2 7164
1 8582
2 8685
2 11522
2 6310
2 2002
2 10107
1 10733
2 53
2 4297
1 9783
1 8350
1 7585
2 7021
1 11796
2 4802
2 1111
1 10229
1 5721
2 1335
2 3960
1 7851
2 6209
2 5554
2 7961
2 13
1 3676
1 8060
2 4516
2 11052
2 4237
1 4017
1 8470
1 656
2 9354
2 1056
2 3232
2 1297
2 735
2 2894
1 7910
1 640
2 2476
2 9267
1 163
1 860
1 7234
2 2203
2 9987
2 10781
1 11945
2 8614
2 3687
2 9549
1 189
1 9832
2 8932
1 2794
1 11949
1 1322
2 3684
1 9733
1 5851
2 3175
1 11140
2 11686
2 7742
1 4784
1 3317
2 3206
1 1891
1 5224
2 6491
1 8787
1 6056
2 7657
2 977
2 5584
2 8735
2 2365
1 8450
2 4146
2 8113
1 7654
2 8689
1 6564
1 4121
2 10775
2 7859
1 5860
1 804
1 11480
1 2672
1 324
1 11192
2 2982
2 101
2 6634
1 3242
2 7088
2 7269
1 4848
1 5670
2 7963
1 9971
1 2180
2 10859
2 6080
2 4905
1 489
1 4876
2 4009
2 1621
2 5013
2 11504
2 3031
2 1559
1 10673
2 6291
1 10047
2 9572
1 2844
2 8003
1 1288
1 4550
2 11848
2 5028
1 2510
2 6202
2 11611
2 6092
1 6434
2 336
1 8655
2 8552
1 6664
1 7374
1 9875
2 8373
1 8248
1 7981
1 2024
1 7080
2 2398
1 4539
2 2916
2 1319
2 4634
1 7576
1 2035
2 4909
2 4928
1 8057
1 3761
1 9225
1 6648
1 4776
2 3409
2 511
1 1056
1 8833
1 345
1 10150
1 2437
1 758
1 11747
1 11401
2 6798
1 4109
1 7614
2 935
1 4721
2 5085
1 10251
2 691
1 2716
2 1556
1 3777
1 372
1 11501
1 9332
1 7658
2 6726
2 3546
2 1681
2 2243
2 2999
2 5546
1 11957
2 4031
1 874
2 9690
1 11612
1 7716
1 10424
1 8794
1 5784
1 1325
2 1930
2 6221
1 9966
2 3687
2 7264
2 11212
2 4247
1 8852
2 2669
2 11299
2 2177
2 5899
2 3097
1 11826
2 2571
1 1238
1 1182
2 3182
1 2892
1 1842
1 10699
1 1118
2 4013
2 8819
2 4036
1 6942
2 2698
2 7453
1 6304
1 9887
1 885
1 7276
2 1770
2 4869
1 6355
1 1069
2 8928
1 9512
1 349
2 6658
2 4823
1 564
2 5056
1 3203
2 8309
1 7881
1 2654
1 1015
2 565
2 5499
1 1291
2 11423
2 391
2 9650
2 10320
1 2028
1 1229
2 652
1 4171
1 4899
1 2496
1 4182
1 4077
2 11264
2 10633
2 599
2 11835
2 10352
1 9416
2 101
1 6958
2 2582
1 3344
2 7310
2 7699
2 5991
2 1672
2 6320
1 5324
2 4686
1 6316
2 11009
2 2860
1 1769
2 5450
2 4744
1 8799
2 5066
1 2374
2 5346
2 6496
1 3318
1 3927
1 3294
2 4065
1 7177
2 5383
1 2114
1 2279
2 4977
2 11062
2 772
1 1418
1 5455
1 4344
2 3953
2 6457
1 8185
1 6003
2 2953
2 1941
1 26
2 9954
1 9376
2 5969
1 5744
2 9172
1 5919
1 8057
1 11885
2 10702
1 4866
2 5448
2 8055
2 3301
2 5688
1 3632
2 6216
2 6501
2 7270
2 5013
1 10767
1 8588
2 3235
2 3762
1 10956
2 7247
2 5597
1 7603
1 11320
1 500
1 4435
2 249
2 6427
1 4151
2 1113
1 2298
2 2900
2 5702
1 1080
2 3550
2 7893
2 133
1 4971
2 3491
2 4837
2 3242
1 2211
2 6714
1 8732
1 2849
1 4003
1 4679
1 6698
2 7562
2 6820
2 2405
2 7152
1 630
2 3123
2 4256
1 2852
1 7982
2 6574
1 3609
2 11666
1 9963
1 3115
1 10981
2 2102
1 5567
1 4209
2 10350
2 1347
1 9899
1 1501
2 10705
2 4544
1 7527
2 8862
1 4095
1 10693
2 2909
2 2170
1 2300
1 1058
2 8238
2 6471
1 8611
2 7256
1 1452
2 2866
1 2688
1 11550
1 2110
2 7259
1 4532
2 4670
1 11295
2 662
2 8468
1 6901
1 8447
2 6444
2 8682
2 11350
1 1920
2 5753
2 19
1 4904
1 10011
2 4492
2 5247
1 3683
1 7545
2 1705
2 53
2 2359
2 4186
1 4746
2 2028
2 5798
2 10289
1 1242
2 8019
2 4101
1 5701
1 2297
2 842
2 5983
1 5202
2 7419
1 5126
1 5393
2 7334
1 3304
2 1617
2 10159
2 3429
1 4797
2 5512
1 8029
2 5702
2 2794
2 7419
1 1207
2 4467
1 9234
2 4496
1 6890
2 5357
2 5359
1 9153
2 7225
2 11333
2 4587
2 2521
1 6041
2 1188
1 7112
1 5819
2 2229
1 8356
2 11896
2 6939
2 1130
2 5141
2 9926
2 8611
2 10412
1 3577
2 4395
1 3344
2 11648
2 3688
2 8922
2 8082
1 1312
1 6541
1 693
1 3503
2 8858
2 7623
1 2101
1 3168
2 8369
2 5161
1 3782
2 6547
2 8058
1 11386
1 11976
2 5288
1 1952
2 9046
2 6991
1 9972
1 2977
1 9163
1 1060
1 5505
1 8367
2 7900
1 9155
2 9131
1 2640
2 4514
2 571
1 1252
2 2270
1 7014
2 9936
1 6865
1 6855
1 8936
2 4220
1 1803
1 8142
1 8732
2 1930
2 2368
1 11689
2 6727
2 8314
1 528
1 6081
1 11942
1 1984
1 4976
2 2485
1 1544
2 3844
2 11753
2 2359
2 3247
2 835
1 11034
2 5965
2 5267
2 4589
1 8402
1 2129
1 1214
2 9669
2 1527
2 7090
1 8401
1 8740
1 2242
2 3377
1 1854
2 7447
2 3872
2 7621
1 10028
2 10396
1 10131
2 5623
2 5334
1 10537
1 8783
2 8518
1 4812
2 5029
1 3197
1 2948
1 7153
2 4813
1 7131
2 8504
1 9723
1 976
2 2778
2 2394
2 3158
1 4211
1 3743
2 2618
1 7201
1 7374
1 3747
1 1753
2 10255
1 365
1 11796
2 9390
1 3720
1 6416
1 5841
2 4738
2 2662
2 396
1 3377
2 3861
1 1112
2 4520
1 11292
2 8471
1 3234
2 9312
1 6352
2 7983
2 2970
2 4581
1 5854
1 9880
2 8173
2 7803
1 6923
2 8415
2 1208
1 8217
2 1200
1 102
1 1744
2 3405
2 4026
2 10916
1 1851
2 7414
1 11787
1 11971
1 7444
1 5992
2 2358
2 6144
1 9739
2 4299
1 3111
2 3183
2 5794
2 3708
1 6777
2 6516
1 785
1 10635
2 11646
1 2091
1 9507
1 763
2 5626
2 2305
1 375
2 677
1 2632
2 6105
1 5280
2 8598
1 2068
2 7272
1 7621
2 8044
1 6175
1 7480
1 354
1 7069
2 2943
2 1385
2 837
2 4272
1 6876
1 2956
2 1681
1 226
1 2100
2 1830
2 5791
1 1218
2 8856
1 9843
2 8024
1 565
2 5261
2 2497
1 7037
2 4851
2 11691
2 11056
2 671
1 360
2 4577
1 10840
1 7847
1 10580
2 9904
1 3043
1 2447
2 5291
1 3499
1 3983
1 5702
1 3190
1 1661
1 814
1 5200
1 5776
1 2403
1 4806
1 7460
1 4330
2 9038
1 1873
1 6669
1 8296
2 6850
1 7581
1 681
1 6914
1 3642
1 7405
2 4877
1 5795
2 3522
1 1463
2 191
1 3213
1 9947
1 6052
2 9627
2 6707
2 4474
1 11955
2 9711
2 4189
1 3690
2 630
2 3198
2 11816
2 7845
2 1171
1 5184
1 10820
2 7359
1 5764
1 11841
1 8660
2 3803
2 6231
2 7646
2 2962
1 6132
1 3983
2 6475
2 552
2 790
2 3522
1 4239
1 8983
2 6434
2 9817
1 3718
2 10676
2 4237
2 6931
2 8159
1 6022
2 7265
2 1890
1 4443
2 4490
1 4507
1 5037
1 5972
1 7151
2 6603
2 2252
1 11252
1 2746
1 2679
1 9039
2 5113
1 11939
1 6425
2 8471
1 10424
2 9430
2 2652
2 8858
2 5655
2 10547
1 1571
2 9732
1 7857
1 11246
2 3
2 7697
1 3958
1 8592
1 1380
1 5236
1 6856
1 8020
2 6851
2 5364
1 6911
1 1707
1 4243
1 6921
1 5766
2 8025
2 119
1 10211
1 9724
1 405
1 4937
1 163
1 5300
1 10381
2 2231
1 5856
1 3253
2 6944
1 4257
2 2340
1 7099
1 1314
2 2140
1 11116
1 2100
2 1883
2 1106
2 1388
2 1668
1 3016
2 7423
2 9800
2 11777
2 8184
1 6293
2 3740
1 3864
2 1585
1 5913
2 8341
2 10662
1 8073
1 4165
2 7509
2 2527
1 4205
1 9028
1 1587
1 3467
1 1598
1 1465
1 7033
2 2884
2 5390
2 2328
1 8741
2 11034
2 9799
2 5131
2 8520
2 2031
1 4005
2 11918
2 4074
1 2427
1 2199
2 4691
2 5060
2 9640
1 7362
2 10239
2 868
2 7031
1 4734
2 4524
1 3341
1 8218
1 8087
2 933
1 1972
1 5112
2 5549
1 5324
2 11588
2 1964
2 9908
2 4472
1 9434
2 8518
1 7093
1 6831
1 5354
1 4713
1 3595
2 6416
2 5529
2 9867
1 2983
2 10989
1 6849
2 4344
1 7981
2 5353
2 1616
1 8784
1 2868
1 5278
1 7337
1 1028
2 2058
1 11449
1 5313
1 11388
2 4686
2 6043
2 4931
2 2548
1 6611
1 250
1 7981
1 699
1 132
1 8127
1 7761
1 5330
1 2011
2 11846
2 8661
1 723
2 1384
1 5121
1 691
2 4072
2 3377
2 2197
1 1562
1 3023
2 8268
2 10075
1 10795
2 7837
2 70
1 9696
2 8764
2 3576
1 3583
2 517
2 7608
2 4923
1 9164
2 32
2 6781
2 6870
2 5204
2 8858
1 8765
2 9419
2 9395
1 2287
1 6815
1 9234
2 4635
1 1873
1 3323
1 5302
2 3406
2 1797
1 5761
1 8470
1 9412
1 6179
1 6162
2 7301
1 11691
2 5178
2 7396
2 8875
1 8898
1 8491
2 6243
2 4993
1 6078
1 1034
1 10315
1 9176
1 4677
2 1248
1 3471
1 595
1 1973
1 7435
2 3253
2 2025
2 3582
1 1948
2 3096
2 8900
2 8004
2 791
2 5189
1 3460
2 94
1 9239
2 2270
2 5533
2 9338
2 8552
1 10362
1 2101
1 7671
2 555
1 9378
1 11815
1 7785
2 1622
2 2518
2 6146
2 6072
1 369
2 134
2 5162
2 1889
2 7834
1 89
2 10102
2 5459
1 8130
2 11210
2 8113
2 11796
1 2510
2 4902
2 9946
1 8026
1 3286
2 6799
1 5188
2 5810
2 8553
1 732
2 1686
2 6556
2 8455
2 9175
2 9291
1 9261
2 2246
1 11869
2 691
1 3756
2 1678
1 11394
2 1201
2 597
2 5949
2 10282
1 3323
1 1113
2 3587
1 4017
2 1501
1 2716
1 3591
1 7876
1 11799
1 8534
1 7201
1 11046
1 378
1 6291
1 10301
2 11660
2 9678
2 4595
1 8318
1 2177
1 3247
2 5706
2 1273
1 1539
2 6572
1 5249
1 5014
2 739
1 11783
2 8243
1 3091
2 8713
1 695
1 9777
1 8640
2 10254
1 11849
2 5854
2 5060
1 3936
2 10203
2 11796
1 5014
1 7458
2 8063
1 8349
1 8069
2 5449
1 5278
1 1979
1 2353
2 7776
1 4819
1 4097
2 7919
1 5541
2 11467
1 4919
1 2601
1 4810
1 11756
2 9818
1 4956
2 8341
2 4843
2 7065
2 3224
2 736
1 10484
1 2682
2 9092
1 2521
1 1030
2 1907
2 375
2 4867
1 2516
1 5169
2 6975
2 19
1 2533
2 4212
2 8222
1 10517
2 7829
2 11633
1 8553
1 8741
1 5138
1 7055
2 744
1 7862
2 9888
2 6698
1 856
2 4814
1 2006
2 6675
1 5355
1 4199
2 2654
2 6286
1 1479
1 2223
1 9464
1 1043
1 4547
2 2185
1 3000
1 782
1 1293
2 2443
1 7876
2 11487
2 4135
1 2558
2 11415
1 8058
1 6853
1 2690
2 2496
2 6024
2 3665
1 8231
2 7331
2 2340
1 8488
2 11092
2 3575
1 4991
1 506
1 8995
1 7687
2 1372
1 11629
1 6019
1 7378
1 8533
2 9178
2 5013
2 7787
2 372
1 8143
1 9872
2 4889
1 2075
1 5451
1 10909
2 9400
1 10268
2 6725
1 5020
1 2070
2 9346
1 2438
1 7709
1 854
1 3655
2 1930
1 2055
2 2257
1 3707
2 6692
1 11093
2 3600
1 1027
1 4567
2 10196
1 4723
2 7319
1 1533
2 3494
2 3373
1 10275
2 1027
1 8610
2 3238
1 3400
2 4683
2 498
1 6456
1 3544
2 11849
2 4979
2 6770
1 11389
1 1286
1 10168
2 10072
2 7635
2 5345
2 2664
2 2977
1 7977
2 3849
2 2076
2 6488
1 7492
2 6468
1 5730
1 3835
1 5499
1 6027
2 3228
2 8799
2 2908
2 9067
2 7809
1 1738
1 11270
1 8421
2 3867
2 6103
1 1549
1 8591
1 1736
1 6358
2 7674
2 3282
2 3097
1 7753
1 1352
1 1578
1 11798
2 10441
1 10728
1 297
2 1912
2 4063
2 7549
2 6356
2 6445
2 11435
1 4480
2 1156
1 3128
2 5024
1 6302
2 2534
2 11310
1 6821
2 11573
2 411
1 4410
2 1014
1 1563
1 6169
1 8538
1 3745
2 4568
1 648
1 2367
1 7050
1 8102
1 8326
2 3185
2 40
2 8344
1 3204
1 7721
2 5957
2 208
1 6407
1 3318
1 5857
2 359
1 2568
2 24
1 1392
1 7177
1 7316
1 7496
2 5304
2 3350
2 1548
2 1902
2 244
2 2947
1 2950
2 3785
1 9459
1 6359
2 8458
2 1003
2 4730
2 8494
2 6134
2 11706
2 6014
2 2521
2 3355
2 9936
2 8651
1 1788
2 4414
1 4635
2 2591
2 79
1 3063
1 1598
2 6095
1 9565
1 149
1 3439
2 3618
1 10792
2 5273
1 503
1 5233
1 8515
1 8150
2 9493
1 2413
1 10647
1 10167
1 6107
2 8409
2 5983
2 697
2 2319
1 6987
1 10412
1 1453
2 2444
1 7471
2 5761
1 248
1 10142
1 7205
2 2968
2 754
1 4681
1 10942
1 6651
2 6922
1 5059
1 579
2 172
2 5248
1 8758
1 10733
2 2397
1 2602
2 4063
2 5134
2 9721
1 5616
1 1937
1 2855
1 7481
2 10864
2 1138
2 9968
1 944
2 282
1 11677
1 4435
1 4448
1 6005
1 895
1 11185
2 7202
2 440
2 8186
2 8892
1 8002
1 4370
1 10661
2 2619
2 10912
2 6915
2 6825
1 6185
2 2641
2 4289
2 742
2 2998
2 6715
1 5492
2 1132
1 4452
1 1213
2 793
2 2659
2 5580
2 3269
2 3779
1 10755
2 3639
1 3320
1 789
2 3868
2 8101
1 109
2 9002
2 8944
2 9289
2 1266
1 11917
1 5396
2 11786
1 9286
1 3937
2 6482
1 3876
1 8605
1 2811
1 10698
1 69
1 3616
1 3170
2 11948
2 6737
2 554
1 4566
1 5760
1 7295
2 10315
2 2726
2 7647
2 1561
1 3465
1 11929
2 119
1 4672
2 6170
1 1702
1 2634
2 11557
1 1547
2 9532
2 8336
1 7281
1 7485
2 1755
1 3121
1 5246
1 11107
2 4152
2 11179
2 2492
2 3557
2 573
1 5490
1 2093
1 2496
2 7110
2 2635
1 2505
2 6467
2 6597
2 5936
1 11067
1 1587
1 64
1 4623
1 2
1 10408
2 2958
1 10091
2 1041
2 8494
2 11101
1 4633
2 3151
1 7781
1 6031
1 2052
2 1816
1 6274
2 9912
1 4586
2 8794
1 10828
1 9538
1 2013
2 5752
2 8415
1 3274
1 931
1 1451
2 10956
2 640
1 1590
1 4636
1 7543
2 10986
2 10436
1 811
2 4535
2 3265
2 6224
2 9932
1 7674
2 10898
2 4592
1 5828
2 1599
1 6975
2 1901
1 7024
2 6618
1 8540
2 934
2 1119
2 7795
2 10291
2 5389
1 3635
1 6535
2 1984
2 1608
1 3524
1 5862
1 6325
1 3729
1 1596
1 6035
1 2103
2 8535
2 668
2 8648
2 3039
1 11867
1 2806
1 4271
1 5275
2 10899
2 10897
2 3210
2 4714
1 4747
2 392
2 10571
1 7171
2 5855
2 10763
2 5212
1 5903
1 8642
1 4509
1 10233
1 4554
2 3546
2 10196
1 7185
1 5670
1 11554
2 732
2 1386
2 7208
1 3974
1 3060
1 154
1 1545
2 10699
2 8623
1 11085
1 9270
2 1093
2 4021
1 806
2 10225
2 446
2 7360
1 6646
2 9485
1 2133
2 7871
2 6215
2 598
1 3645
1 7222
1 1268
1 4679
2 4474
2 8859
2 9006
2 11378
2 4648
2 603
1 7833
1 4476
1 11732
1 10323
2 7916
1 2430
1 2784
1 3960
1 533
2 7237
2 5091
2 4784
2 5427
2 11634
2 6311
1 7446
2 11738
2 10619
1 7401
2 2970
2 6322
2 680
2 5116
1 2078
1 11480
1 3671
2 6503
1 986
2 3324
2 2233
2 8515
1 3225
1 5697
1 10163
2 9630
2 5178
2 9345
2 4958
1 4570
2 240
1 2950
1 5447
2 9198
2 2082
2 2961
1 7919
2 2500
1 10860
2 2359
1 7788
2 7674
1 2204
1 8671
2 7142
2 7234
2 8693
2 7398
1 3995
2 7361
1 6736
1 8219
1 6172
2 5971
2 3926
2 451
2 2445
2 3877
2 5192
2 534
1 9545
1 4122
2 3575
2 2752
1 252
2 4103
2 3500
1 9985
1 7975
2 791
1 353
1 942
2 5824
2 8584
2 869
1 3245
2 2287
2 3948
1 8604
1 93
2 10194
1 5929
2 3581
1 3692
1 7513
2 1753
1 7955
2 8414
2 3115
1 8298
2 1853
1 429
1 6688
1 351
2 1389
1 9508
2 3460
1 6573
1 236
1 386
2 5242
2 8575
2 10133
1 7997
1 7479
1 1683
1 5110
2 10717
1 2339
2 4667
2 658
2 861
1 3964
2 3165
2 6146
1 4589
1 7890
2 11444
1 4175
2 7827
1 5580
2 5100
1 9497
2 11589
2 33
2 7625
2 6259
2 7632
2 2656
2 7297
2 9572
1 9205
1 5385
2 7165
2 7720
2 7654
2 5585
2 7836
1 10222
1 301
1 10370
1 8880
1 11159
1 5542
2 4153
1 6719
2 669
1 6144
1 391
1 7012
1 4298
2 3008
1 7632
1 8107
1 10844
2 4958
2 6382
2 7321
2 7912
1 9926
2 4111
1 4577
1 10708
2 632
1 10611
1 3952
1 6555
2 5960
2 9359
1 1058
2 1581
1 4671
2 6605
2 5226
2 11724
2 11128
1 2154
2 8783
2 10544
2 2436
2 950
2 9577
1 5956
1 2663
2 5911
2 2760
2 8231
1 633
2 11847
1 1805
1 1388
1 6341
1 945
1 4335
2 5690
1 4173
1 9048
2 10712
1 1389
1 7812
2 5168
1 7749
2 10483
1 10578
2 2883
1 5194
2 11120
2 6996
2 1582
2 8235
1 10010
2 6234
1 3585
1 6340
1 8862
2 4647
1 6978
2 5186
1 8377
1 8788
1 458
1 5223
2 415
2 910
1 11431
1 4874
2 6488
1 4787
2 8440
1 7605
2 11198
2 1721
2 5461
1 1926
1 3841
1 391
1 1124
2 654
2 1731
2 2137
2 2597
2 11573
2 1692
1 2848
2 8999
2 884
2 1878
1 5664
1 4240
2 7289
2 1618
1 4753
1 8633
2 11174
1 5570
1 7583
2 4687
1 3347
2 9613
1 7978
1 3380
1 3175
2 6735
1 10119
1 5372
1 9987
1 7413
1 5628
1 6705
2 8632
2 4325
2 9927
2 47
2 140
1 7828
1 8280
1 7976
2 6713
2 5486
2 6803
2 10721
2 4429
2 3443
1 4240
2 2867
2 3339
2 4276
1 3162
2 10987
1 6824
2 3033
2 5171
1 7147
1 1583
2 1438
2 750
1 5351
1 9182
2 3346
1 8659
1 6312
2 231
1 8055
1 3359
2 6093
2 1200
2 3812
2 4610
1 1221
2 6643
1 11782
1 4767
2 4597
2 6047
2 10650
2 1039
1 10808
2 9012
2 2645
1 4830
1 2683
1 9227
2 9565
2 7405
2 5565
1 2604
2 7597
2 2510
2 6997
2 10678
1 7701
2 1771
1 11787
2 4475
2 4151
1 2272
1 6813
1 11329
2 3115
2 4604
2 6748
2 8643
1 2012
1 9412
2 10893
1 1965
2 11497
1 10864
1 4489
2 8643
2 3333
2 1388
1 10045
2 91
1 2872
1 6104
1 6378
1 1630
2 9115
2 6216
1 4294
2 3724
2 2623
1 3333
2 6585
2 4469
1 2535
2 5962
2 4673
1 1024
1 8362
2 2344
2 1263
2 9832
2 1042
1 5442
2 7784
2 7161
2 11551
2 274
2 2789
2 11064
2 453
1 6786
2 10963
1 9336
2 5770
2 308
2 6483
2 3974
1 11817
2 2459
1 10843
2 5950
1 1873
2 95
2 5779
1 8468
2 3207
2 1501
1 7449
1 5164
1 11327
2 8293
1 8317
1 6178
2 8583
2 5946
1 8294
1 2691
1 5533
1 5749
2 1740
1 3185
2 2196
1 4290
1 6172
2 8035
1 691
2 8673
1 8087
2 8259
2 11605
2 2823
1 11858
1 8910
1 8362
1 3963
1 1592
2 5112
1 1781
1 6650
2 2371
2 709
2 9100
1 6835
1 11079
2 4497
2 1500
2 7627
2 5831
1 3529
2 4546
1 9081
2 1758
2 5840
1 9138
2 4619
1 9560
2 5339
1 10451
1 6240
1 8086
1 7797
1 5537
1 6668
1 8941
2 9467
1 8619
1 1688
1 5863
1 5889
1 563
1 10783
1 5985
2 1772
2 5456
1 8434
2 9100
1 6294
2 9039
1 11573
1 6956
2 11501
1 6542
1 5215
2 8572
1 2708
2 5471
2 11806
2 3399
1 11552
2 5483
1 5200
1 8688
1 6748
2 4749
2 11275
1 8076
2 5638
1 5554
1 8406
2 5283
2 2672
1 7168
1 2126
1 8754
1 11615
1 6252
2 7171
1 6316
2 6383
1 2530
2 11256
2 8308
2 46
2 1857
1 2246
1 7364
1 5853
1 540
2 7033
2 8042
1 5362
2 8602
1 11058
1 1254
2 8120
2 11831
1 6307
1 2093
2 8589
2 9697
1 2102
2 11689
2 483
1 6364
1 2823
1 3223
2 11584
2 6495
2 3813
2 5511
2 9503
2 11220
1 7765
2 7679
2 524
2 5979
1 10350
2 632
2 7723
2 5768
1 8638
2 5760
2 3538
2 2241
2 3236
1 11063
2 4074
2 1921
2 4276
2 8978
1 7570
2 3191
2 3447
2 5307
1 6428
2 5768
1 9864
2 3854
2 11407
1 40
1 4440
2 7389
2 4003
1 11973
1 1034
2 10478
1 1608
2 477
2 4856
1 792
2 8383
2 6499
1 7500
1 1673
2 5535
1 446
2 1544
2 8707
2 3153
2 8074
2 10079
1 6330
1 8212
1 5333
2 2425
2 4440
1 1531
1 7682
2 7091
2 3193
1 1194
1 5898
1 4284
2 2735
2 1085
2 4502
2 6457
2 2495
1 1888
2 838
2 1475
2 10338
1 3512
2 10925
2 6724
1 2054
1 4121
1 6419
1 637
1 5162
2 6285
1 2194
2 5762
2 133
2 5300
1 1497
1 2172
2 1312
2 4894
2 7724
1 9031
1 3703
1 11443
1 2690
1 6194
2 10716
2 9867
2 1670
1 6434
2 1140
2 7575
2 9398
1 5999
2 5688
1 5174
2 4391
1 5956
1 21
2 1984
2 6975
2 8323
2 9325
1 7711
1 2105
2 11455
1 7220
1 4464
2 7749
1 10209
1 4531
2 775
1 5894
2 11524
2 6696
1 8265
1 658
1 2169
2 3652
1 5552
2 8725
1 4355
1 972
2 8490
1 110
1 10140
2 6873
2 9049
2 10320
1 11534
1 1848
1 6197
1 11778
2 1723
2 11403
1 8358
2 6944
1 438
1 806
2 490
2 9464
2 5671
2 4018
1 5045
2 3342
2 8331
1 5869
2 1388
1 11193
2 1521
1 9480
2 489
2 5763
1 3390
1 1864
1 2074
2 4844
2 1226
2 5
1 8738
1 2056
2 11105
1 3886
1 5143
1 4413
1 9412
1 8292
2 4770
2 10534
1 10373
1 3259
2 11010
2 5171
2 11310
1 11612
2 10728
2 5606
2 826
1 5765
1 4924
1 8535
2 5018
1 6983
1 11416
2 1265
2 1394
2 10374
1 4456
1 4018
2 10202
2 5117
2 6384
2 11791
2 11006
2 3640
2 9126
2 6543
1 2046
1 2200
2 4339
1 8779
2 5774
1 8563
2 1270
2 6548
2 6262
1 7537
2 929
2 11533
2 1235
2 5616
1 4602
2 1772
1 3509
2 3329
2 9147
1 11325
1 3840
2 7912
1 7539
2 2272
2 3627
1 10624
1 7587
1 4102
2 7651
1 8533
2 5602
2 4984
1 11433
1 5256
1 3609
1 10736
1 3536
2 782
2 3208
2 3357
2 1280
1 3633
1 4671
2 2659
2 10934
2 9966
1 11301
1 3449
1 10689
2 6838
2 10421
1 5193
2 11814
1 4269
1 6683
2 788
2 9213
2 3790
1 11260
2 7948
2 1842
2 1765
1 2572
1 6168
2 11461
2 1203
1 9973
1 307
1 939
2 3437
2 534
1 1741
2 11499
1 1821
1 5058
1 7369
2 2913
1 512
2 1981
2 7421
2 10942
1 9446
2 6819
2 7733
2 1254
1 4854
1 2561
1 7440
1 5521
1 3495
1 2233
2 3137
1 10762
1 2760
1 8258
1 8911
2 1171
2 5401
1 7974
1 1782
2 2879
1 3823
1 1187
2 8996
1 8439
1 7476
1 10346
2 1661
1 2550
1 2565
2 8291
2 8696
2 2733
1 1938
2 3079
2 6655
2 6015
1 10689
2 11300
1 11411
2 8261
2 5772
1 188
2 3397
2 7980
1 3486
2 3430
2 4414
1 4754
1 1594
1 1772
1 1368
2 3405
1 1460
1 3180
1 4035
2 7236
1 7286
1 9176
1 7457
2 6836
2 6589
1 7189
2 4362
2 9676
1 3481
1 11551
1 2825
2 7569
2 11952
1 804
2 8573
1 11227
2 5500
2 5188
2 537
1 10678
1 11368
1 6008
2 9956
2 483
1 1911
2 3144
2 5818
2 1876
2 1181
2 3379
1 3849
1 6643
2 1092
2 1035
2 3989
1 8379
1 5128
2 4021
2 10196
2 6237
1 7163
1 7438
1 4722
2 10237
2 9666
2 11201
2 110
2 2899
2 7479
2 9682
2 2748
2 10890
1 6373
2 2294
2 4737
2 3780
2 8559
1 4249
1 4570
1 4340
2 201
2 8567
1 4886
2 1027
1 8348
1 1795
1 4407
1 940
2 3879
2 10819
2 4821
1 4031
2 11385
2 6321
1 1211
1 7490
1 6008
1 7164
1 9127
2 9835
2 6589
1 4965
1 7374
2 10567
1 2389
2 6978
1 11574
1 1687
2 9666
2 4863
2 9914
1 462
2 120
1 376
2 138
2 6676
2 8128
2 4480
1 8713
2 1125
2 920
1 157
1 10477
2 1523
1 3697
1 9706
1 770
1 3648
2 10768
1 2515
2 3111
2 2981
2 10862
1 4252
2 10607
2 10510
2 5689
1 9595
1 4130
1 859
2 976
1 5914
1 2522
2 5984
2 6922
1 822
1 1286
2 5958
2 4655
1 4194
1 2826
2 5928
1 1950
1 2533
1 5788
1 10327
2 37
1 9175
2 4265
2 951
1 8588
1 232
2 2862
2 8896
1 3179
2 10842
1 1024
2 3901
1 9391
1 4066
1 1989
1 336
2 6618
2 10410
1 3448
2 10572
2 10207
1 9074
1 6857
2 6394
1 9770
1 9194
1 1978
1 4725
1 11510
1 8058
2 995
2 4909
1 11957
2 3931
1 11407
2 3720
1 9259
1 2139
1 8637
2 4060
2 6803
2 8412
2 10816
2 3542
2 11001
2 693
1 11583
2 311
2 4799
2 7280
1 8598
1 11505
1 7192
1 2379
2 2227
1 2351
1 10159
1 8119
2 7322
1 6506
2 8065
2 2460
2 10721
1 8884
1 7391
2 3091
2 7828
1 8658
1 2958
2 2442
1 2003
1 6265
1 6919
2 5796
2 1327
1 2616
1 406
2 2166
1 10961
2 6287
1 4415
2 11531
1 6259
1 1680
2 8244
2 7137
1 3460
1 1349
2 5664
1 3690
1 6856
2 649
2 4928
2 11851
1 5974
1 8717
2 4357
2 2624
1 8473
1 1621
1 2707
2 6199
1 10448
1 10456
2 9253
2 7441
2 4749
2 1924
1 2343
1 1252
2 3321
2 6456
2 4442
1 91
2 9871
1 2376
1 5044
1 596
2 7933
2 6524
2 3741
1 2081
2 1734
1 11377
1 7794
1 6728
1 1379
1 4023
2 326
1 6115
1 7741
1 81
1 1916
1 1153
2 3540
2 728
2 2223
2 7875
2 9659
1 3416
1 3467
2 639
1 5945
2 3090
1 8241
1 5505
2 7722
1 9721
1 1494
2 9157
2 10941
2 4629
1 996
2 9246
1 724
2 4066
2 5976
2 1202
1 7174
1 2033
1 10082
1 9531
1 5344
1 11590
2 7145
2 7592
2 11999
2 8025
2 5860
1 8314
2 248
2 11126
1 4514
1 1864
2 6801
2 11613
2 2786
2 2396
1 7717
1 5763
2 1276
1 3603
1 6628
1 10798
2 11351
1 10592
2 11440
1 8477
1 5168
2 5001
1 1985
2 5598
1 4794
2 1225
1 5378
2 2389
1 3032
2 1261
1 2162
1 2140
2 6276
2 55
1 9860
2 3005
1 7372
2 4382
1 7935
1 7066
2 5744
1 8075
2 3679
2 7398
2 2757
1 1566
1 2290
1 8554
1 7413
2 5607
2 3420
1 8449
1 3452
1 8238
2 8051
1 1179
2 4780
1 9931
1 1092
1 797
2 2603
2 2446
2 1516
1 7552
2 5040
1 8313
2 1919
2 7086
2 777
2 961
1 3781
2 4872
2 10552
2 5937
2 6744
1 11907
1 11921
2 4294
1 7304
1 4262
1 8638
1 6932
2 5047
1 9742
1 987
1 8639
1 3997
2 394
1 8442
1 6467
1 5348
2 9055
1 4800
1 10893
1 397
1 2821
1 3495
1 384
1 6538
2 1319
1 4154
2 6289
1 5154
1 7304
2 5340
2 4523
2 1969
2 3417
1 9601
1 7724
2 4964
1 5444
2 2866
1 2054
2 4321
1 1732
1 4621
1 5086
2 5597
1 1706
2 8868
2 7568
2 5860
1 10713
1 10650
2 7658
1 8758
2 6891
2 3209
2 4717
2 11140
2 1738
2 9470
2 9903
1 6486
2 5784
2 6618
1 11227
2 2792
1 11976
2 1779
1 7567
1 1417
1 6466
2 786
2 6845
1 5627
2 5411
1 11283
2 7307
1 1173
2 1499
2 4456
2 4819
1 3492
1 8013
2 1558
2 7715
1 1701
2 10322
1 2294
2 606
2 4301
1 7063
1 3381
1 2490
1 6594
2 8122
1 8981
1 10592
2 735
1 9712
1 2057
1 11759
2 3956
2 11618
1 2237
2 5561
2 2499
1 4620
1 7052
2 8644
2 3268
2 1469
2 3528
1 2954
1 6722
2 5274
2 11318
1 7354
1 1180
1 1595
2 5550
1 4501
2 2981
1 556
1 1856
2 9586
2 3141
2 205
2 8170
2 6778
2 469
1 2674
2 7651
2 9548
1 6727
1 3268
1 11443
1 10843
1 11323
1 1886
2 856
1 3595
2 5739
2 10001
2 4483
1 2327
2 4416
2 7968
1 568
2 6318
1 3067
2 10501
2 7858
1 4465
2 7757
1 4939
1 317
1 9879
1 3711
2 1841
1 7546
2 11562
1 7819
1 7757
1 8159
1 3335
2 8256
2 4166
2 7476
1 10177
2 8099
1 1817
1 2775
2 3039
2 3592
2 4790
2 409
2 5369
2 5053
1 5184
1 8639
1 6431
2 8544
1 4752
1 8481
2 4947
2 2820
2 242
1 11502
2 4906
2 2736
2 7687
1 11622
1 5102
2 1151
1 4705
1 799
1 3135
2 11457
2 2218
1 1025
2 4205
1 5977
2 1406
2 6506
2 7936
1 5917
1 9452
1 1706
2 5969
2 730
1 5625
2 11400
2 5134
1 7949
1 10909
2 11068
1 6009
1 746
2 3652
1 4530
1 586
1 2265
1 1550
2 2989
2 11176
1 7059
2 719
1 7938
2 2580
2 6090
1 8175
2 9465
1 7647
1 4959
2 2028
2 4592
1 5166
1 1258
2 7219
1 4695
2 3325
2 5461
2 10379
1 3413
2 1018
2 1537
1 8682
2 11649
2 3333
2 3263
1 3966
2 9674
1 7223
1 5496
2 5318
2 1392
1 9944
2 679
1 2773
1 2792
2 11687
2 7065
1 4406
1 7484
1 5909
1 6196
2 3907
2 11497
1 4458
2 10701
1 940
1 4543
1 1023
1 5808
1 918
1 2085
2 3523
1 10108
1 3865
1 5106
1 215
1 5412
1 3138
1 8053
1 6737
1 5711
1 2799
2 10189
1 9948
2 3065
2 6069
2 7730
2 5622
1 9680
1 10429
1 10155
2 7249
1 920
2 5187
2 4533
1 11155
1 5256
2 6614
2 802
1 3798
2 3786
2 5563
2 8440
2 11241
1 1150
1 5706
1 8238
1 6637
2 152
2 5198
2 9170
1 6201
1 2878
2 649
1 9894
1 3350
2 6891
2 5583
2 2430
2 867
1 11310
2 5382
1 9700
2 10002
2 7820
1 6092
2 1397
2 4521
2 11545
1 9553
1 9409
1 3
1 6723
2 2553
2 654
2 6380
1 9768
2 11227
2 7157
1 5129
2 59
2 101
1 2916
2 5997
2 7811
2 6677
1 7098
1 5157
2 9212
1 11745
1 6031
1 8589
2 7252
1 16
1 5961
2 3960
1 6126
1 7999
2 168
2 1901
2 579
1 1758
1 5915
1 836
2 4636
2 8208
2 3752
1 2765
1 1145
2 142
2 6664
1 138
2 10093
1 3876
1 7560
1 1200
2 9408
2 3538
2 9546
1 4297
1 5932
1 1069
2 3746
2 2805
2 416
1 6236
2 857
2 8228
2 224
2 7899
1 1006
1 9790
1 2211
1 6843
1 720
1 3419
2 4852
2 7232
2 7909
2 9835
1 7153
2 7778
1 1638
2 3728
2 6831
2 3245
1 10688
2 9727
1 3252
2 2273
2 5364
1 547
1 9339
1 2450
2 408
1 1145
1 4564
1 10792
1 8533
1 3829
1 10882
1 7168
2 10759
2 9532
1 2683
1 2506
1 10912
2 6951
2 619
2 9482
1 2149
1 10951
2 4977
1 5079
1 3343
2 8347
2 10464
2 5470
1 3339
1 5883
2 7775
2 9536
1 5530
2 10065
2 106
2 1168
2 10770
2 1627
1 1839
2 8054
2 10139
2 1099
2 3250
1 6031
1 2356
2 4391
2 10154
2 9130
2 10891
1 11785
2 4801
1 11660
2 648
1 6783
2 2487
2 3374
1 195
1 2060
1 9568
1 506
1 11401
2 7589
2 9794
1 369
1 1403
1 5397
1 8056
2 10887
2 3663
1 3418
1 8306
2 5541
1 2285
1 1830
2 1330
1 2631
1 1107
1 2943
2 5328
1 1180
1 8978
2 1887
2 5111
1 2857
1 4431
2 4693
2 869
2 837
2 6691
1 7778
2 335
1 1150
2 2842
2 4380
1 3740
2 10963
1 9496
2 9167
1 8325
1 8120
2 303
1 10999
1 6107
2 6390
2 4427
2 9895
2 6273
1 9192
1 9478
1 8453
1 8365
2 5502
2 340
1 4843
2 2411
2 3774
2 6905
2 2120
1 4763
2 5566
2 8013
2 7101
1 878
1 9356
1 9087
2 2177
1 3661
1 7590
1 399
2 2685
1 9970
2 9762
2 11059
1 2768
1 236
2 9351
2 4403
2 4013
2 9311
1 3090
1 8013
1 2264
2 8738
1 5330
1 5297
1 10156
1 5183
2 268
2 5862
2 888
2 6583
1 504
1 9891
2 10941
2 1852
2 5155
2 10103
2 4818
1 757
2 8907
1 2626
2 2113
2 5661
2 1093
1 9146
2 6279
2 7908
2 2330
2 9671
2 5592
1 8365
1 5317
1 11174
1 2872
1 9070
2 279
1 10250
1 643
2 2291
1 1044
2 3478
1 7206
2 2203
1 3444
2 741
2 4131
2 601
2 5731
2 4546
1 3921
2 5844
2 10720
2 10768
2 7226
1 7688
2 11010
2 8164
2 9627
1 1347
1 11310
2 8070
2 2120
2 3433
2 5250
2 8275
2 390
1 4369
2 814
2 11518
1 8270
2 2213
1 10421
2 778
2 7664
2 1574
2 2865
2 593
2 6350
2 2085
1 11884
1 5153
2 3325
2 4587
2 7688
1 5338
2 1416
1 8722
1 791
1 2097
1 7597
2 4234
2 3427
1 1520
2 6237
1 7669
1 11880
2 8243
1 4544
1 9259
2 6550
1 4269
1 6159
1 5815
1 6640
2 3169
2 2936
1 7032
1 1327
1 4329
2 5662
2 6881
2 1567
1 10578
2 8951
1 7801
2 7616
2 4926
1 5228
2 9052
2 11334
2 7777
2 2587
2 6328
1 6970
1 4165
1 5432
2 305
2 5815
1 5927
2 5448
1 9981
2 7182
1 8823
2 5509
1 808
1 6019
1 8443
2 9150
1 10066
2 2542
1 11212
1 6516
2 2412
1 11579
1 791
2 1565
1 6687
2 8393
1 5278
1 10820
1 1348
2 3918
2 10421
1 4615
1 7309
1 7538
2 9158
2 3576
1 3259
2 4816
1 1485
1 829
1 9158
1 7865
1 11580
1 6673
1 57
2 2032
1 1240
1 2976
2 1010
2 302
1 9658
2 206
1 6790
1 2336
2 7216
1 4625
2 3291
1 9060
1 6521
2 2738
2 3436
1 7440
2 5164
1 4081
1 5705
2 9419
2 9874
1 8926
1 4533
1 1490
2 4999
1 1568
1 1798
2 1524
2 8861
2 5617
1 8808
1 10998
2 8889
1 10240
1 1818
2 10320
2 10932
1 3182
2 7439
1 7406
2 9819
1 7666
2 4047
2 9808
1 7632
2 3606
1 5684
2 10411
2 7686
1 5463
2 10893
2 6981
1 5001
2 1352
1 5278
1 4829
2 10164
1 5392
2 5757
1 8545
1 4601
1 2695
2 7159
2 11157
2 4029
1 9917
1 2825
2 7923
2 6681
1 3507
1 4936
1 7974
1 7258
1 4608
2 7770
1 909
1 8737
1 3502
1 10682
1 11263
1 1124
1 4699
2 6168
2 10977
1 9611
2 9880
1 8726
2 7441
2 3060
1 2413
1 7276
2 159
1 4816
1 9106
1 3589
1 6830
1 8452
1 3831
2 4288
2 3287
1 8169
2 5630
2 1008
1 4839
2 268
1 5756
2 124
2 6556
2 5582
1 4284
1 5568
2 1740
1 6693
1 3035
1 6442
1 542
1 697
1 5613
2 4030
2 11854
2 7848
1 2359
1 2514
1 6446
2 6979
1 9971
2 2194
2 6720
1 6798
1 1423
2 3006
1 4509
2 7044
2 9614
2 2695
2 3185
2 2737
2 5029
2 9462
2 8252
2 4758
1 8031
1 11397
2 7506
2 5225
2 6106
2 1475
2 3964
1 8562
1 5575
1 8724
1 1909
1 7375
2 7342
2 8175
1 7406
2 5104
1 1256
1 8223
2 8683
1 5628
2 10052
2 5699
2 6531
2 2571
1 2370
2 11725
1 580
1 8937
2 731
1 9446
2 9421
1 2010
1 1367
2 8841
2 1842
2 2704
2 8693
1 6180
1 6843
2 1430
2 8103
2 6426
2 10597
1 7337
1 11859
2 8420
1 9120
2 11897
1 1779
1 10539
2 9423
2 10349
1 6390
2 8239
1 3147
1 7164
1 1501
2 7907
2 8673
1 3221
1 10782
2 2126
2 5871
2 9464
2 4837
2 6956
2 1643
1 731
1 4430
2 7084
2 1468
2 6374
2 2988
1 9136
1 63
2 3510
2 9253
2 4719
1 3587
2 6142
2 1043
2 8854
1 10029
2 9985
2 1029
1 11810
2 3605
1 8089
2 5916
2 8200
1 9799
1 3860
1 719
1 2702
2 7491
2 10866
2 7367
1 4879
2 7421
1 8520
1 3332
2 7099
1 9438
1 3616
1 9334
2 2772
1 6529
2 3895
1 2788
2 8466
2 8887
1 3773
1 2633
1 4032
1 7204
1 6712
1 177
2 3517
2 4927
1 226
1 449
1 1180
1 374
2 3974
2 9229
2 1220
1 6855
1 807
1 3199
2 8433
1 8840
1 441
2 4567
2 4753
1 11041
2 8230
2 8165
2 11336
2 10605
1 4267
1 1041
1 9132
1 5020
2 4344
2 2515
1 4554
2 10804
2 10323
1 5659
1 2079
1 7595
1 3605
2 4779
2 7039
1 1966
2 9836
2 10616
2 882
2 1854
1 7799
1 2029
2 1522
2 6413
1 9710
2 615
2 6191
1 645
2 3671
2 9818
2 3211
2 2818
1 10322
1 7274
2 6110
2 6835
1 11790
1 1043
1 8050
1 5533
1 5457
1 8450
2 6600
1 5400
2 6644
1 6970
1 2354
1 7760
1 2564
2 2032
2 503
1 293
1 2435
2 6863
2 5203
1 1803
1 5157
2 5877
1 9940
1 6539
2 1780
1 4083
2 2397
2 3008
1 4908
1 2833
1 9638
1 9563
2 4895
1 6184
2 5467
2 4480
1 1906
1 4839
2 6265
2 2054
1 3070
1 2702
2 852
1 9787
2 3664
2 2550
2 979
2 61
2 1226
2 6631
1 3378
2 4290
2 1536
2 3136
2 6912
1 5554
2 10011
1 10067
1 6815
1 8168
1 186
1 6213
2 7110
2 7284
1 2828
1 755
1 9666
2 4347
1 1846
2 6568
2 176
2 5654
2 2067
1 808
2 9573
2 9999
2 3024
1 9321
2 6663
2 5735
1 7532
2 4340
2 1873
2 10003
1 3678
1 6792
2 7635
2 10746
2 4206
1 23
2 4463
2 4440
2 6234
2 7527
1 3229
2 3999
1 10675
1 7026
1 1896
2 6224
1 3070
2 6695
2 7055
1 5606
1 6132
1 5735
2 9477
1 9196
1 1378
1 8649
1 3218
2 11970
1 5097
2 918
2 11823
2 988
2 5567
2 9325
2 3022
1 4483
2 7053
1 10592
1 11727
1 4050
1 4751
1 7734
1 2924
2 2554
1 2838
2 7815
2 7022
2 3583
1 5449
1 11427
2 5238
2 1240
1 3680
2 11
2 9909
2 563
1 9384
2 3222
2 1460
2 9038
1 514
1 8141
1 6285
2 9375
2 36
1 9904
1 6831
2 9518
1 3158
2 5263
2 4607
2 8374
2 9046
2 2482
1 10897
1 10183
2 11637
2 2321
2 755
2 9510
2 311
2 7356
1 10211
1 8268
1 9207
2 85
2 10292
1 8899
1 3777
2 6577
1 4589
2 364
2 1526
2 6170
2 1930
1 8444
1 5067
2 6544
1 1208
2 1754
2 11979
1 11907
1 5021
1 2402
1 816
1 4731
1 2542
1 5733
2 8238
1 8433
2 7960
2 8711
1 8297
2 3923
2 3544
1 2016
1 7897
1 11555
1 7970
1 3388
2 10445
1 632
2 5886
1 5755
2 5029
1 3548
1 7813
1 11857
1 10262
2 4877
1 2217
1 7175
1 587
2 2781
1 4203
1 2744
2 2142
1 1361
2 99
2 8437
1 4195
2 1349
2 4347
1 2273
2 3197
2 2950
1 3956
1 4662
1 5479
1 567
2 7903
1 5598
2 2892
1 7693
2 8549
2 11099
2 1231
2 10899
2 11073
2 8128
2 9605
2 2919
1 4000
1 1685
1 438
1 2523
1 72
1 3159
2 9951
1 2101
1 6190
1 373
2 6675
2 5423
1 8318
2 7669
1 11189
2 4183
2 1783
1 3533
2 2367
2 8720
1 5132
1 11946
1 7007
1 6448
2 2628
1 204
2 2261
1 9536
2 5531
1 10920
2 7926
2 3071
2 8319
2 8037
1 8140
1 10623
1 7860
1 8255
2 1556
1 294
2 3825
2 6311
1 11998
1 7854
2 10816
1 5217
1 528
2 3910
2 513
1 5573
1 6596
2 2159
2 1384
1 11231
2 8293
1 1663
2 3323
2 3727
2 3862
1 3618
2 7861
1 8745
1 11211
2 116
2 2853
2 8597
1 1614
1 6952
2 4720
2 11793
2 3419
1 11204
1 10859
2 11562
1 3332
1 5763
1 9473
1 9159
2 6159
2 8337
1 5715
2 10110
2 1043
2 7250
2 9235
2 5405
2 11870
2 8028
1 9448
2 5474
1 626
1 8153
2 9582
2 6499
2 291
2 2918
1 4595
1 7656
1 10235
1 11766
2 11418
2 9611
1 8086
2 4176
1 10300
1 4895
1 4230
1 10348
2 4002
1 3046
2 8336
1 826
2 108
1 89
1 5741
2 2139
2 877
2 7268
1 3243
2 11846
1 3437
2 3335
2 9065
1 69
1 134
2 1463
1 1918
1 9493
2 9991
2 8347
1 11923
1 1706
1 8340
1 4239
2 6020
1 936
2 4772
1 7620
1 9859
2 9963
2 7266
1 1118
1 9237
2 6048
2 3564
2 7605
1 339
2 4426
2 887
2 1237
1 8298
1 7038
2 2569
2 5118
1 8540
2 3142
1 3805
2 10532
2 5693
2 7010
2 35
1 3888
2 3286
2 3491
1 7486
1 3517
1 1765
2 366
2 4516
2 8507
1 4539
2 9343
1 513
1 4464
1 6653
1 10595
2 8500
1 1298
1 11332
1 1021
2 5456
1 8879
1 541
2 7138
1 3580
2 2245
2 6794
1 765
2 1268
1 3754
2 3295
2 8716
2 10406
2 11717
1 3781
1 2529
2 10006
2 4435
2 9786
1 193
1 155
2 1636
1 4207
1 3305
1 3071
2 1019
2 5993
2 8676
1 7555
1 6801
1 3137
2 758
1 8696
2 11378
2 5860
2 2836
1 2983
1 8990
2 7187
2 7017
1 4810
2 4490
2 10628
1 5011
2 6865
2 1053
2 4479
2 7076
2 670
2 5139
1 7394
1 2530
1 1929
1 6237
2 2878
2 5351
2 8189
2 9407
1 5047
2 2114
2 5144
2 1521
1 7784
1 2548
2 1263
2 9534
1 9757
2 4435
2 745
2 4776
2 8695
1 11754
1 7103
2 3554
2 7372
1 9143
2 4322
2 7797
2 836
1 3469
2 7861
2 2620
1 285
1 5104
2 5998
2 1160
1 1256
2 10299
2 4729
1 5564
1 457
2 5885
2 5910
2 5554
2 8155
1 11991
1 4502
2 8532
1 5354
2 9087
2 2146
1 643
2 11447
1 8289
2 8436
2 9076
1 663
1 8281
2 1307
2 3470
1 1460
1 5498
2 7579
2 4718
1 1771
1 6795
1 5067
1 5636
1 10893
1 10884
1 4406
1 2579
2 7550
2 4277
1 11034
1 5076
1 3513
2 3999
2 11372
1 9171
1 2154
2 3097
2 7154
2 16
1 11186
2 4013
2 1479
1 6335
1 2950
1 440
1 731
1 9673
1 5040
2 8269
1 977
1 5194
1 5549
1 8563
2 1759
1 7281
2 2957
1 7458
2 4849
2 5923
2 5431
1 266
1 7622
1 11415
2 9506
2 11405
2 1681
1 1403
2 2045
2 1152
1 5817
2 5166
1 11272
2 7470
1 4058
1 3460
2 3832
2 6484
2 4354
1 6693
2 2647
2 8038
1 8821
1 5422
2 930
2 9288
2 8618
2 7791
2 1001
1 2454
2 5771
2 7916
2 6194
1 4445
1 2393
2 7516
1 6935
1 5888
2 4389
2 1260
2 2531
1 1556
1 4568
2 4285
2 7449
1 2052
1 6540
1 3266
1 9293
1 5966
1 3089
2 9667
2 7273
1 8675
2 11497
2 2396
1 5610
1 6699
2 1964
2 3551
2 192
2 1759
1 8037
2 10798
2 945
2 2253
2 9683
1 1474
1 5911
1 11512
2 4841
1 1927
1 8733
2 4693
2 5454
2 2877
1 3078
1 5071
2 11518
1 1881
1 8934
2 7748
1 4231
1 8577
1 9991
1 6438
2 9005
1 724
2 5669
2 2907
2 806
1 1792
2 5618
1 1341
1 8126
2 6889
1 1779
1 4283
2 3445
1 6697
1 2466
2 11957
2 5692
1 971
2 2922
1 2404
1 11676
2 1135
1 9134
2 3152
1 6127
1 11817
1 8738
1 6616
2 5156
1 3329
2 9487
2 1966
1 2495
1 6164
1 10036
1 4408
2 1303
1 8594
1 3680
1 8016
1 6903
1 1662
2 8569
1 7973
1 3549
2 4050
1 248
1 4056
1 1054
2 3576
2 10986
1 3840
1 10048
1 10097
2 10513
1 1606
2 11422
2 7506
1 4769
1 4969
2 1160
1 1442
1 2371
1 6747
1 3969
1 2558
1 8022
1 4547
2 8159
2 7189
2 5929
1 2521
1 4078
2 8204
1 7105
2 3149
2 7949
2 6939
1 10521
2 7488
2 7887
2 1774
1 894
1 7305
1 10236
2 421
2 9423
2 7825
1 8078
1 4693
1 11779
2 7288
1 7156
2 517
1 8098
1 654
1 2578
1 4433
2 2091
1 9818
1 8766
1 426
1 7533
2 9207
2 9285
1 2452
2 2797
2 4786
1 10212
2 11462
2 9702
1 10317
1 464
2 9518
2 4068
1 6719
2 7823
1 7147
2 2761
2 9586
1 5148
2 5041
1 7369
2 9507
1 903
1 4840
2 8973
2 3942
1 7090
1 7629
2 5555
1 1567
2 1365
2 4304
2 1580
2 3274
1 10235
2 3028
2 2205
1 2708
1 10595
2 3795
2 286
1 8224
2 10048
1 3607
1 478
1 387
1 473
2 9697
1 4734
2 7816
1 1770
1 9062
2 753
1 4108
2 545
1 8781
2 5987
2 5251
2 1122
1 5907
1 3342
1 7058
1 579
2 903
1 1702
2 5842
2 4560
2 9870
2 1967
1 6356
1 2665
1 4032
2 6690
1 10039
2 7679
1 1225
2 779
1 6228
1 7771
2 7113
2 3470
2 5523
1 3767
1 3188
1 5533
1 2258
1 10146
2 7859
2 2211
2 4069
2 5440
2 3874
1 5533
2 7633
1 1416
1 6223
1 988
2 880
1 7205
1 65
2 11877
2 2320
1 5142
2 7119
1 4176
1 11444
2 1549
2 11940
2 2476
2 1778
2 6611
2 6050
2 3481
2 3635
1 7043
1 3164
2 6925
2 1974
2 3083
1 5211
1 1872
2 4269
1 5966
1 7290
2 9055
1 9790
1 6501
1 11113
1 6605
2 7203
1 569
1 11853
2 1341
1 8810
1 8362
1 3615
1 11626
2 502
2 1003
1 11401
2 10688
1 1725
1 1348
2 5548
2 2592
2 1928
2 8654
1 1885
2 3295
1 8886
1 10651
2 11587
2 11271
1 2106
1 9164
2 8763
1 8757
2 6872
1 5304
2 2036
2 6105
1 2315
2 11596
2 1555
1 4154
2 3650
2 7045
2 464
2 9839
2 5662
2 11000
2 5943
2 10919
2 4374
2 1643
2 9032
1 5314
1 4563
1 1273
1 2167
1 7093
2 9012
1 2994
1 6125
1 10634
2 1452
2 952
2 5285
2 4797
1 5375
1 5987
2 5840
2 6657
2 1800
2 1918
2 1874
1 10489
1 5046
1 296
2 8994
1 5695
1 6219
1 11348
2 3982
2 5057
2 3643
1 6313
1 3541
1 11775
2 11315
2 419
2 3371
1 1454
2 4751
1 2640
1 11576
2 3032
1 7331
2 2100
1 10233
2 4025
1 7411
2 1253
1 2526
1 7811
1 4859
1 4016
1 1898
2 604
1 6056
2 10066
1 150
1 10459
1 6621
2 7007
2 3086
1 5838
2 1071
1 9791
2 4499
1 183
1 2344
2 7532
1 2775
1 2058
2 9352
1 502
1 7077
1 1457
2 6079
2 8223
1 8598
1 3368
1 10709
2 11263
2 6940
2 1505
2 5379
1 1216
2 7099
2 673
1 6423
1 11459
2 9259
1 3778
2 6932
1 1786
2 11672
2 8687
2 11343
1 2124
1 2178
1 3435
1 10195
1 7669
2 2045
2 4042
2 9982
2 10339
1 146
1 3445
2 11489
2 857
2 4988
1 4139
1 2148
1 1487
1 2316
1 8059
2 5792
2 4305
1 6566
1 5259
1 11203
1 2428
2 7265
2 2452
2 2832
2 9412
2 3307
1 8803
2 11996
1 7280
2 3
1 11737
1 6259
1 11964
2 1693
1 4620
2 4656
2 7831
2 5921
1 6757
2 6664
1 11619
2 5164
2 32
1 6688
1 7319
1 6733
1 5103
2 6450
1 11840
1 5770
1 2231
1 2605
1 9307
2 5497
1 4593
2 3154
2 9693
1 10407
2 1610
2 8951
1 6540
2 9012
2 9988
1 11080
2 5475
1 3381
1 8626
1 2241
1 6738
2 11153
1 8928
2 8629
1 1275
1 4965
2 4361
2 11210
2 2998
2 192
1 9727
2 90
2 5070
1 263
1 1383
2 6452
1 11586
1 2130
1 6234
2 3577
2 7589
2 3308
2 11845
1 9279
2 3103
2 8631
1 393
1 4818
2 1641
1 4391
1 6812
1 6286
1 9973
1 6978
2 2182
2 3718
2 6979
2 6919
1 7589
2 1440
2 6381
2 771
1 5098
2 2295
2 8860
1 4285
2 1658
1 4952
1 11601
2 5260
2 2253
2 4165
2 6909
1 5659
2 5394
2 10133
1 11017
2 1132
2 3850
1 2481
1 3983
1 4082
2 7240
1 1657
2 4062
2 4149
1 7127
1 5725
2 4731
1 3634
2 11028
2 3492
2 9243
1 9240
1 6000
1 9033
2 7689
1 6925
2 7312
2 8697
2 7302
2 9831
2 6220
1 598
2 9380
2 3027
2 3763
1 9815
2 714
2 1937
1 7333
2 4998
2 1940
2 5270
2 664
2 7137
2 7152
2 5801
2 1684
2 985
1 7681
2 4102
1 11607
1 3094
2 5439
1 10911
1 1138
2 8656
2 5654
2 4885
1 8521
2 3127
2 9795
1 6403
2 7479
2 1709
1 6810
2 9364
2 71
1 2247
1 3779
1 6856
1 2205
1 8912
1 7799
2 851
2 3915
1 4358
2 2536
2 7454
1 3228
1 3290
1 7063
2 932
1 7405
1 11124
1 1980
2 9782
2 2062
1 9133
2 11233
2 8024
2 3078
1 10835
2 5031
1 1921
1 10828
1 3177
2 7391
2 4702
1 3823
2 9732
1 2642
2 1776
1 4975
1 847
2 5467
1 6570
2 10977
1 3336
2 8359
2 244
2 1679
2 4513
1 796
2 3115
2 7350
2 4544
2 4719
1 8703
1 3942
2 2047
1 10060
1 7507
1 11622
1 5260
1 882
1 7712
1 11149
1 5066
1 8468
2 6226
2 1674
2 2191
1 2585
1 6505
1 1468
2 6884
2 3997
2 8858
2 11451
1 6472
2 2382
2 10156
2 8878
2 7373
1 9648
2 8795
2 9522
1 3001
1 5434
2 2905
1 9562
2 902
2 1846
1 6727
1 7945
1 8995
1 10532
1 6720
2 4473
2 11825
2 6232
2 2735
1 6360
1 1926
1 3576
2 3700
2 4965
2 4877
2 8063
2 8227
1 2552
2 8549
1 5052
2 1093
2 5047
1 510
2 5236
1 6197
1 7618
1 10687
2 1212
2 7236
2 7624
2 3746
1 2687
2 8853
1 6223
2 4246
2 9086
2 7042
1 6448
2 2748
2 1259
1 8181
2 7769
1 2859
1 10893
2 4400
2 1289
2 140
2 5952
2 6342
2 6648
2 9663
2 9362
1 4575
2 2028
1 948
2 8326
2 8696
1 2949
2 11250
1 11061
1 4928
2 9682
2 84
2 2600
2 11740
1 4249
2 8071
2 3263
1 10084
1 4339
1 6285
2 10509
2 2597
2 6637
2 3293
2 506
2 29
1 3721
2 8833
2 2336
1 6945
1 187
1 1366
1 2990
2 2970
1 1740
2 3792
1 11304
1 1284
2 1211
2 5651
1 10373
1 2062
2 2135
2 2267
2 8912
2 8861
1 1894
1 11445
1 7399
2 11944
2 1793
1 1731
2 1791
1 8701
2 1621
1 380
1 1694
2 1627
2 3619
1 6730
1 9503
2 8470
1 5537
2 10059
1 2930
1 7031
1 9560
2 5296
1 10938
2 569
1 484
1 4769
1 621
2 11405
2 2071
1 727
1 2871
2 4534
2 2486
1 4192
1 7447
1 7566
2 6842
2 11071
2 4064
2 991
2 5456
2 1193
2 5657
2 619
2 3193
1 1225
2 4894
2 2660
2 7915
1 4221
1 5629
2 4661
2 175
1 9334
2 8378
1 311
2 929
1 9564
2 5196
2 3037
1 7890
2 4584
1 573
1 4233
1 11433
2 7753
2 11278
1 11508
2 2366
1 4831
1 2672
2 10954
2 8030
2 11651
2 11212
1 2507
1 11338
2 9629
1 4028
1 11948
2 8920
1 3788
2 4080
2 9844
2 9424
2 162
2 3626
1 1887
2 9392
2 3685
2 10338
1 8190
2 3913
1 6575
2 7267
2 9045
2 8992
2 5486
1 4844
1 3484
1 11630
2 2693
2 271
1 6623
1 3616
1 9290
1 790
2 4253
1 3031
2 3334
1 8345
2 4077
1 5768
1 1240
1 9961
2 7252
1 8766
2 2418
2 1065
1 8752
2 10803
2 3322
1 6671
2 5713
1 9307
2 4747
2 6279
1 3674
1 6106
2 6833
1 2481
1 10053
1 11048
1 10257
1 11742
2 5180
2 564
1 8798
1 439
1 8129
2 5630
1 6117
2 6134
1 1479
1 8828
1 10978
1 1034
2 2102
1 1270
1 3592
2 9463
1 3818
2 6474
2 4125
2 4436
1 2837
2 11624
2 9372
1 2860
2 1209
1 3799
2 4850
2 10909
1 2159
2 11886
1 2433
2 3740
2 7427
1 5148
2 11712
1 4591
2 21
2 2881
1 6904
2 5297
2 4666
2 3315
1 3785
2 978
1 3065
1 3162
1 7555
1 9205
2 2542
2 10867
1 3822
1 6256
1 2410
2 6033
2 3266
2 6639
1 3889
2 7479
2 11279
2 5233
2 11898
1 5792
1 55
2 9609
1 6547
2 10487
2 11951
2 8830
2 5275
1 6911
1 8705
2 11660
2 9766
1 2829
1 9293
1 2785
1 125
1 5513
1 1795
1 5825
2 3067
2 1296
1 7755
1 7139
2 8432
1 853
2 6398
1 8561
1 7266
2 6171
1 7178
2 10636
2 1447
2 4028
1 10802
2 10309
1 3341
2 2086
1 4587
2 7589
2 1010
2 4697
1 448
1 358
2 7596
2 4586
2 1518
2 6136
2 8418
2 547
1 4489
2 10173
1 2385
1 10688
2 7190
2 941
2 2984
1 20
1 7119
1 9491
1 4812
1 10818
2 7522
1 10990
1 6133
2 10244
2 1970
2 9649
2 11759
2 2600
2 2004
1 6147
2 3802
1 8365
2 5907
2 1216
2 9515
1 10186
1 10093
2 790
2 8233
2 3336
2 9588
2 553
1 5104
2 1124
1 10702
1 3439
1 5297
2 9550
1 10165
1 2676
2 9616
1 10444
1 8599
1 4248
1 8900
2 8471
2 7543
2 588
2 11835
2 765
1 8043
2 4473
2 11540
2 4893
1 8476
1 1369
2 9571
1 1614
1 5801
1 10427
1 401
1 9337
1 5732
1 8579
2 8217
1 5530
1 787
1 8488
1 6219
2 6147
2 10352
1 4213
2 3149
2 1689
2 10154
2 1512
2 309
2 5589
1 1282
1 7702
1 5520
2 1701
1 7855
2 7845
1 8031
2 9640
2 1466
2 3408
1 660
1 7701
2 3042
1 807
1 6746
2 6389
2 9945
1 10253
2 1098
1 6756
2 325
1 5560
2 983
1 1364
1 417
1 10580
1 1731
1 11882
2 2010
1 736
2 4839
2 9631
1 5170
2 3183
1 5615
1 11680
2 11744
1 4233
2 11931
2 6351
1 4269
1 9704
2 7295
1 7200
2 6296
1 10843
1 4100
2 1948
1 5332
1 3494
2 4741
1 4961
2 7045
2 2816
1 1203
2 2368
1 4711
2 10643
2 7602
1 4894
2 5607
2 1023
2 4282
1 3476
2 1735
1 11608
1 8534
2 8591
2 1630
1 7684
1 10280
2 7152
2 4662
1 2078
1 3907
2 4941
2 11500
2 6294
1 11984
2 7854
1 3380
1 302
2 8522
1 6993
2 11058
1 10494
2 2113
1 8711
2 7202
1 881
1 4315
2 11285
2 10769
2 326
2 2350
2 3924
2 4193
2 1936
2 11847
1 8401
1 11818
1 3862
2 6503
2 7789
2 3571
1 9204
2 6240
2 10142
2 11133
1 10840
1 6300
2 7564
1 1497
2 5062
2 9431
1 1013
1 1324
2 7220
2 1024
1 330
2 11474
2 9390
1 6108
2 3695
1 8472
2 980
1 1603
1 5855
2 3841
2 7511
2 8737
2 6534
1 3458
2 352
2 2870
1 6085
2 4006
1 7369
2 7191
1 402
1 4363
2 2241
2 1035
2 4149
1 7939
2 5772
1 78
1 5868
1 9492
2 6465
2 7473
1 775
2 1496
1 5419
1 5303
2 685
1 541
2 3241
2 8986
2 8534
2 1894
2 6989
1 5
2 3726
2 4392
1 3585
2 11575
2 3321
2 6895
1 4477
2 806
2 2473
2 4439
1 4178
1 4858
2 5065
1 9042
1 354
2 1454
2 6486
2 520
2 7622
2 10002
1 5216
1 1619
2 1831
1 4140
2 7662
2 5183
2 3909
1 8594
2 3607
2 4880
2 6483
2 11601
2 5098
1 3004
1 3609
2 10890
1 2855
1 12
2 6352
2 3983
2 420
1 10527
2 9642
2 10986
1 6921
2 9831
1 808
1 2935
1 947
1 9290
2 5697
2 9381
1 1205
1 4579
2 1570
1 10169
1 1650
1 3455
1 9704
2 10603
2 2341
1 2016
2 5416
2 2791
2 4921
2 9596
1 3624
2 4237
2 3665
2 11519
1 131
1 2002
2 8993
2 3109
2 6313
2 7324
2 5171
2 10945
2 2748
1 10282
1 1412
1 9530
2 6548
2 8457
2 4676
2 5192
2 11036
1 4864
2 8825
1 10331
2 4499
2 2342
2 1917
2 8596
1 1132
1 8294
2 8315
1 2858
2 2446
1 5890
2 5878
1 5191
2 3637
1 2989
2 9026
2 2120
2 7951
1 4623
1 6121
2 3105
2 8480
1 7333
2 11496
2 6582
1 5182
1 5695
2 6415
1 4963
1 5942
2 10080
1 6212
2 3637
1 1477
2 2753
2 8064
1 5070
2 1823
1 4911
1 9553
1 5093
2 972
2 4040
2 8471
2 420
2 774
2 4226
2 6503
1 41
2 5469
1 2788
1 1994
1 7717
2 4851
1 11850
2 7359
2 3712
1 7456
2 710
1 7125
1 1939
1 2383
1 10522
2 7986
2 1580
2 11742
2 2398
1 9199
1 3501
1 4834
1 4288
2 4986
1 1454
2 3553
1 9727
2 2802
2 11287
1 599
1 7376
2 6254
1 11270
1 6162
1 3801
1 1399
2 271
2 6165
1 4441
2 2313
2 6263
2 8376
1 3965
1 6358
2 6392
2 2375
1 10508
2 3171
1 2752
2 6015
2 1757
2 4585
2 8338
2 9588
1 9531
1 9653
1 2243
2 4621
1 8840
1 5385
1 3646
1 11014
1 951
1 11033
2 6593
1 7406
2 7568
2 6254
2 8638
1 11271
1 2864
2 10823
1 8731
2 7336
1 3079
2 2515
2 1138
1 4478
2 280
2 9176
1 7826
2 1862
1 6620
1 9871
2 2108
2 1429
2 8287
1 7909
2 10150
2 9457
2 5954
1 7579
1 3579
1 5077
2 10615
2 4903
2 3641
2 4497
2 840
1 1169
2 5074
1 1703
2 2961
1 10199
1 4460
1 9039
1 5281
2 3914
2 6146
2 7476
2 8157
2 11791
2 3392
2 11541
1 8701
2 9087
1 6795
2 549
1 10125
2 6023
1 2710
1 9260
2 2189
2 8360
2 942
2 2691
2 881
1 2616
1 3663
2 348
1 10754
1 8832
1 2220
2 5847
1 7259
1 6140
2 11947
1 9646
1 4653
2 5725
1 9767
2 9930
2 6843
2 1194
1 4428
2 4620
2 7327
2 9115
1 1695
2 7525
2 8227
2 349
2 9844
2 2846
2 10889
1 11089
2 9813
1 9681
2 644
1 5773
2 2593
1 8717
1 60
2 1849
1 2795
2 11703
2 8366
2 11955
1 9303
1 7396
1 5194
2 4268
2 4737
2 5087
2 6195
1 5640
2 3990
1 11817
2 3906
2 5986
2 6488
2 3316
1 6627
2 2694
1 5854
1 5415
1 9175
1 8277
1 1586
1 1182
1 3952
2 2821
1 4913
1 11751
2 7896
1 2910
2 4207
1 5189
2 6507
2 573
1 6256
1 8144
1 9752
1 9941
2 9872
2 2580
1 2916
1 74
1 8284
1 11470
1 3303
2 6580
1 6007
1 3730
1 4044
1 642
2 5430
2 1480
1 1621
1 3284
2 3268
1 7018
2 6934
2 896
1 1022
1 1511
2 5781
2 8622
1 9176
1 1539
1 11824
1 2843
2 1687
2 3669
2 4791
2 3834
2 5909
2 5351
1 10094
2 9518
1 3904
2 10298
1 460
2 6930
2 7931
2 10495
1 4511
1 465
2 1339
2 11775
2 10117
2 7086
1 555
2 2325
2 6868
2 3678
1 937
1 11374
2 84
2 5673
1 3111
1 1904
1 543
1 3692
2 5323
1 3056
1 10696
1 8346
1 5199
1 11034
1 9201
2 3382
1 289
2 10637
1 1171
1 7451
1 3556
1 6652
1 1210
2 7284
2 8269
2 5582
1 6471
1 7812
1 8456
2 4927
2 8652
1 6303
1 7057
1 3869
2 10323
1 9135
2 9498
1 6284
2 6808
1 1201
2 10507
2 10083
2 5162
2 11029
1 6942
1 7340
2 4558
1 6689
1 8031
1 3975
2 5915
2 1871
1 6098
2 5928
1 3711
1 3370
2 525
2 10101
1 569
1 1205
1 3897
2 10729
1 9565
2 5988
1 5397
2 2675
2 3636
1 8001
2 8212
2 600
2 6841
1 7528
1 11738
1 6605
2 11805
2 3820
2 8258
1 3901
1 1636
1 6384
1 571
1 7881
2 8485
1 11374
1 6854
2 8899
2 8429
1 2611
1 8026
2 3378
2 5757
2 5857
1 1888
2 4786
1 11272
2 7564
2 10360
1 9553
1 2774
2 8574
2 7506
2 82
1 5252
2 5523
1 7893
2 11630
2 1857
1 10269
1 8348
2 430
1 1523
1 6721
2 500
1 5074
1 592
2 2456
1 7039
2 2989
1 4165
2 8976
2 8308
1 615
2 2386
1 2280
1 6589
2 7002
1 5516
2 1783
1 11191
2 6645
2 10874
2 3078
2 11253
1 5884
2 7800
2 881
2 3166
2 7014
2 2167
1 10314
1 7563
1 9790
1 923
2 6646
1 2026
2 9890
2 5564
2 11534
2 1181
2 6311
2 4869
2 5887
1 4059
2 3859
2 3800
2 9067
1 11310
1 2433
1 2729
1 8710
2 10292
2 1249
1 2686
1 3353
1 3710
1 6006
1 3861
1 10147
1 1972
2 8534
2 7966
2 6738
2 1871
1 4461
1 9692
2 1646
2 10205
2 1818
1 6345
2 5103
2 5729
2 6288
1 11343
2 9314
2 5584
1 7542
1 7888
1 6729
2 2677
2 7752
1 3423
1 7096
1 5678
1 8276
1 2116
2 8088
2 9516
2 1598
2 5660
1 3015
1 8503
2 1277
2 10102
2 3478
1 3624
1 9307
2 535
1 11434
2 4013
1 7193
1 5495
2 4348
1 5513
1 3496
1 8002
1 5913
1 10034
2 7249
1 1689
1 10626
1 1233
1 11246
2 3726
1 10541
2 11749
1 5487
2 7915
1 1890
1 7392
2 1430
2 11339
2 10335
2 9640
1 1019
1 3808
1 85
2 23
2 8809
1 1771
2 4264
1 6043
2 3199
1 9959
2 2995
1 8215
2 11663
1 1183
1 8418
1 3713
2 3875
2 627
1 4502
2 7906
1 5587
1 6455
1 7493
2 5753
2 11024
2 11219
2 7447
2 6744
2 1117
2 356
2 8266
2 3109
2 10384
2 3930
2 495
1 8955
2 7062
2 3641
1 6314
1 4966
2 6476
1 3832
1 1462
2 1898
1 1830
1 2532
2 6719
1 1309
2 5004
1 3742
1 6950
2 1704
2 3064
2 7737
1 5088
2 10859
2 4953
2 2013
2 3832
2 7062
2 6195
2 3623
2 6888
2 3024
1 6845
1 5702
1 7492
1 8852
1 546
1 1695
1 3375
1 11375
1 6208
1 9290
1 7780
2 6243
2 11724
1 6387
1 7087
1 1127
2 1836
1 5691
1 10481
2 10788
2 8347
1 8084
2 7007
1 4314
1 8649
1 968
2 4035
2 3449
1 281
1 594
2 11898
2 3880
2 1793
1 11971
1 1012
1 66
2 10893
1 6943
1 4088
2 7476
1 1500
2 1662
1 4829
2 6080
2 9153
2 395
1 5874
2 3549
1 11652
2 2280
2 6455
2 7701
2 6494
1 9160
1 8385
1 518
2 8641
2 10068
2 11130
2 9697
1 909
2 1415
1 607
1 7790
2 5468
1 5970
1 4608
1 11334
1 1815
2 2936
1 6243
1 7095
1 2303
2 8659
2 642
2 323
2 11077
1 2893
2 6120
2 418
1 1650
2 167
1 5848
2 11835
1 5408
1 8246
2 6439
2 6255
1 7839
2 5217
1 8572
2 8911
2 465
1 3077
2 2711
2 3713
1 8494
1 2545
1 10215
1 1471
1 10177
2 7146
1 18
1 1207
1 7721
2 72
1 2098
2 6572
2 6073
2 10296
2 7410
1 883
2 9880
2 1624
2 8789
2 7735
2 2146
1 10237
2 5999
1 9622
2 1541
2 400
2 11434
1 9346
2 10949
2 10188
1 7522
1 11297
1 9112
1 5698
1 5385
2 7981
1 8458
1 5430
2 10436
1 6868
2 475
1 3616
1 1997
1 11737
2 2332
1 8171
2 783
1 3249
1 3542
1 3609
2 11021
1 11560
2 4611
1 413
1 9819
2 2170
2 11122
1 7520
1 11938
1 2874
1 9511
1 7741
2 8737
2 7502
2 6713
1 9508
2 519
1 10448
1 755
1 955
1 6906
2 6287
1 6899
2 6616
1 10451
2 3884
1 430
1 4937
1 127
2 1437
1 5450
1 2860
1 3904
2 11086
2 9859
2 10903
1 1962
2 10299
2 7878
1 4561
2 1158
1 6519
1 8153
1 9111
1 4435
2 6440
2 2769
2 9208
2 704
2 8073
1 4314
2 9113
2 7987
2 1286
2 947
2 4018
2 11493
1 11460
1 5327
2 10159
1 9411
2 5750
2 1270
2 8336
1 7182
2 10473
1 10562
1 11753
2 5948
2 2489
2 1186
1 195
1 7318
2 6618
1 8026
1 11290
1 3544
2 5840
1 8673
1 7645
1 4340
1 9975
2 11233
1 9072
1 10318
2 6843
1 2491
2 10381
2 5537
1 10529
1 5600
1 8255
2 3289
2 10109
2 1817
1 10309
1 3448
1 9497
1 7008
2 7861
2 9074
2 10677
1 3877
1 8407
1 9488
1 8193
1 362
1 6886
1 4144
2 1349
2 7431
2 8818
1 7747
1 122
2 5991
2 7457
1 11694
2 4014
1 713
1 5417
1 7081
2 5539
2 6208
1 5559
1 3267
2 4048
2 10291
1 204
2 9213
1 9087
1 3870
2 11739
1 10858
2 3342
2 4559
1 5100
1 3126
1 11886
2 3850
2 1659
1 3164
2 9159
1 8133
2 6810
2 6093
1 6098
1 10220
2 7435
2 5520
2 7773
1 3487
1 3687
2 7773
2 3019
2 2191
1 1722
1 11233
1 11025
1 4741
2 4292
2 3837
1 250
1 10203
1 1049
2 7366
1 3652
2 1760
2 4258
1 71
1 8417
2 9720
2 8986
2 1914
1 919
1 2554
2 8850
2 10931
1 11872
1 2865
2 3630
2 1590
1 7946
1 8764
2 133
2 3643
1 952
1 7277
2 6309
2 3921
1 11807
1 3598
2 1997
1 7064
1 7914
1 1143
1 305
1 1350
1 855
2 3929
1 9017
2 4547
2 7192
1 10358
1 5090
1 11628
2 1587
1 8551
2 2556
2 2196
1 5794
2 2325
2 4746
1 5310
2 1972
1 10112
1 2853
1 10341
1 2634
2 10043
1 506
2 7221
2 315
2 5678
2 1127
2 10255
2 7856
2 3282
1 7938
2 9640
2 9352
1 7289
2 11666
2 2090
2 7701
1 11300
1 6579
2 4082
1 1277
1 9130
2 10391
2 3440
2 7835
2 11544
2 11872
1 2475
1 443
2 7787
2 10023
1 3130
2 3745
2 6680
1 5879
1 6636
2 4387
1 5413
1 8339
2 9153
2 7467
1 6989
2 6924
2 2222
2 3158
1 8288
2 9804
1 2461
1 5047
2 8160
2 3982
1 5738
2 6484
1 6917
2 7971
1 1064
1 6344
2 7386
1 9710
2 7258
2 9568
1 7358
2 201
1 890
1 4350
1 6532
2 10079
1 7286
1 3641
1 1619
1 1903
2 7118
1 3291
2 2855
2 7695
2 4695
1 8673
1 8686
1 7719
1 11963
2 1022
2 9708
2 5138
2 5910
2 7321
1 3383
1 5760
2 154
2 9291
1 7100
1 8119
1 3149
2 7170
2 3544
2 9869
2 5190
2 8896
1 255
2 7439
2 211
1 1916
1 3961
2 9245
1 3126
1 8256
2 2016
1 10764
2 5507
1 3145
1 2628
1 11779
2 10820
2 2731
2 5095
2 3807
2 10293
2 1515
2 6689
2 3375
1 7880
1 5026
1 2781
2 7032
1 9859
2 2689
1 7449
2 5586
2 5373
1 5447
1 2730
2 3145
2 5764
1 5132
2 4790
1 2173
2 6074
2 1370
1 1529
2 5794
1 11795
1 9743
2 641
1 8737
2 2104
1 6429
2 6321
2 1365
2 8200
2 11946
1 3073
1 11279
2 11794
1 4752
2 11677
2 7538
2 4412
2 3485
1 8258
2 9528
1 6239
1 10452
2 1380
1 1227
2 9448
1 2826
1 5002
1 11341
2 6169
2 10794
1 6064
2 5297
1 5
1 5714
2 2405
2 10496
2 5272
1 3988
2 5771
2 1268
2 5325
2 3574
1 1625
1 5088
2 7062
1 8818
1 5116
1 11878
2 7448
1 10230
2 1841
1 5791
2 2668
1 3205
2 13
1 6872
1 1151
2 917
1 3414
2 3023
1 3539
2 303
1 3911
2 2170
2 4508
2 5458
1 6448
1 3808
2 8163
1 3664
1 8979
1 10429
1 2982
1 2511
2 2889
1 7266
1 5238
1 1194
2 346
1 371
2 1528
1 6285
1 6920
2 4552
2 11461
1 3388
1 9126
2 2413
1 2378
2 9709
2 3225
2 1410
2 2696
2 3593
2 11741
1 2459
1 10517
1 6992
2 1379
2 3809
1 3001
1 9330
2 11563
2 5071
2 3634
2 3254
2 3951
1 5430
1 1489
2 2998
2 10232
1 2490
2 7291
2 1089
1 5063
1 1906
1 6728
2 4600
2 11757
1 11500
2 3015
1 11122
1 6483
2 5542
1 1465
1 2905
2 5843
2 2294
1 7633
2 714
2 28
1 484
1 8091
2 5241
1 10291
1 1802
1 11825
1 4682
2 8589
1 6811
2 903
2 1433
2 10485
1 10553
1 7297
1 8466
1 2988
2 8029
1 8503
2 5754
2 868
1 7700
1 568
1 3461
2 4388
1 1308
2 4356
2 2398
1 11656
2 10954
1 5073
1 11874
2 11774
2 2503
2 3655
1 4037
1 9545
1 3151
2 6020
2 10987
2 1889
1 5489
2 1881
1 80
2 10738
2 6034
2 6954
1 10625
2 8569
2 10250
1 5202
1 6913
1 1034
2 8197
1 157
2 1413
1 10989
1 5283
2 11500
1 7384
1 5468
1 6104
1 4436
1 6871
2 7910
2 8621
2 1535
2 8438
1 2863
1 8189
2 2762
2 5818
1 8398
2 5465
1 3973
2 3677
2 10701
1 2020
1 7287
1 6157
1 2221
1 280
2 2551
1 525
1 8448
2 1791
2 8052
2 9746
1 8716
2 3355
2 1102
2 1255
2 7183
2 3487
1 8474
2 7722
2 9814
2 1203
1 418
1 7084
1 1092
1 7444
1 7747
2 2133
1 4433
1 9585
2 7885
2 574
1 11240
2 3983
2 1703
2 4502
1 3816
1 7911
2 6504
2 7422
1 8452
2 5667
1 8607
2 7148
1 8387
1 3332
2 6060
1 7787
2 5089
1 1535
1 4484
1 4825
2 780
2 3002
1 8913
1 5000
1 6536
1 5524
1 3823
2 7582
2 5772
2 4315
1 7633
1 1974
1 8834
1 4244
2 8762
1 4252
2 8075
2 9623
1 2020
2 5748
2 9240
2 5392
2 8093
2 3924
1 4434
1 3103
2 4580
1 3909
2 9395
2 3992
2 3985
1 8198
1 7722
2 10691
1 1706
1 521
1 2812
1 8189
2 3151
2 2356
2 3038
2 10038
1 7151
1 4994
2 4347
2 8274
2 1104
1 2848
2 5332
2 11208
2 7051
2 1104
2 11387
1 9382
1 8398
2 9225
1 7671
2 7242
1 5561
1 4628
2 2852
2 9290
1 8577
1 8240
2 8400
1 5485
1 2639
1 7440
2 7454
2 2512
2 3810
1 9336
1 3239
2 4451
1 2761
1 8836
2 9492
2 8393
2 9290
2 2112
2 5541
1 4379
1 3326
2 4401
1 7854
2 6437
1 7026
1 6123
2 532
2 10407
2 11208
1 2104
2 7668
2 5942
2 9940
2 9432
1 2492
2 8057
1 3935
1 91
1 7312
1 11788
1 2728
2 2249
1 3463
2 11168
1 4862
2 1850
1 9900
2 6841
2 5959
1 1790
1 4573
2 463
1 28
2 9239
2 5679
1 10510
1 9098
2 538
1 9064
2 2870
1 6418
2 4882
1 3363
2 10843
2 3210
1 7708
1 6992
1 8389
2 8667
2 4268
2 7922
2 7858
2 6753
1 3975
1 7487
2 1423
1 6542
2 4006
1 2051
1 4707
1 4135
2 10170
1 3613
1 6404
1 2885
1 2530
2 3360
2 10400
1 117
1 6007
2 467
1 53
1 2168
1 5121
2 6610
2 505
1 6372
1 4318
2 6347
1 9619
1 3522
2 6306
2 10434
2 8480
1 814
2 242
1 9166
1 2063
2 6201
1 6888
1 5273
1 1926
1 2762
1 6226
2 1764
1 3995
1 9081
2 8339
1 4704
2 2523
1 5971
1 1216
1 9558
1 9766
2 1817
2 2597
1 5696
1 9360
1 3489
2 4893
2 5550
2 7266
2 9107
2 7997
2 6082
1 6264
1 10221
2 5162
2 3508
1 8321
2 3392
2 11998
1 9583
2 8354
2 2865
1 7016
1 5746
1 2482
1 5881
1 7113
1 5904
2 8447
2 165
1 11704
1 6768
2 2664
2 1110
1 1470
2 2061
2 1921
1 545
2 4218
1 7511
2 4467
2 8881
1 4446
2 4785
1 1433
2 4673
2 7696
1 5137
2 11043
1 10818
2 2154
2 7076
1 8695
2 6619
1 283
2 5895
1 10891
2 3395
1 10916
1 7534
2 9357
1 8585
1 4156
1 9377
1 5019
2 3405
1 10284
2 11226
1 10315
2 7909
2 7923
1 7528
1 11972
2 2681
2 7140
2 6543
2 899
2 6247
2 3491
2 294
2 5463
1 10495
1 9323
1 6232
2 4038
1 6280
1 6315
2 163
1 5702
1 3194
2 3429
2 2556
2 6052
2 4737
1 7341
1 5353
1 5024
1 4448
2 3664
2 10629
2 4590
1 2028
2 10794
2 2976
1 151
2 1197
2 1487
2 6973
2 4887
1 11872
2 5507
1 370
1 6429
2 3128
1 6626
2 11147
2 3085
1 4024
2 857
2 5191
2 1473
2 3387
2 5482
2 3545
1 3716
1 8972
1 8716
1 5513
2 4950
1 4366
2 7689
2 560
2 1643
1 2038
1 9695
1 1152
2 6059
2 4268
2 10975
1 8377
1 6003
1 10861
1 625
1 6837
1 403
2 3500
1 5261
1 3069
2 462
1 876
2 4196
2 1394
1 5150
1 8775
1 3989
1 6694
2 11917
1 331
2 9816
2 10751
2 8221
2 2136
1 215
1 9690
2 10752
1 11619
2 8176
2 4966
1 6529
2 4118
1 3477
2 6373
2 1241
2 5677
2 10571
2 10319
1 4539
2 315
2 5582
1 10095
2 11337
2 7779
1 4076
2 11876
2 7292
1 5471
1 7781
2 9345
1 6304
1 7933
1 4562
1 1421
2 5109
2 1116
1 7323
1 2308
2 815
2 1908
1 6335
1 948
2 5847
1 7051
1 2479
1 961
1 745
1 865
1 4691
2 5825
1 11764
2 11589
2 3556
1 4704
2 6332
2 1757
2 5553
1 4126
1 8379
1 10274
2 9307
2 10924
2 5212
1 5282
2 3256
2 2419
1 4574
1 9052
2 3635
2 7085
1 8344
2 9351
2 4490
1 10473
1 7151
2 2060
2 5391
1 2059
2 4737
2 7655
2 10249
1 7978
2 9694
1 2026
1 11536
1 8529
2 617
1 3450
2 2835
2 7710
1 2203
1 6065
1 11861
1 8774
2 1825
1 9498
2 8588
2 6095
1 3353
1 5303
1 9697
2 309
1 11001
2 8318
2 2740
1 1605
1 424
1 4216
1 11701
1 901
2 5827
2 1057
2 8587
1 3018
2 2329
2 7179
1 4720
1 512
1 9583
2 7419
1 6515
1 5350
2 4477
1 874
2 7893
1 7856
2 175
2 2853
2 4557
1 1347
2 10405
1 6382
2 5669
1 10652
2 9300
2 11257
1 4634
1 7721
1 6339
1 207
1 1279
1 7406
2 6542
1 1070
2 6203
2 5570
1 7750
1 1447
2 4230
2 11055
2 399
1 7071
1 5264
2 11382
2 5760
2 1583
1 699
1 3208
2 5447
1 2468
2 11388
1 4526
1 4003
1 6879
2 3325
1 11170
1 4904
2 1302
1 7038
2 116
1 6110
2 10641
2 6383
1 806
2 2722
2 239
2 8440
1 10640
1 420
2 1918
2 6033
2 7101
2 6919
1 3430
1 3210
2 5292
1 9764
1 991
1 3493
2 8560
2 11976
2 5846
2 6615
1 4528
1 2801
1 2540
1 3595
1 6536
1 7093
1 2903
2 4735
2 8934
2 8411
2 6975
2 6884
1 6254
1 128
2 7490
2 6562
2 86
2 9491
2 6993
1 1714
1 1514
1 10617
1 1904
2 4258
2 4650
1 7050
2 9210
1 7573
2 487
1 7410
1 2875
2 11392
2 170
2 2609
2 5492
2 9486
1 269
2 11995
2 5659
2 3357
1 8703
2 11993
1 4280
2 11038
2 8516
2 3366
2 5673
1 9145
2 1683
2 3891
1 991
2 11239
1 8311
1 3812
1 5822
1 535
2 943
2 1329
1 10273
1 5386
1 11182
1 1317
1 3060
1 22
2 6651
2 6850
1 5944
2 9926
1 5809
2 1659
1 3554
1 9688
1 2336
1 11224
1 6780
2 10718
1 11978
2 9430
1 3715
2 7454
2 520
2 4005
2 3080
2 10962
2 2051
1 7208
1 6287
2 4713
2 8507
1 10393
1 4595
2 8996
2 5219
1 10882
1 8287
2 7961
1 10787
2 9028
2 790
2 7924
2 2676
2 8212
1 10189
2 5361
2 360
2 1625
2 8780
1 2179
2 4640
2 7696
2 2928
1 6832
2 3603
2 5064
2 812
1 8850
2 11982
1 3430
2 6627
1 6616
1 4526
1 10722
1 6672
2 2083
2 11560
2 904
1 7294
1 3978
2 10242
1 9336
1 9776
1 4406
1 1079
1 4934
2 10778
1 391
2 5687
2 1563
1 11270
2 1293
2 8420
1 7154
1 9009
2 5007
2 1558
1 4380
2 1355
2 5256
2 2968
2 7645
1 251
2 5989
1 5641
2 8108
1 8152
1 5480
1 6780
2 9335
1 1968
1 5992
2 3832
1 6813
1 3493
2 7918
2 4537
2 5490
2 6923
1 410
2 8077
2 3326
2 5324
1 4316
2 2552
1 414
1 8037
2 9628
2 1392
1 2721
1 9798
1 11378
2 4258
2 2477
2 3413
2 11118
1 1035
2 3032
1 5067
1 6098
1 2304
1 4207
2 1814
1 307
1 6758
2 8115
1 1686
1 5084
1 5722
2 7158
1 4608
1 202
2 10443
1 1282
2 10397
2 3121
2 187
1 2003
1 172
1 885
1 5730
2 2936
2 3772
2 338
1 2411
2 8630
1 3059
2 981
2 1812
2 1285
2 1066
2 769
2 4242
1 2705
1 8719
2 1611
1 299
1 282
1 7713
1 4446
1 4923
2 9300
1 8663
1 5400
2 11312
2 2952
1 5562
2 5963
2 10093
1 10993
1 1030
2 10428
2 4042
2 3488
1 365
2 4103
2 8211
1 6425
1 212
2 1402
2 2693
2 6579
1 7412
2 5941
2 20
2 5628
2 8187
1 8209
2 8424
1 10738
1 2088
1 6934
1 3578
1 2731
2 1074
1 10787
1 4828
2 2703
1 3810
2 4714
2 3887
2 5913
1 10772
2 3217
1 4490
1 3993
1 6746
2 5490
1 4986
2 1333
2 9049
2 6587
1 9244
1 9475
2 6986
2 911
1 2213
2 2928
1 2106
1 8484
2 411
2 2524
2 3402
1 3555
1 5209
1 7580
1 7440
2 1227
2 7055
1 8055
2 2676
2 7630
1 7871
2 3369
1 3477
1 2130
1 11778
1 2916
1 1697
2 6001
2 1217
2 6442
2 9824
1 6362
1 955
2 1683
1 4586
2 5358
1 550
1 7405
1 3212
2 9508
1 230
2 6295
1 4168
1 10469
2 11256
1 5894
2 9745
2 7504
1 6602
2 1376
2 11923
2 6584
2 127
1 3587
2 73
1 4897
1 10064
1 3103
1 1156
2 9222
2 9766
2 3224
1 1483
2 6934
2 930
1 9765
1 3862
2 882
1 10837
2 244
1 1394
1 1969
1 1160
2 5860
2 10976
1 221
2 10005
1 9033
1 822
1 8019
1 7532
1 10955
1 5084
1 1062
1 3727
2 1479
1 7408
1 4861
1 822
1 5324
1 1443
1 11120
2 3115
2 7999
1 281
1 10127
2 10351
2 4665
2 7309
1 1628
2 5268
2 9476
1 6155
2 2636
1 3169
1 11105
2 4340
2 969
1 9362
1 7813
1 1886
1 4019
1 7221
2 7159
2 7153
1 474
1 5517
2 499
2 1643
2 5286
1 7443
2 6890
2 956
2 48
2 6128
1 2240
2 5163
1 10150
1 4324
2 6477
1 6575
2 1194
2 5186
1 1053
1 7383
2 2196
2 2770
1 2608
1 2851
1 491
2 3150
2 10362
1 8073
2 9904
2 965
2 740
1 9201
1 4308
1 11035
2 2025
2 4856
2 2748
2 4167
2 3034
1 8017
1 11204
2 3283
2 11034
1 8383
2 5594
2 1568
1 1379
1 9693
1 7262
1 10016
1 8543
2 2582
1 7721
2 8697
2 2256
1 2253
1 2947
2 2505
1 1961
1 7831
2 8458
1 3677
2 3602
2 6684
2 4434
1 664
2 11816
2 7513
1 9280
2 8850
1 5370
2 2561
2 5710
2 10678
1 3854
1 119
2 5899
2 4419
2 3930
2 8310
1 7895
2 1868
1 7595
1 8873
1 7595
2 2233
1 9089
1 2675
2 4879
2 1251
2 11505
2 5992
2 8546
1 5115
2 5730
2 11442
1 9110
1 10404
2 1712
2 5390
1 9457
1 1269
1 9132
1 2604
2 6765
1 792
2 250
2 2162
2 889
1 4366
2 2610
2 1690
2 10774
2 4168
2 4544
2 8527
2 123
2 1807
1 11300
2 3092
2 4913
2 7293
1 274
2 2077
2 8183
2 8193
1 7027
2 6932
1 10207
1 5408
2 10242
2 949
2 9775
1 11279
2 5168
2 5619
2 11490
2 7257
2 11232
2 7921
1 5540
1 10207
2 3212
1 2249
2 3962
1 5491
2 7806
1 9896
2 8759
2 3004
2 2392
1 3632
2 8360
2 8918
1 9164
1 4149
1 6537
1 2671
1 6245
2 8225
1 3981
2 9674
1 6013
2 4272
2 347
2 9888
2 3940
2 5620
2 7083
2 5786
1 5119
2 6418
1 9677
1 10200
1 6214
1 3716
1 3907
1 10798
1 6181
1 4021
1 5505
1 3489
2 3325
1 39
2 10612
2 7566
1 11456
2 6192
2 1625
2 8995
2 6520
1 7545
2 6305
1 356
2 1249
1 286
1 2899
2 2952
2 1834
2 3313
2 9130
1 9242
1 5847
2 8599
2 10739
2 9912
2 8642
2 3273
1 10673
1 8663
2 1622
1 8021
2 10585
2 2077
1 7603
1 10906
1 8214
1 6757
1 45
2 1039
1 2309
2 8159
1 6605
2 4732
2 1434
2 1454
1 9326
2 11072
2 4313
2 9480
2 545
1 1482
1 7134
1 2105
2 8041
1 9951
2 7318
2 4064
2 7743
2 186
2 7940
2 4048
1 6928
1 10631
1 4765
1 5200
1 6650
2 7976
1 5324
2 7932
1 8211
2 209
2 3375
1 3074
1 6403
1 1707
1 5240
2 2118
1 4
2 9556
2 5549
2 8095
1 11689
1 4061
2 7912
1 471
2 8404
2 6187
1 8855
1 3759
1 542
2 1335
1 7773
2 3992
1 6515
2 1742
1 5967
2 11675
2 11507
2 3377
2 1720
1 11378
2 8083
2 2998
2 7222
1 4269
1 7898
2 3845
2 5211
2 2350
2 1892
1 5820
1 5485
1 5805
1 6498
2 10604
1 4198
1 6357
1 11256
1 4793
1 1941
2 6949
1 11518
1 11518
2 2619
1 6992
1 1183
2 8391
2 494
2 3933
2 1597
2 4853
2 4794
2 999
1 2475
2 8926
2 11867
1 2654
1 10994
1 6602
2 10756
2 3301
2 11981
1 8791
1 1851
2 11698
2 3053
1 4278
2 8346
2 6322
2 6837
2 1483
1 4784
1 3970
1 7231
1 4849
1 4542
2 8086
1 1653
1 6164
2 3035
2 4790
2 3193
2 6997
1 7856
2 6620
2 2749
2 2058
2 2172
2 8759
1 2444
1 4283
1 9361
2 1739
1 7647
1 4549
1 8758
1 5551
2 2121
2 5403
2 7555
1 2382
1 2700
2 3744
1 7208
1 10310
1 3393
2 1359
1 5990
2 9004
1 11956
2 1332
1 3124
2 8678
1 4485
2 2320
1 6300
2 143
2 2953
1 376
2 5691
1 4727
1 9382
1 1110
1 4901
2 5281
1 1115
1 10791
2 8702
2 1987
1 9782
2 379
2 2178
2 1865
1 1084
2 7289
1 3422
1 7538
2 5796
1 1464
1 1492
1 1553
2 4508
2 7783
1 3451
2 2414
1 4515
1 6182
1 8669
2 5858
1 7981
2 2250
2 4055
2 9855
2 6563
1 157
1 8861
1 10693
2 2528
2 4828
2 7027
1 11246
1 500
2 6295
2 181
1 6788
1 3077
2 7605
2 7248
1 11141
1 6153
1 7661
1 4263
1 5926
1 9645
1 2253
2 8783
1 7660
2 1170
2 5559
1 10355
1 1205
1 6347
1 8128
1 7281
1 9517
1 9120
2 2415
1 6650
2 7129
1 8878
2 4356
1 10230
1 3184
1 6660
2 782
1 10686
1 9245
1 8615
2 3635
1 4128
1 11455
2 3791
2 8365
2 2367
1 4233
2 11784
1 7399
1 9808
2 8002
1 2258
1 3812
2 7903
1 1702
1 8482
1 4376
2 231
2 7779
2 575
2 2189
2 989
1 6589
2 4005
1 1919
2 8422
1 5578
1 2725
2 9696
1 124
1 8950
1 323
1 8406
2 1422
2 6433
1 5654
2 6072
2 253
2 11132
1 8492
1 11956
2 4831
1 1104
1 2436
2 2220
1 8703
2 23
2 9362
2 212
2 7227
2 5248
1 8062
1 3701
1 1285
1 1455
2 2437
1 8750
2 2563
1 283
2 3543
2 10670
2 1616
1 3535
2 2135
1 3323
1 5336
1 7177
1 11071
2 1198
1 4447
2 8734
1 11417
2 5812
2 8539
2 9780
2 9511
2 10607
2 9301
1 5223
2 4187
2 467
1 4364
2 2756
1 9567
1 1257
2 7027
1 9265
1 15
2 5392
1 302
2 6307
2 4346
1 23
1 11128
1 4710
2 3142
2 10180
1 160
2 8409
1 6216
1 1776
1 935
1 8464
1 2895
2 7240
1 4932
2 1232
2 6139
2 717
1 1856
1 9974
1 8702
2 4661
1 7195
2 912
1 4994
2 4617
1 1317
1 1634
1 11266
2 6309
1 11365
1 2275
1 7983
2 5691
1 8246
1 10109
1 8813
2 10383
1 9637
1 3697
1 2419
1 5916
2 8244
2 7664
1 111
1 3822
1 2234
2 1507
2 6592
2 5447
2 6913
1 2564
1 3802
1 91
1 582
1 3779
1 5093
2 11315
1 1181
1 8098
1 8030
2 7277
1 5098
2 1657
1 6453
2 3226
2 937
2 7443
1 8237
1 1727
1 2823
1 8527
1 3392
2 6420
2 6823
2 2528
1 3864
2 7368
1 5214
2 5037
1 7830
1 3004
2 7863
2 11666
2 7535
2 1507
1 3311
1 8733
2 9770
2 1577
1 7258
1 3506
2 11300
2 7529
2 8765
1 3847
2 9068
1 3028
2 10322
1 808
2 6887
1 10385
2 6695
1 1237
2 8461
1 1400
2 5502
1 2399
2 10570
2 2230
2 4559
1 7407
1 6590
1 5516
2 4482
1 1567
2 4030
2 7279
2 9014
2 11070
2 9008
2 11242
1 10268
2 2160
1 10451
1 8375
2 6940
1 3852
2 4597
1 1418
2 11599
1 4221
2 314
1 4615
2 2308
1 546
2 7036
1 4422
2 3195
1 6702
1 5798
1 9910
1 10573
1 9512
2 11831
2 8727
2 930
1 939
1 11333
2 9087
1 473
2 4935
1 5944
1 11766
1 7620
1 8446
2 11243
1 6746
1 6121
2 7529
2 11118
1 2331
1 5122
2 1009
2 2759
2 10592
1 7870
1 5558
1 7212
2 1600
2 5502
1 4011
2 6730
1 8298
2 8408
2 6936
1 1826
1 7230
1 5751
2 10070
2 1574
1 5297
2 10554
1 855
1 4864
1 2989
2 2033
2 1596
1 9516
2 719
2 5187
2 1116
2 8633
1 5319
1 10858
2 8420
2 3308
2 2108
2 6741
2 5457
1 701
2 965
1 2565
2 8056
1 2168
1 6897
1 8369
1 6111
1 3997
1 5536
2 11106
1 6401
2 4800
1 1895
1 6807
1 10510
2 3370
2 7600
2 6147
2 3528
2 7798
2 11223
2 5098
1 4775
1 6453
2 5551
2 8392
2 6550
1 7435
1 8571
2 2825
2 11348
2 5296
2 6165
2 11986
2 1876
1 9295
2 7595
2 1143
1 5853
2 8618
2 7005
1 4770
2 5451
1 5140
1 480
1 1331
1 2892
2 8981
2 1438
2 4218
2 2244
2 5162
1 339
1 4734
1 11209
2 5347
1 5810
1 2458
2 3880
2 10691
2 7006
1 251
1 5950
2 707
2 4465
1 8676
1 11200
1 1680
2 11128
2 266
2 3827
2 7112
2 7381
2 2903
1 8660
2 11873
1 10268
2 6443
1 1682
2 834
1 727
1 119
2 10895
2 903
1 6530
1 1824
2 7811
1 8161
2 3568
1 5410
1 1273
1 3316
1 8356
1 8458
1 3599
2 10264
1 11512
1 1467
2 602
1 2969
1 7385
2 8426
2 7616
2 7287
2 1257
2 5282
1 4317
1 2663
1 92
2 7009
1 8639
2 10447
1 5307
2 2104
2 8713
2 6093
1 1573
1 10479
1 4820
2 1361
1 4841
2 4447
2 3977
2 1631
1 8109
2 8502
2 7784
2 8143
2 11338
2 6807
2 5508
1 4268
2 2637
2 6392
2 2885
1 7032
1 5144
1 4066
1 324
2 5254
2 5471
1 4276
2 2675
2 8190
1 5099
2 2047
2 5619
1 11261
1 11930
2 1195
2 1627
1 11794
2 1565
2 11922
1 7320
2 7875
1 1977
2 3360
2 72
1 2438
1 10823
2 3993
1 8029
2 8456
2 2004
1 5618
1 9216
1 2154
2 7170
1 11031
1 2507
2 6078
1 1701
1 6180
1 6318
1 1582
1 8710
2 8204
1 1611
1 9014
2 2915
2 3317
2 8475
1 7461
2 5293
2 8569
2 4551
1 5600
1 6217
1 6855
2 11182
2 3327
2 6000
1 704
1 7590
2 6638
1 6223
2 10875
1 275
2 8077
2 775
2 3105
2 6770
2 5648
2 3534
2 5201
2 10481
2 8992
1 8364
1 445
2 1075
2 8344
1 4223
1 2572
2 7217
1 6441
2 7960
1 1206
2 8532
1 9046
1 2236
2 1195
1 7453
1 6905
2 3747
1 5772
1 4765
2 1692
1 1948
1 9616
2 7645
1 3073
2 3624
2 4064
2 4631
2 5627
2 570
1 508
2 1691
1 10706
2 1598
1 2260
1 779
2 1859
2 1934
2 6607
2 4863
1 733
1 350
1 6568
1 6977
2 10534
2 8594
1 8972
1 4370
2 11348
2 99
2 11645
2 1284
1 8724
1 10685
2 6610
2 4990
1 5798
1 2692
1 9301
1 6300
2 9759
1 10794
2 5348
1 1324
1 4326
1 10170
2 11056
1 5105
1 7320
1 4977
2 4385
2 4036
2 5188
1 7168
2 1007
2 750
2 3535
1 9931
2 6859
2 7503
2 3984
2 7469
1 852
2 4186
2 149
2 1554
1 1314
1 6359
2 8829
1 1339
2 3359
2 64
1 7708
1 6269
2 6889
1 1444
2 6139
2 4386
1 2321
1 10823
1 5333
2 2663
1 1247
2 2976
1 6267
2 7196
2 7724
2 7097
1 1137
2 808
2 2214
1 8339
2 3758
2 4354
2 7376
1 3200
2 4000
2 8057
1 10495
1 11718
1 10053
1 10541
1 2398
2 5827
2 5523
2 1747
2 9611
2 8196
2 7281
2 469
1 7160
1 7084
1 4892
2 9456
1 9227
1 1075
2 6820
1 4372
1 11838
2 9348
2 8812
1 1864
2 4479
1 446
2 1229
1 6403
1 1745
2 2132
2 6995
1 8084
1 842
2 11118
2 8511
1 3195
1 6195
2 11877
1 2563
2 10829
2 683
2 8106
2 969
2 1492
2 3364
1 9120
1 7373
2 2668
1 900
2 11806
1 7614
2 1480
1 549
1 750
1 6881
1 10891
2 3478
2 11313
2 8877
2 879
1 408
2 5944
1 1168
2 11138
1 9889
1 2220
1 4393
1 5507
2 3677
1 7655
2 4876
1 6730
2 5352
1 7321
1 4642
2 2909
2 1269
1 6084
2 6534
2 3228
2 6762
2 10560
2 5961
2 11222
2 6977
2 6167
1 4046
2 9297
2 2185
2 10506
1 5263
1 198
1 195
1 6443
1 3702
2 7107
2 4326
1 1377
1 3205
2 5608
2 1084
2 5448
2 2127
2 3050
1 10786
2 4366
1 8284
2 1330
2 5899
2 3510
2 1449
1 447
2 8158
1 7577
2 9093
2 384
1 6323
2 1312
1 10165
2 3643
1 5658
2 1515
1 562
2 3625
1 20
1 5358
2 3398
1 8727
1 6456
2 9486
1 5138
1 8007
1 4880
2 9928
2 10058
1 9005
2 6233
1 10922
2 6263
2 10675
2 5895
1 248
1 3413
2 5557
1 8350
1 5481
2 1395
2 8901
1 2170
1 7816
1 6710
1 5800
2 4872
2 10675
2 6102
2 2807
2 5482
1 3263
1 2206
1 5887
2 1432
1 1362
1 464
2 10530
1 537
1 9383
2 6335
2 2195
1 6094
2 7982
2 2868
1 3550
1 3976
2 1834
2 8266
1 2334
2 684
1 11281
2 8562
2 3557
2 8022
1 1391
1 1231
1 7096
1 4883
1 11939
2 1595
2 240
2 6726
2 11584
1 4160
2 8090
1 8324
2 973
1 1376
1 5687
2 6520
2 8486
1 238
2 9373
2 8384
2 7225
1 4466
2 8181
2 782
2 9418
2 1001
2 2011
1 3655
1 6832
1 6210
2 9057
1 6695
1 3669
1 7970
2 4171
1 8668
2 4410
1 10369
2 5108
1 583
2 3664
2 11211
2 5224
2 3518
1 4832
2 10145
1 8841
1 5068
1 4292
1 8661
2 2602
1 3503
2 7180
1 9809
1 10103
1 4569
2 2234
2 6992
1 363
1 7376
2 2374
2 1571
1 4183
2 6158
1 5595
2 4014
1 10050
2 6050
1 6808
1 6601
2 4676
1 269
1 11696
2 3392
1 6794
2 2853
1 906
1 9427
1 3733
2 5877
2 7937
2 8118
2 8635
1 4699
2 1989
1 6801
1 7076
2 7209
2 5433
2 8001
1 8622
1 806
2 9299
1 726
2 4873
1 3530
2 4800
1 10068
1 11676
2 6469
2 9469
1 4850
1 9055
2 312
2 254
2 3421
1 5918
2 249
1 11
2 7030
1 2492
2 3188
2 1246
1 272
1 11534
1 2373
1 2182
1 6195
2 8636
2 8191
2 3783
2 3100
1 10564
1 3593
2 1848
2 4442
2 10679
1 6779
1 9764
1 3218
2 1305
2 5285
2 7113
2 5596
2 7813
2 5160
2 10300
1 6564
1 8870
2 475
1 3043
1 6378
2 7327
2 6696
2 889
1 6403
1 2053
2 6540
2 1902
1 11126
2 3776
2 4922
2 1669
2 3583
1 5422
1 4697
1 3412
1 6799
1 4767
1 7489
2 583
2 4170
2 5113
1 3170
2 2077
2 11400
1 2294
2 2878
1 6409
1 2772
2 8770
1 2986
1 2355
1 976
2 6365
2 7409
2 7156
2 7407
2 5791
2 7600
2 5214
2 8346
1 4335
2 123
1 7857
1 5292
2 9738
2 6230
2 6695
1 6262
1 7459
1 4861
1 6506
2 10779
2 8893
1 10717
2 4312
1 5204
2 6066
2 6681
1 8774
2 4846
2 3120
1 550
2 7609
1 3015
1 4119
2 9487
1 3951
2 3797
1 7964
1 3570
2 9492
1 991
1 233
2 3200
2 2733
2 5218
1 1978
1 2689
2 7857
1 2445
1 5154
1 4782
1 7627
2 7749
2 6052
2 10133
2 9690
2 1570
2 2010
2 2329
1 5969
1 2736
1 5810
2 4623
1 5623
1 8304
2 10411
2 9474
1 328
1 468
1 10173
2 80
1 1266
2 8582
2 78
1 4875
1 7065
1 1505
2 10686
2 8185
2 5139
1 11350
1 2940
2 6452
2 428
2 11401
1 9614
2 3242
1 4164
1 978
2 1389
1 8574
2 2956
2 3708
2 2343
2 7974
2 6061
1 5961
2 2523
1 2763
2 961
1 236
1 6400
1 7148
1 7447
2 1486
1 8095
1 2555
1 4467
1 9610
1 5556
1 8446
2 4396
2 6288
2 2449
1 1455
2 9773
1 11974
2 9755
1 8253
2 2068
1 450
2 7852
2 11177
2 3542
2 6481
2 9839
1 1290
1 1273
2 564
1 2278
2 6665
1 6137
2 2462
1 4711
1 11941
1 2563
1 7991
2 6587
1 10960
2 477
2 3675
1 5438
1 5585
1 9404
1 28
1 5538
2 6528
1 8140
2 1788
1 4268
1 11757
1 10124
1 9236
2 5429
1 11353
1 688
2 11856
1 10570
1 6875
1 4157
1 2000
1 10957
2 7804
1 8528
1 4424
1 4626
1 6940
1 1527
1 4929
2 11778
2 6731
2 11478
2 4694
2 1723
1 6096
2 5252
2 1880
2 1838
1 1254
1 8395
1 7083
2 1792
1 2426
2 3436
1 359
1 1002
1 398
2 3736
2 4247
2 889
1 6649
1 10296
2 2845
2 11150
1 11493
2 5190
2 7788
1 2207
1 3311
2 6098
1 5357
1 2741
1 10123
1 10238
1 2043
2 10028
1 3325
1 7714
1 614
1 11669
1 5601
2 10249
2 2644
2 119
1 8388
2 7186
1 7067
2 2602
2 3529
2 112
2 8456
1 7835
1 2149
1 5354
1 988
2 10603
1 4355
2 4028
1 1065
2 208
1 11072
2 3956
2 3642
1 7698
1 1008
1 4374
1 7944
1 3279
1 3767
2 7416
2 2309
2 6200
1 4689
1 11335
1 8245
2 1426
1 9548
1 5248
2 2384
1 1877
2 40
1 11159
1 2434
2 528
2 8062
2 8916
1 4236
1 675
1 3701
1 2097
1 9920
1 3460
2 11854
1 93
1 7304
2 5723
1 2874
2 8188
2 3007
1 10022
2 9535
2 5829
2 2198
2 5750
1 9719
1 11363
1 10673
2 6735
2 1264
2 4341
2 2023
2 1324
1 6381
1 302
2 7750
2 3705
2 1924
2 3413
1 10477
2 9879
1 1694
1 7301
1 10864
2 5947
2 3674
2 6190
1 10711
2 4271
2 1130
1 8530
1 1759
2 5488
1 6356
1 5578
2 3128
2 5487
1 274
2 11199
1 165
2 6224
1 4978
2 1265
2 5311
2 10126
1 10615
1 9651
1 3282
2 4020
1 1655
1 6125
1 287
1 37
2 1339
2 4697
1 8793
2 502
1 930
2 8774
1 616
1 11951
2 7262
2 2168
2 8808
1 9453
2 8342
1 10437
2 9098
1 4963
2 1858
2 7322
1 5042
1 916
2 7282
2 5044
1 3960
1 6779
2 8423
2 2632
2 4136
2 2211
1 2328
2 5020
1 7554
2 8431
2 6798
1 10955
1 9755
1 5108
1 1640
2 1989
2 9689
2 6681
1 4376
2 2252
1 9147
2 9150
1 9989
2 2264
1 2191
1 8114
1 9287
2 596
2 3545
1 8220
1 5614
1 3711
2 3763
2 3699
1 3099
2 588
2 6727
2 165
2 9861
2 2146
2 4087
2 5652
1 11382
2 2365
2 9878
1 9365
2 8203
2 5131
2 7149
1 5839
2 9496
1 5552
1 7382
2 9122
1 1409
2 3298
2 1636
2 5725
2 3298
2 2734
1 11993
1 1926
1 7336
2 6289
2 8431
2 3383
2 4629
1 11712
2 8624
1 7387
2 5024
1 704
1 8541
2 8213
1 1715
1 7598
1 6443
1 7257
2 9868
2 3577
2 1665
2 11344
2 2492
1 4451
1 507
1 3065
1 7563
1 932
1 10283
1 1731
1 11474
1 8135
2 3091
2 8212
1 4351
2 810
2 8524
2 9477
1 7541
2 3810
2 9473
2 1764
2 11273
1 5973
2 7956
2 1936
2 7110
1 2943
2 4345
2 3616
2 9033
2 1390
2 7223
2 7805
1 3622
2 10949
1 10666
1 1059
1 98
2 5405
2 8131
2 7684
1 2551
2 10975
1 10693
1 7333
1 787
1 8299
1 7754
1 2783
1 1049
2 2612
2 3612
1 8032
2 6142
1 9154
1 8989
2 103
2 2189
1 5070
1 9632
1 4427
2 3716
1 7946
2 2957
2 5909
1 4757
2 2199
2 2081
2 33
1 3974
1 10572
1 1260
2 3521
1 7345
1 5654
1 7505
1 1466
2 6085
1 1555
1 8681
2 5413
1 3683
1 8693
1 11456
2 847
1 7553
2 9061
1 4215
1 9305
2 4266
1 11037
1 6432
1 11289
1 8316
2 9773
1 8389
2 2264
1 2154
1 2200
1 130
2 1298
2 9304
1 11444
1 5670
2 4025
1 3361
2 3885
2 9846
1 9169
2 1300
1 8066
2 3018
2 1397
1 1426
1 9478
2 6574
2 4945
1 1809
2 128
1 6754
2 1287
2 8733
1 4748
1 7258
1 9418
2 82
1 9784
2 5887
1 7558
1 11683
2 104
2 5036
1 4086
1 10582
1 7410
1 3442
2 9899
1 6182
2 6530
2 7956
2 6316
1 1408
2 6168
1 5324
1 3153
2 806
1 2309
1 9380
2 6983
2 6831
1 5170
1 9182
1 175
1 132
2 7257
1 10541
2 415
1 2181
1 3274
1 2969
2 9631
2 8834
1 4679
1 2943
2 4173
2 1154
1 3176
1 1807
2 3162
2 3008
1 10071
1 2924
2 8234
2 5001
2 5813
2 10543
1 1176
2 6271
2 4148
2 5444
2 10928
2 153
2 9851
1 6156
2 4947
2 6625
1 2470
2 4793
2 2263
2 628
2 11619
1 11541
1 708
1 3014
1 11541
2 2844
1 7256
1 8283
1 3669
2 381
1 5283
1 2959
1 6604
1 6685
1 2796
2 751
1 6106
2 6004
1 7882
1 5886
2 6802
2 11950
2 3436
1 5233
2 988
2 8714
2 6962
1 7219
2 8210
2 6911
2 4562
2 4290
2 6115
2 818
2 11092
2 8943
2 2227
2 9346
1 8181
1 1314
1 1593
1 6396
1 1512
2 2004
2 1375
2 5095
2 8560
2 8019
2 1766
2 7417
2 1768
1 4098
1 3232
1 5696
1 9244
1 2838
1 2548
1 2747
2 1965
2 2842
2 11613
1 2173
2 7760
1 7948
1 4907
2 3473
1 5775
1 3262
2 8352
2 7441
1 7111
1 1974
2 8340
2 1933
2 1320
2 3726
2 7250
1 6858
1 10168
1 244
1 3897
2 8576
2 7249
2 971
2 9244
2 7100
2 3006
1 7656
1 11043
2 1596
2 2082
1 5271
1 6503
2 7477
2 6993
2 2004
1 6521
2 6256
1 3061
1 6226
1 2684
2 10505
1 10891
1 9143
1 1383
1 6223
2 4259
1 4093
1 11940
2 9831
1 2179
2 3250
1 1684
2 4425
1 2821
2 4185
2 2568
2 10496
1 9460
1 9224
2 2441
1 6382
1 3059
1 3432
1 4017
2 11335
1 2710
2 8473
2 1872
1 3537
1 7175
1 9707
1 7144
1 3530
1 7682
1 8549
2 881
2 3650
1 8730
1 3457
2 4310
2 1949
1 2002
2 8014
1 6229
1 11826
2 9668
2 1805
1 11011
2 303
2 6493
1 10229
2 2790
1 914
1 2719
1 3567
2 9978
1 177
2 5278
2 219
1 1485
2 2835
1 9188
1 1193
2 4195
1 3125
1 4333
2 5536
2 5074
2 7911
1 2283
1 6555
1 4838
2 5068
1 7427
1 7591
1 254
2 8189
2 6287
2 10278
1 3534
1 1318
2 3610
2 207
1 6523
1 615
2 2342
1 3372
2 8290
1 1749
1 3145
1 4794
2 8273
1 7287
2 1324
1 2093
1 3757
2 3049
2 9771
1 3369
2 7818
2 9852
1 9624
2 8202
1 5622
2 3892
1 3096
2 8189
1 6863
1 4841
1 5092
2 8900
1 4711
2 3495
2 2698
1 5846
2 455
1 7757
1 5289
2 2621
1 8010
1 5714
1 6680
2 3831
1 3229
2 3643
2 10655
2 3125
2 5830
2 7910
1 1309
2 7391
2 4122
2 1475
1 9537
2 1134
1 8677
2 11510
2 7568
1 8400
2 3238
2 5494
1 8581
1 10888
2 1968
2 10864
2 4493
2 4683
1 11786
1 1765
1 10535
1 8708
2 5040
2 9352
2 9866
2 10577
1 6800
1 7041
1 8638
2 1699
2 11566
1 11469
2 5409
1 3330
2 11841
1 6395
2 5956
1 9703
1 9331
1 9392
1 5484
2 2433
1 9253
2 708
1 8402
2 7536
2 1416
1 1380
2 7651
2 2637
2 9797
2 5678
2 9440
2 6176
1 8438
2 5559
2 5535
1 200
1 8747
1 1000
1 3880
2 535
1 8966
1 9565
2 2617
1 2067
1 10751
2 5541
1 1667
2 5878
1 4065
1 1860
2 6635
2 7342
2 10859
1 6196
2 585
1 6526
1 11248
1 3072
1 908
2 6780
2 9687
1 10920
2 6516
1 11185
2 2107
1 6848
1 2903
1 6716
1 11980
1 3889
2 10301
1 271
1 11181
1 4726
2 10628
1 1328
1 6708
1 4063
2 9373
2 8474
2 2510
2 6386
1 1196
2 2105
1 10392
1 3749
2 780
1 4689
2 8038
1 5894
2 1385
2 2264
2 1504
2 4531
1 8356
1 11512
2 3872
1 2882
1 339
1 2990
2 6261
1 7994
2 510
2 397
2 6211
1 4792
2 3522
1 3227
2 9953
2 3659
1 7858
1 6995
1 4378
2 56
1 2194
2 3778
1 11340
2 5847
1 8250
2 9706
2 3212
2 10644
1 121
2 2626
2 9216
1 8400
1 7471
2 11315
2 867
2 2941
2 7057
1 4573
2 6501
1 2149
2 2729
2 10320
2 10441
1 6755
2 10996
1 2260
2 7877
2 712
1 1059
1 5025
2 10533
1 344
2 3034
2 103
1 7272
2 6283
2 2643
2 6408
1 2881
2 1741
2 5468
2 7321
2 2104
1 3101
2 10453
2 7140
2 10918
2 3154
1 659
2 8329
1 7997
2 8177
2 2496
2 5528
1 8638
2 8760
2 10361
2 7001
1 1952
1 8919
2 3758
1 7301
1 5456
1 11569
1 1510
1 11370
1 4907
1 5536
2 3992
2 5707
1 6470
1 9518
2 11699
1 5885
1 10598
1 7293
1 9814
1 9611
2 5929
2 9567
2 11129
1 9042
1 8123
1 2910
1 9570
1 5126
2 1954
1 7798
1 10545
1 5484
1 3571
1 3894
2 4661
2 8638
1 5241
1 3204
1 11796
2 4554
1 3349
2 630
1 7176
1 7667
1 11321
2 6393
2 11932
2 4238
2 6284
1 11245
2 147
1 38
1 10186
2 3078
1 7297
2 345
2 2177
2 5869
1 6256
1 2137
1 2389
2 11709
2 6396
2 6284
1 7740
2 4871
1 3319
2 5004
2 3138
1 335
1 10919
1 2247
2 9319
1 813
1 8227
2 1504
2 1628
2 5165
2 3673
1 3917
1 10826
1 6382
1 9963
2 6583
2 4363
2 8198
1 7149
1 1021
2 5070
2 4957
2 9
2 433
1 2327
2 2254
1 10075
1 3897
1 8317
2 2698
1 10133
1 2287
2 3243
2 11668
2 4284
1 5122
2 4383
1 11877
1 2025
1 2515
2 1966
1 11018
2 809
1 7608
2 7806
2 513
1 9854
1 5021
1 6283
1 5824
1 284
2 7934
2 6563
1 10926
1 2668
1 8270
2 7305
2 4808
1 7661
1 435
2 3541
1 4605
2 9422
1 2920
1 10802
1 2290
1 4917
2 8538
2 4031
1 1535
1 8603
2 3147
1 8528
1 9520
1 845
1 1618
2 10122
1 293
1 4332
2 2744
1 6314
2 2003
1 7918
2 636
2 9566
1 2912
1 6460
1 5521
2 938
2 4363
1 1618
1 5627
1 8037
2 1442
1 8354
2 7254
1 5913
2 1673
1 11761
2 1167
1 1831
1 8346
2 7607
1 6696
2 6656
1 9088
2 5668
1 3864
2 10125
2 7994
1 8758
2 5065
2 7048
1 4863
2 4420
2 11992
2 609
2 6900
1 5686
2 3672
1 3994
2 5527
1 8490
1 6352
2 1579
1 440
2 3249
2 8025
2 9055
1 10906
2 1840
2 2369
1 1269
1 3254
1 10303
1 5610
2 4544
1 7289
1 4013
1 3883
2 5479
1 11809
1 1339
1 7374
2 7622
2 8452
2 2236
1 4017
1 9835
2 7561
1 4572
2 3366
1 8858
2 5292
1 1206
1 338
1 5257
1 4447
2 1275
1 49
1 325
1 2692
2 7794
1 9584
2 4683
2 9588
2 5107
1 8722
1 2767
2 539
2 9771
1 7596
2 10233
1 2009
2 11739
1 681
2 1859
2 130
1 2968
1 11879
2 8540
1 6879
1 2957
2 856
2 297
1 5035
2 7381
2 1698
2 2078
2 5463
2 5217
2 8831
2 5737
2 2119
2 184
2 9405
2 6792
1 10290
1 6513
1 2943
1 6286
1 10406
2 5211
2 10074
1 354
1 2786
1 6166
2 3450
1 895
2 3482
2 9368
2 826
1 2869
2 7990
1 8297
2 15
1 3463
2 10515
2 3175
2 8158
2 3435
2 801
2 3778
2 5186
2 8621
2 5891
2 5185
2 11271
1 1164
2 4690
1 6171
2 9105
1 6907
2 6075
2 10687
1 5238
2 5122
1 7644
2 8749
2 1151
2 10555
2 9099
2 2266
1 9259
1 117
1 6415
2 8432
1 9100
2 9588
1 5572
1 1900
2 1064
2 10798
1 3228
2 8510
1 2618
2 5456
1 8633
1 6285
2 5006
1 3287
1 8500
1 112
2 10889
2 9592
1 3577
2 8470
2 9854
1 3737
1 4776
2 3231
1 250
1 2741
2 7797
2 2880
2 2425
1 9660
2 5289
1 5283
2 7982
2 4592
1 7967
1 6020
1 4448
1 11561
1 6824
1 5814
2 7943
2 5874
1 1512
2 11196
1 5587
2 266
1 6742
1 3984
1 8357
2 2916
1 1632
1 3680
2 11380
1 7016
2 8452
1 8204
2 6986
2 1743
1 7704
2 9577
2 3492
2 2794
2 3364
2 4225
1 8150
1 476
2 10307
2 4848
1 2884
1 7196
2 6821
1 777
1 5130
2 9588
2 6384
1 175
1 2837
1 5284
2 8666
1 5052
2 5959
1 7072
1 4272
1 2589
1 11351
2 621
1 10098
1 4180
1 10287
1 9000
2 6101
2 7573
2 10477
1 9664
2 7008
2 714
2 7010
1 1623
2 6352
2 7311
2 2870
2 5861
1 6068
2 3799
2 3298
1 5461
1 4721
2 2629
1 6196
1 5445
2 8063
2 6963
2 6990
2 7402
1 4682
2 7086
1 3688
2 7370
2 5522
1 9752
1 9929
1 4033
1 7883
2 1701
2 8242
1 4797
2 8510
2 1054
2 7284
2 4801
1 710
2 11490
1 6517
1 262
2 8564
2 2432
2 1647
2 5205
2 844
2 1118
1 2256
2 4238
1 8645
1 8981
2 3899
2 3332
1 3661
1 9138
2 7461
2 6463
1 4610
2 5431
1 10073
1 280
1 7098
1 6712
2 341
2 11873
1 2237
2 6238
2 843
2 2395
1 2374
2 11079
1 11553
2 10557
2 8389
1 612
2 529
1 3220
2 223
2 1050
1 9226
2 10462
1 4205
2 11522
2 5516
1 4205
2 3161
1 7401
2 11056
1 8714
1 6404
2 6577
1 10494
1 6799
2 3107
2 3438
1 7637
1 11884
1 7709
2 10569
2 1479
1 3172
2 3950
1 7392
2 4858
2 2221
1 775
1 6660
2 7913
2 2451
2 3948
2 3450
2 4928
2 373
2 3989
1 5083
2 10755
1 2982
1 7214
2 11380
1 9544
1 3021
1 11095
1 8934
1 120
1 1958
2 1956
1 9863
1 915
2 4511
2 4062
2 6271
2 4297
2 11516
1 7968
1 6124
2 11393
1 10643
1 571
1 6975
2 150
1 3760
2 8723
2 1725
1 7572
1 3539
1 5023
1 2079
2 4448
1 3469
2 5773
2 2193
2 8845
2 5735
1 8955
2 7095
1 5960
2 347
2 5311
1 3587
2 9805
2 3513
1 5281
1 5185
1 8784
1 195
2 10268
2 5356
2 6037
1 1297
2 8544
1 1109
1 440
1 397
2 3634
1 2435
2 10214
1 2680
1 7786
1 5006
1 6273
2 10628
