11000
1 9206
2 2632
2 4509
2 5272
2 5366
1 9483
1 10591
2 2976
2 4385
2 4733
2 2182
2 7223
1 449
1 4672
2 10053
1 4206
1 10344
2 9465
2 8064
2 5533
1 8023
1 1233
1 5892
1 2703
2 10714
2 7773
2 8452
2 6443
1 9745
2 8671
2 6821
1 8685
2 9848
2 6979
2 619
2 8555
2 2800
2 10450
2 7193
2 4545
2 2525
2 946
2 6286
1 6926
2 5621
2 1092
1 474
1 4180
2 1431
2 7877
2 109
1 7236
2 6522
1 1270
1 6033
2 1624
2 7337
1 7708
2 1083
2 9510
2 1022
2 6672
1 7701
2 8140
1 2652
1 1904
2 10631
2 10590
2 6484
2 3332
2 1177
1 2482
2 10985
2 6554
2 6403
2 9389
2 667
1 5187
1 9814
2 9899
2 1080
1 1236
2 440
1 10522
2 2598
2 2478
1 19
2 10015
2 2074
2 9414
2 10966
2 6641
2 125
2 9845
1 7051
2 4145
1 8130
1 5625
2 256
1 4288
1 8553
2 5586
2 6414
1 10473
1 4526
2 5486
1 10725
1 6467
1 9203
1 126
1 6886
1 1456
1 4762
1 4718
2 4495
2 5496
2 7580
1 8505
1 10147
1 6223
1 340
2 5475
1 10023
2 8650
1 6325
1 10013
1 3646
1 6526
2 7712
2 8741
1 5198
2 10178
1 6991
2 7051
2 9161
2 4752
2 7525
1 8821
1 9901
1 6400
1 5691
1 7459
1 9660
2 7636
1 2797
1 6348
1 1868
2 9645
1 5642
2 6848
1 8864
1 7669
1 1936
1 3699
2 8557
1 9739
1 1814
2 3689
1 1878
1 9186
2 376
2 7468
2 1937
1 10402
2 4934
2 2951
2 1056
1 10702
1 6205
1 255
2 889
2 580
1 2749
1 9892
2 8486
2 9000
1 1657
1 10533
2 9766
1 2537
2 8114
2 921
1 7234
1 3699
1 1045
1 7671
1 721
2 9955
1 7864
1 4231
2 60
2 182
1 321
1 3175
1 4874
1 3258
1 10671
1 5591
1 1821
2 3859
2 2942
2 2100
1 7571
2 8248
1 7840
1 7441
2 10103
2 2027
1 2431
2 5297
1 7013
1 1893
2 9707
2 10759
2 10705
2 503
2 8466
1 3430
2 7353
1 3962
2 6899
1 8153
1 2815
1 6185
1 6291
1 3308
2 792
1 3889
1 5569
2 10193
1 2863
2 9608
1 5729
2 9053
1 4674
1 10259
2 580
2 5040
1 5324
2 10118
2 821
1 5584
1 50
2 9048
1 214
2 7471
1 8574
2 9428
2 7154
2 5096
1 1071
1 2113
2 8960
2 7278
2 8455
2 4714
2 10950
1 9005
1 4555
1 10824
1 9380
1 6599
2 1670
1 4179
1 5941
1 10425
2 5543
1 3389
2 10201
2 2011
2 655
2 8215
1 8685
2 10419
2 236
1 8489
1 7114
2 10858
2 6288
1 3663
1 8138
2 10406
1 2482
2 10071
1 7470
2 9118
1 10604
1 212
1 1811
1 5714
1 2947
1 5973
2 3008
1 1496
2 883
1 1262
1 570
1 912
2 6441
2 1494
1 5784
1 3753
2 8910
1 9184
2 10727
1 2209
2 3243
1 1787
1 8967
1 2801
2 3911
2 6018
1 5372
1 14
1 5970
2 5884
2 1934
2 4802
2 7574
1 2964
2 4537
1 6033
1 10369
1 10098
1 6438
1 6493
1 9221
2 10089
1 3224
1 2826
2 9480
1 1583
1 5560
1 9354
1 3828
2 9272
1 8265
1 1746
2 9431
2 6427
1 949
2 3331
1 7124
2 451
2 9654
2 4426
1 10840
2 5520
2 7310
1 2537
2 3526
1 6412
1 6408
2 6180
2 3300
2 4878
1 572
1 6044
1 7092
2 1042
2 10663
1 10632
2 852
2 6511
2 10913
2 2215
1 8990
1 10575
2 7541
1 2671
1 3240
2 1979
2 5156
1 5096
1 4757
1 9309
2 4403
2 4994
2 11
1 9259
1 872
1 4219
2 8467
1 10307
1 785
1 7290
2 6676
1 73
2 5165
1 1455
1 2984
1 4891
2 3496
2 3104
1 3973
2 2286
2 7539
2 3886
1 9133
2 9806
2 9874
1 3310
2 7495
2 6162
1 5533
2 6593
1 2492
1 5781
1 184
1 9756
2 5555
1 534
1 9043
2 7056
2 4325
1 7857
1 7250
2 6043
1 7745
2 10596
1 1582
1 9718
2 10770
2 2787
1 714
2 7245
2 4804
2 2532
2 8055
2 8305
2 6074
2 8364
2 10969
1 8537
2 6171
1 8848
2 2407
2 5
2 392
1 1677
2 2183
1 10834
1 10392
2 928
1 9095
2 1945
1 1109
2 9582
1 8397
2 3808
2 9908
2 1974
2 8881
2 9903
2 5704
1 3498
1 4693
1 2060
1 5688
2 4490
2 8692
2 4024
2 6316
1 3193
2 680
2 5911
2 556
1 6454
1 1954
2 5828
1 3906
2 2955
2 10198
1 5963
1 3291
1 4874
2 5453
1 7861
2 2514
1 8923
1 2041
1 7567
1 412
1 351
1 8892
1 8700
1 1661
1 10641
2 1426
1 3550
2 2889
2 10551
1 530
1 6977
1 444
1 7157
1 7481
2 73
1 7163
2 10618
1 4503
2 5710
2 2329
2 9962
1 7416
2 8799
2 10939
1 1650
1 8156
1 5164
1 7548
2 5399
2 3311
1 7923
1 4425
1 4023
1 9905
2 6484
2 6662
2 214
2 4520
2 1492
2 9520
2 7187
1 1569
2 5950
2 6424
2 5505
2 10691
2 581
1 5511
1 6526
1 4764
2 8916
1 1108
1 7119
1 4634
2 5846
2 10408
2 6994
1 10628
1 1598
2 9371
2 3450
1 10254
1 1321
1 9196
1 6135
1 4288
2 10175
1 1812
2 7907
2 10735
2 1581
2 539
1 7790
2 2426
1 5878
2 3842
2 331
1 6014
1 845
1 1344
2 6281
1 3531
1 7861
2 310
2 6004
1 6806
1 457
2 7082
2 10417
1 1141
1 10292
2 6759
1 2365
2 4997
2 130
1 7355
2 5214
1 327
1 9381
1 6368
1 9952
2 679
2 3666
2 10828
2 9833
2 10796
2 6313
1 10201
1 9886
2 5539
2 10888
1 6486
2 5604
1 6284
2 809
2 5380
2 1343
2 2963
2 671
2 34
1 6119
2 5887
1 6453
1 3641
1 6814
1 7823
1 567
1 7456
1 5172
2 1624
1 10791
1 1201
1 9731
2 4344
2 2905
2 4114
1 4475
1 6295
2 1423
1 5550
2 3495
2 4505
2 2119
1 5146
2 6062
1 2581
1 2408
2 5616
1 4947
2 9057
2 9840
1 5183
1 4685
2 2139
2 2977
1 9792
2 5087
1 625
2 3999
2 2362
2 4769
2 5466
2 4244
1 5568
2 5014
1 2107
1 10148
1 4278
1 420
1 7156
1 1529
1 7391
1 10407
1 4232
2 6096
2 9378
2 2911
2 9368
2 154
2 6465
1 1005
1 3120
1 3237
1 10833
2 1010
1 5320
1 7840
2 7604
2 1855
1 3685
1 6874
2 858
1 7686
1 4454
2 6964
1 339
1 10184
2 1959
2 9554
2 8279
1 10597
1 4225
2 798
2 6310
1 10487
1 424
1 5229
1 3160
2 8951
1 5204
2 8232
1 7991
1 863
2 1337
1 5748
2 10904
2 5678
2 3471
2 1403
2 6622
1 7175
1 9666
2 10561
1 6574
2 1682
2 6642
1 9023
2 4540
2 777
1 6276
1 971
1 7229
1 10940
1 4736
2 9550
1 9274
1 446
2 5170
1 9773
2 9316
1 8438
1 6569
2 3137
1 4874
2 10479
2 3043
1 4111
2 4933
2 2121
2 1246
1 2409
1 236
2 3950
2 6312
2 275
1 6528
2 1901
2 4864
2 5878
1 10274
2 2410
1 1283
2 1560
2 8624
1 3611
2 10536
2 418
1 6636
1 3917
2 2709
2 1673
1 1284
2 3173
2 3488
2 10286
2 7947
2 8896
1 2886
2 1214
1 8606
1 1155
1 8455
1 1986
2 8528
1 2467
2 8055
2 10616
2 4351
2 6407
2 7175
1 9368
2 3797
1 1849
1 355
1 168
2 3576
2 7617
2 6858
1 5489
1 5362
1 6610
1 5593
1 1951
1 1426
1 10411
2 1207
2 6173
1 889
1 2071
1 202
2 5559
1 10461
1 8213
1 7985
1 8110
1 3354
2 7169
1 2640
2 4800
2 8596
2 8577
2 6176
1 3949
1 9982
1 2480
2 252
1 2491
2 10582
2 4047
1 6316
2 7699
2 6806
2 10391
2 9062
2 4017
1 5413
2 9952
2 752
1 5216
1 5764
2 1350
1 640
1 9036
1 4186
1 1574
1 9644
1 1142
1 5256
2 6341
2 4498
1 6195
2 1125
1 6938
2 10153
2 1694
1 4084
2 2071
1 3814
1 9073
2 9985
1 907
1 5608
1 7064
2 7167
1 971
1 3668
2 6430
1 2605
2 8053
2 7371
2 5910
1 6253
2 1923
1 3535
2 9148
1 315
1 7974
2 6857
1 10825
1 7164
2 4889
2 1373
1 18
2 1956
1 5170
2 708
2 8593
2 10743
2 3772
1 7569
1 3611
2 9513
1 591
2 6118
1 8288
1 7566
2 1750
1 6420
2 3063
2 10443
2 6280
1 86
1 439
1 2186
1 4369
2 3535
2 9015
2 3538
1 5694
2 9895
2 6287
1 7853
2 1868
1 7698
2 9868
1 3488
2 2265
1 7896
1 4184
1 5679
1 5585
2 3358
2 8184
1 47
2 570
2 4540
1 156
2 4201
1 9441
1 7869
2 3474
2 7750
2 355
2 6611
2 9300
1 10245
1 3877
1 10744
1 6141
2 2622
2 165
1 1182
1 6504
1 715
2 1718
1 215
1 9961
2 3506
2 1904
2 2550
1 5458
1 2301
2 125
1 9940
1 6720
2 313
2 3237
2 2260
1 9371
2 9426
2 4371
1 3256
2 841
1 734
2 2382
1 5041
2 3372
1 8725
1 793
2 9043
1 3183
1 2024
1 2203
2 1526
2 2837
1 6295
1 4191
1 4590
1 1898
1 5873
1 2613
1 3956
2 2488
1 9095
1 6696
2 7924
2 10299
1 1425
2 5831
2 6509
1 2717
1 7976
2 4324
1 5131
1 5419
2 987
1 8311
2 1784
1 2223
2 2843
2 1307
1 8767
1 9108
1 1278
2 6008
2 4815
2 2797
2 6751
2 2496
2 8103
1 3662
2 8604
1 8539
2 4252
1 1728
2 6935
1 6915
2 5300
1 2618
2 110
2 10975
1 8599
2 7131
2 1668
2 860
2 8504
2 10385
2 3949
1 8480
2 7936
2 9965
1 3661
2 6230
1 4332
2 4572
2 5074
1 861
1 10090
1 8976
1 861
1 7152
2 3648
2 5853
2 3870
1 7207
2 1189
2 3788
1 4077
2 9548
1 4214
2 5988
2 9249
1 4912
1 4298
2 396
1 8236
1 996
2 4158
1 3530
2 10445
1 9376
2 7442
2 2862
2 5861
1 10287
1 6074
1 9080
2 2179
1 2728
1 10542
1 6886
2 3553
1 599
1 739
1 4919
2 916
1 2762
2 8671
1 4587
1 3391
2 6981
1 2121
2 4105
2 3801
2 1263
1 6687
2 9448
2 7034
1 7058
1 9101
2 261
1 4450
2 1567
2 629
1 6331
2 9739
2 3288
1 8642
1 3750
2 8281
1 891
1 5444
1 10120
2 3065
2 4358
1 3039
1 1997
2 3144
1 4269
2 2915
1 4734
2 2135
1 7982
1 1165
2 8281
2 7414
1 7806
2 765
1 607
2 5261
2 4065
1 2654
2 10605
2 8788
1 2773
2 4673
1 7403
1 9509
2 2191
1 835
1 7856
2 685
1 550
2 10450
2 4421
2 3095
2 867
2 8828
2 4533
2 8569
2 5103
1 8592
1 10684
2 2948
1 4933
2 9339
2 2445
2 6280
2 5860
1 10612
2 1273
2 4038
1 5342
2 2520
2 5735
2 7900
1 2867
1 8671
2 10191
1 5237
1 7575
2 9373
2 2750
2 6310
1 1519
2 2370
2 3149
2 2418
2 648
2 2
1 2897
2 9823
1 3793
1 1686
1 1509
2 3318
2 6604
1 7249
1 8211
1 2279
1 2969
1 10460
2 10767
2 10563
2 7370
2 9555
2 6445
1 2609
1 9032
1 7798
2 1725
1 2834
1 3629
1 1288
2 7470
1 2692
2 9232
1 7627
1 2816
2 5426
1 7908
2 8074
2 4305
1 4690
2 4017
2 6869
2 5433
1 6118
1 5378
2 2889
2 9973
2 2908
1 1989
1 1926
2 1256
2 4190
2 782
2 8463
2 6373
2 9659
2 604
2 2382
1 7423
2 2132
1 1699
2 3765
1 3370
2 5519
1 1736
2 3493
1 5783
2 10432
2 400
2 3707
1 10587
2 7803
2 4769
2 358
1 1528
1 8603
2 10023
1 9403
1 7579
1 10278
1 161
1 3473
1 5060
1 2886
2 4289
2 565
2 4082
1 8338
2 6072
2 9367
1 3548
1 8579
2 8207
1 5603
2 9721
1 3096
2 6231
2 5625
2 9025
1 290
1 4331
2 7413
1 6497
2 6177
1 9728
1 7056
2 7019
2 2645
2 1924
2 2245
2 6955
2 10349
2 108
2 5717
1 5580
2 7772
2 8524
1 3100
1 4209
2 4623
1 4771
1 6849
1 4980
2 472
2 1500
1 754
2 7643
1 574
1 766
1 1598
2 3902
2 5850
2 8221
1 857
1 4866
1 3212
1 6655
1 2715
1 1209
1 7500
1 847
2 5329
2 8415
2 5002
2 9838
1 4890
2 2134
1 4278
2 10429
2 6156
2 5316
2 10104
2 3421
1 1237
2 9752
1 5026
1 9767
1 250
1 5640
1 8025
1 1540
2 7300
2 8926
2 9968
1 5742
2 4549
1 1678
1 8156
2 10228
1 1239
2 1090
2 4041
1 10178
2 5110
1 6422
2 1731
1 9975
2 3073
1 10660
2 4758
1 638
1 5669
2 1042
2 9455
2 3358
1 3626
2 10743
2 769
2 586
1 9276
2 6369
1 8369
1 8601
1 10771
2 4458
1 186
1 6950
1 155
2 9766
1 2178
2 8209
1 613
2 7966
2 291
2 5917
2 3964
1 1289
2 3114
2 8760
1 7497
2 8942
2 4715
2 8630
2 2728
1 1179
2 3268
1 534
2 8728
1 5753
2 4149
2 1915
1 5399
1 7797
1 1375
1 5381
2 5435
2 9472
1 2434
1 5750
2 8186
2 2880
1 5525
1 4741
1 3740
2 5830
2 10354
2 2214
1 9652
2 9710
2 5183
1 9048
2 8546
2 2146
2 6198
1 3501
2 3571
1 9903
1 8749
1 6822
2 6568
2 9662
2 3999
1 3333
2 4803
2 1580
1 2498
2 2696
2 1333
1 4331
1 4487
1 1429
2 10307
1 5086
2 10365
2 9121
2 8372
2 6985
2 9718
1 7607
1 2780
2 10231
1 10512
1 7615
2 3149
2 594
2 4709
2 3732
1 9289
1 4239
1 4724
1 7405
1 2392
2 9735
2 5998
1 261
2 7288
2 7455
2 274
2 5979
2 2888
2 7544
1 10737
1 9195
2 5261
1 1136
1 4178
1 3259
1 6645
1 6887
2 791
2 3943
2 2342
1 8315
2 4831
2 7085
2 3456
2 9221
2 1834
1 10954
1 5047
2 10594
2 8168
1 3387
2 7994
1 9386
1 10210
1 3813
2 7271
2 6076
1 10391
1 4045
2 9373
1 10473
2 8729
2 6800
2 7247
2 3628
2 1365
2 7917
2 7312
1 6144
1 3062
1 10758
2 10714
2 4274
1 787
2 4931
2 6165
2 5811
1 4308
1 10879
2 2238
2 5760
1 9137
2 1257
1 7318
1 7113
1 316
2 9179
1 4319
2 6181
2 10618
2 2327
2 3210
2 10092
2 2621
1 9453
2 4244
2 8780
1 10477
2 5238
2 2508
2 213
2 8402
1 9669
1 3118
1 3805
2 6340
1 3776
1 1891
2 6301
2 2948
1 5371
2 8031
1 4913
1 2840
1 2813
1 690
1 6332
2 9146
2 6170
2 3384
2 10657
2 5641
2 639
1 5441
2 8764
1 2191
2 5905
1 10681
2 7423
1 2610
2 4286
1 753
2 1397
1 3068
2 8978
1 3700
1 7219
2 1370
1 396
2 8867
1 10241
1 4488
2 1911
1 1049
2 7310
2 868
2 3313
1 4824
2 5305
1 9382
1 743
2 4730
1 6009
2 5535
1 4415
2 9489
2 2998
1 599
2 596
2 3072
2 6309
2 8316
2 9438
1 5415
1 4688
2 698
2 1535
1 9451
2 8980
2 4838
2 8648
1 6939
2 801
2 10514
2 2594
2 10229
1 6126
2 9661
1 4325
1 9279
2 7682
1 1319
2 4476
2 2078
2 6356
2 4681
1 2702
1 3394
2 6156
2 7387
1 3583
1 7312
2 7271
2 9228
1 7989
1 3015
1 159
2 10014
1 6876
1 1211
2 9864
2 7623
1 3770
2 3573
2 10301
2 5761
1 3668
1 3657
1 153
1 7811
1 1567
1 8999
1 726
1 1174
2 1327
1 6459
1 8970
2 2152
1 932
2 3045
1 3980
2 5181
1 8536
1 10681
1 6524
1 3593
2 4083
2 7688
1 5264
1 423
1 6615
2 8509
1 4104
2 6453
2 10156
1 152
1 10907
2 2582
2 7229
1 9575
1 4567
1 1758
1 7145
2 4312
2 9853
1 9010
1 3107
1 825
2 5971
2 2869
2 9458
2 7017
1 10064
2 3060
1 4209
2 5843
2 5204
1 5579
1 7248
1 6186
1 9845
2 2645
2 9058
2 1183
1 3243
1 3441
2 3277
1 4373
1 2405
2 8175
1 9525
1 7534
1 7625
2 3095
1 6242
2 1163
2 560
1 8738
1 4541
2 7208
2 5863
1 6135
2 1407
2 8966
2 9920
2 5648
2 5577
2 2543
1 10991
2 2202
2 10629
1 1645
2 9589
2 8089
1 7052
1 8763
2 1745
2 6081
2 7526
1 6851
1 498
1 2126
1 1885
1 3774
1 2734
1 7261
1 10498
2 111
1 9494
1 193
1 6671
1 8561
2 535
2 6103
1 9131
2 8164
1 6138
1 721
1 1393
2 4212
1 3021
1 8327
1 1521
1 2586
2 5105
2 3242
2 9365
2 1089
1 154
1 5719
2 9141
1 3817
1 4738
1 1938
1 2324
1 10616
2 10222
2 3616
2 5329
1 6868
1 1687
2 10820
2 4223
1 4915
2 9258
1 1843
1 5294
2 8803
1 6232
2 2976
1 7096
1 9594
2 10743
2 10505
1 5836
2 1375
1 3080
1 1976
2 7918
2 8151
2 3935
2 9851
2 10748
2 7890
2 9293
2 9196
1 2171
1 1531
1 1961
1 9833
1 2608
2 10763
1 2787
1 7917
2 9008
2 1222
2 2616
1 9509
2 712
1 10156
2 1561
1 420
1 206
1 122
2 2756
2 1600
1 334
2 6535
1 4121
2 1547
1 1173
2 10095
2 2398
2 9819
2 9586
1 4763
1 2948
1 8866
1 8440
2 10607
2 9512
1 4503
2 9054
2 6971
1 59
2 7931
1 4983
2 8282
1 10650
1 6172
2 818
2 5646
2 102
2 8213
2 6931
2 7538
2 7812
2 1397
1 160
2 10431
2 3919
2 4828
1 2820
2 4144
1 1474
1 1889
1 8048
2 7054
2 1406
1 2534
2 1693
1 548
1 4514
1 4834
1 4235
2 6820
2 7917
1 10926
2 3726
2 9280
2 3478
1 7985
2 5195
1 5546
2 3981
1 3132
2 4791
1 2276
1 5976
2 2526
2 3377
2 10353
2 3311
1 8841
2 91
2 3906
2 1008
2 10404
2 3604
1 10994
1 4219
2 7935
2 10945
1 5443
2 7527
1 650
1 5872
1 5022
1 3091
1 582
2 427
1 4015
1 374
1 3018
2 8739
2 3046
1 9944
1 336
2 9227
1 5080
2 3999
2 2773
2 3361
2 9667
2 8755
1 5924
2 7136
2 5910
2 7161
2 9860
2 9648
2 7199
2 5788
2 4654
2 5292
2 9763
2 959
1 9160
2 3835
1 2137
2 10765
1 9732
1 6433
1 8439
2 4689
1 7425
2 35
2 8188
2 9350
1 9369
2 8990
2 8612
1 3713
1 5769
1 9408
1 6127
2 10090
1 4101
1 10957
1 1995
2 9014
1 2601
1 1419
2 3365
2 5200
2 10425
1 2983
2 3828
2 5835
2 8954
1 5310
2 4110
1 7433
1 55
1 5933
2 816
2 2696
2 9509
1 6514
2 3859
2 10176
1 1391
2 8288
2 154
2 1102
1 9763
2 3895
2 2869
2 2772
2 6010
2 3705
2 10921
1 1262
1 7124
1 3310
2 877
2 7855
1 5066
2 6345
2 4878
1 4562
1 6706
1 633
1 500
1 7513
2 4847
1 10505
1 7867
2 8282
1 3190
2 6224
2 10635
2 3548
2 8410
1 6409
1 5601
1 8999
1 6921
2 6884
1 8411
1 9873
2 9141
1 5380
1 2296
2 5986
1 3540
1 2024
2 7198
1 2073
1 6080
2 626
2 3234
1 6700
2 2776
2 7058
2 7787
1 9268
1 7325
1 4571
2 7623
2 8183
2 9773
1 4365
2 405
1 8212
1 1355
2 8258
1 1465
1 1154
2 6261
2 754
1 3891
2 4618
1 5597
1 8135
1 6112
1 7112
2 10345
1 10488
1 2176
1 4022
2 4284
2 9690
1 5598
2 5889
2 3602
2 4387
2 4532
1 5346
1 7551
2 10014
2 5036
2 5287
2 1177
2 986
1 5208
1 4527
2 769
1 1890
2 2178
1 1633
1 414
2 5798
2 9060
1 9846
2 3170
2 9736
2 2746
1 4954
2 7884
2 4641
2 4043
2 2255
1 6412
1 8250
2 1828
1 922
1 10010
1 9875
2 7909
1 5012
1 439
1 719
2 138
1 8098
1 9706
2 1285
2 7236
1 470
1 276
1 2977
1 6485
1 5956
1 9397
2 4162
2 5055
1 10245
1 4965
2 3033
2 189
1 5207
1 3883
2 8408
1 3416
1 1707
1 2818
1 8937
1 9628
1 7206
1 5975
1 3322
2 7016
2 913
2 7820
2 9568
2 8650
2 8505
1 7280
2 5080
1 5761
1 8935
1 9189
2 10576
2 7281
2 5417
1 3608
2 5372
2 626
1 6655
1 8237
1 7098
1 817
1 7951
2 224
2 8263
2 7758
2 2162
2 701
2 8463
2 8316
2 1301
1 3553
2 2216
2 8029
1 2081
2 2375
1 9983
2 8835
1 4011
2 4204
2 7267
2 5439
1 5132
2 9899
2 7821
1 2614
2 6538
2 3297
1 2342
1 9911
1 5533
1 4858
1 4009
1 1855
1 8115
2 4635
1 7061
1 7917
2 8325
2 1181
1 8692
1 4134
2 9847
2 8721
2 7894
1 274
2 1396
2 5934
1 2543
1 5877
2 8736
2 5397
2 7196
2 5079
2 2188
2 1182
2 4770
1 7381
1 382
2 631
2 4600
2 8429
1 7486
1 3084
2 2072
2 5446
1 5778
2 7994
2 1578
1 126
2 9211
2 459
2 6104
1 9169
2 9869
2 301
2 5075
2 465
1 7891
2 2179
1 4205
2 10112
2 8953
1 10395
1 10533
2 9336
1 7848
1 8734
1 5862
1 8860
2 4701
1 4627
1 5288
1 10317
1 8434
1 5788
1 4670
1 8814
2 6636
1 7495
2 5438
1 7767
2 9292
1 10886
2 2564
1 8358
2 5310
1 6736
1 6095
1 8929
1 3445
2 2174
1 4547
1 4957
2 8012
2 1886
2 6093
2 6018
2 2470
1 9795
1 10618
1 413
2 10096
2 7916
1 2704
2 2557
2 8986
2 9993
2 9803
2 3567
1 233
2 4785
2 5114
1 5770
2 8584
2 6430
2 5783
2 2555
1 6194
1 6615
1 6443
2 10074
1 7858
1 597
1 9759
2 1211
2 2955
1 1407
1 10308
2 14
1 5032
2 8526
2 1709
1 1623
2 2245
1 8745
2 991
1 9823
1 4596
1 8035
2 9856
2 8233
2 2802
2 7592
2 2997
2 6518
2 1023
2 10443
2 6394
2 9234
2 6162
2 6147
2 7918
1 3997
1 3242
2 8514
2 9420
2 4058
2 7901
1 2645
2 1227
1 1131
1 6429
1 3238
2 10959
2 5851
1 4054
1 10053
2 9678
1 8098
2 7338
2 7938
1 2363
1 3421
2 4118
1 7028
1 7095
1 6476
1 8162
2 7894
2 875
1 7714
1 3540
2 6389
1 5776
1 7640
1 9397
1 9140
1 9487
2 2066
1 9587
2 5136
2 5817
2 3025
1 3870
2 9323
1 10504
1 376
2 971
1 10317
1 10907
1 751
2 1435
1 1342
1 1942
1 8354
2 9645
1 10822
2 9496
2 7258
2 1936
1 366
1 2556
2 4699
2 3202
2 2084
1 1585
1 10333
2 8204
1 3003
2 10770
2 652
2 10668
2 2568
2 2358
1 4504
1 10249
2 3558
1 10400
2 93
2 5594
1 1939
1 2976
1 6836
1 9960
1 7968
1 6361
1 3408
2 8463
1 10085
1 6977
1 5098
2 3897
1 5595
1 7452
1 1046
2 3707
2 5520
2 2065
2 7019
1 8694
1 6551
1 8227
2 10383
1 8879
1 5478
2 7050
2 10457
2 776
2 1102
1 4320
1 3053
1 3141
1 4934
2 1028
1 7955
1 6367
2 8223
2 7770
2 7344
2 6733
2 1545
2 2393
2 2075
1 7982
2 3165
2 6659
1 3458
2 9464
2 442
2 8321
2 9259
2 3748
2 8617
1 2205
1 3675
2 7111
1 7784
1 8942
2 8458
2 10346
2 499
1 2551
1 2149
2 5979
1 470
1 3592
2 1627
2 2266
1 10596
1 4403
1 769
2 4302
2 8851
2 3752
2 5422
1 3205
1 45
2 7658
2 1791
2 8495
1 9905
2 5304
1 764
1 2396
1 3880
1 10125
2 2097
2 2865
2 8560
1 2232
2 3630
1 3167
2 5909
1 9765
1 7127
1 10324
2 9027
2 3578
1 2220
2 4577
1 7189
2 9947
2 2675
1 7098
1 7193
1 2910
2 5522
1 5272
1 8354
1 1544
1 2981
2 4978
2 7349
2 5118
2 4094
1 8288
1 3404
1 10333
1 10831
2 10031
1 2190
2 8970
2 5314
2 3368
2 5340
2 3250
1 10418
2 6777
1 774
1 10516
2 7023
1 2674
1 5796
1 866
1 4438
2 4433
2 9453
1 7644
2 10070
1 2735
2 2524
1 6565
1 8117
2 8704
1 4134
1 3716
1 2961
1 8687
2 1869
1 9252
2 7679
2 4344
2 9512
1 1588
2 7631
2 7692
1 2721
1 9447
2 10534
2 2553
1 6726
1 6549
2 8403
2 3479
2 9520
2 2313
2 3282
2 1772
2 1359
2 9809
1 9917
2 528
1 5443
1 2817
1 1438
1 2314
2 6469
2 2200
1 8925
1 7241
1 10340
2 6994
2 9056
2 10460
2 2912
1 1668
1 9390
1 7267
2 7595
2 5643
2 371
2 10252
2 8747
1 1205
1 3880
1 7599
1 4617
2 822
2 1352
1 10657
1 7021
2 6413
2 1060
1 9437
2 2544
2 8781
2 6496
2 6366
2 4640
1 7524
1 5931
1 2215
2 1264
1 9983
1 3299
1 4115
1 3461
2 3876
2 4014
1 10301
1 2586
2 7742
1 10978
2 3858
2 4389
1 9165
1 7822
1 10490
1 4960
2 11
2 6871
1 3554
1 937
1 545
1 7117
2 1629
1 6178
2 4088
1 7531
2 3502
2 4393
2 9792
1 5306
2 8024
1 7473
2 7564
2 6822
2 10198
1 4848
2 8027
1 1775
2 7923
1 8239
1 4033
2 2714
1 6971
2 8285
2 7420
2 6982
2 2456
2 7804
2 8648
2 215
1 2775
1 7218
2 10747
2 3015
1 9192
1 1081
1 7682
2 5631
1 3513
2 6552
2 4954
1 1994
2 1164
1 2112
1 5928
2 8427
1 4212
1 6839
2 8553
2 6866
2 7644
1 6481
1 9722
2 6395
1 4808
2 7682
2 10650
2 4031
2 258
2 5021
1 7883
1 377
1 3246
2 592
1 6877
1 906
2 4759
1 10605
2 9963
2 7733
1 10576
1 6555
2 4884
2 7324
2 6819
1 6779
1 5883
1 2065
1 45
2 3356
1 5271
2 7558
1 1288
1 7320
1 2563
1 4150
2 9736
1 5748
1 6383
1 8185
2 5431
2 4867
2 6950
1 9500
2 5049
2 5171
1 8406
1 8254
2 9184
1 8951
1 7875
2 3692
1 1713
1 4996
2 5765
1 5238
1 1717
1 5156
1 2157
1 9769
2 6202
1 4238
1 3844
2 8507
2 7135
1 3684
2 8763
1 5489
2 7435
2 731
1 9996
2 116
1 1967
1 10215
1 8768
2 3272
2 2879
1 6684
1 6495
1 5140
2 6101
1 8702
1 3283
2 213
2 3334
2 8314
2 8701
2 7298
1 275
2 8538
1 6327
2 3721
2 4033
2 3869
2 3624
2 8521
1 6010
1 5349
2 5843
1 2846
1 9810
1 7032
2 8552
1 10809
2 1938
1 7319
2 569
2 5373
1 7817
2 7010
1 9614
2 9563
1 5830
2 5362
1 3434
2 9150
2 3230
1 6101
1 9644
1 8216
2 756
1 142
1 2816
2 5259
2 1580
1 1554
1 10507
2 1257
2 5192
2 5708
1 9474
2 5733
1 2540
2 666
2 6427
2 10399
1 1033
2 10054
1 7274
1 2492
1 4021
2 3109
1 9157
2 1371
1 2537
1 747
1 10425
1 4209
1 5578
1 4566
2 9467
1 8550
1 6577
1 2263
2 2736
1 9030
1 1963
2 1980
1 2309
1 7521
2 7273
1 3304
1 7944
2 7276
1 8993
2 7033
2 1917
2 7406
2 10627
1 4673
1 4881
1 7539
2 2573
1 7630
1 2595
1 9564
2 6544
2 1362
1 9502
1 8709
2 9400
2 4763
1 4353
2 3014
1 5232
1 9116
1 1743
1 3835
1 2684
2 4683
1 5999
2 10204
2 8997
1 2065
2 5693
1 5293
1 3385
1 2381
2 9935
2 4966
1 4640
2 4817
1 7776
1 6740
2 8936
1 6764
2 3089
2 3455
1 1018
1 9022
2 2995
2 7122
1 8338
2 1439
2 6174
2 3167
1 371
2 10232
2 10718
1 5392
2 6633
2 3351
2 88
1 8111
2 1725
2 1232
2 2241
1 4143
1 9084
1 879
2 7240
2 832
1 5681
2 8207
1 2959
1 2471
2 1886
1 2390
1 8341
1 1043
2 7511
1 8695
2 9151
2 305
1 719
1 6879
2 115
1 3953
2 1025
2 56
1 3548
2 2735
1 545
2 8521
1 545
2 5899
2 4200
2 4499
2 2029
2 1874
2 307
2 774
1 8976
1 9139
1 9436
2 6482
2 4348
1 2722
2 8424
2 2007
2 9513
1 4176
2 9191
1 1733
1 7834
1 6193
1 2416
1 4828
1 9046
1 5469
1 10610
2 654
1 2113
2 1279
1 9076
1 3112
1 7416
2 2377
1 7550
2 10644
2 4344
2 2382
1 885
2 5466
2 2207
1 5639
1 5747
2 7667
1 9945
2 10103
1 7557
2 7724
2 4077
2 9086
2 5379
1 5873
1 6757
1 3642
1 755
2 7575
1 6921
2 3121
1 5855
2 6241
1 1837
1 361
2 8194
2 8428
2 3903
2 2200
2 8751
2 2059
2 2858
2 3948
2 6571
1 1971
1 2310
2 4468
2 837
2 4096
2 1133
1 10373
1 4517
1 5503
2 5423
2 6390
2 1474
1 698
2 7551
1 10356
1 610
1 9863
2 6076
1 8007
2 1175
2 6345
1 3297
2 5163
2 324
1 7157
1 1285
2 4640
1 10164
1 10286
1 7859
2 10699
2 8427
2 4922
1 7811
1 3147
1 6779
1 3795
1 8680
2 6372
2 10616
2 7991
2 25
1 3783
2 7564
2 4176
2 6928
1 5656
2 541
2 1748
2 2229
1 4070
2 5834
1 6182
1 1452
2 4951
2 5433
2 10068
2 4530
2 2890
2 8532
1 6719
2 2252
2 9683
1 2207
1 1102
1 393
1 4811
2 8027
2 9403
2 2971
2 5629
2 9551
2 1380
2 1273
1 2649
1 6818
1 6659
2 6752
2 6549
1 4954
1 439
1 7486
2 2639
2 1248
2 6049
2 7878
1 4444
1 4177
1 10848
1 2919
1 6989
2 6215
2 901
1 6628
1 4797
1 510
1 5143
1 1045
2 7444
1 5423
1 7640
2 4004
2 10750
1 1865
1 9318
1 6178
2 10453
1 10019
2 4348
2 3504
1 3819
2 1875
1 6759
2 7030
2 9657
1 7682
1 393
1 6767
1 3443
1 5061
1 8801
1 1650
2 10593
2 10725
2 7760
2 4355
2 5551
1 10552
1 4062
1 2217
2 2718
2 5655
2 915
2 3701
2 7729
1 4022
1 6766
1 6593
1 7041
2 335
1 9362
1 10047
2 3474
1 6246
1 4684
2 1733
2 3916
1 7014
1 510
2 9464
1 7362
2 203
1 8847
1 541
1 1974
2 2887
1 4305
2 5258
1 4611
2 1166
1 1489
1 2899
1 10618
2 9097
2 8947
2 294
2 10174
1 5334
1 6603
2 10760
2 10647
2 9622
1 6901
2 1093
1 6835
2 6558
1 6270
1 9316
2 1664
2 8278
1 617
1 624
2 4771
1 9109
1 10291
1 5024
2 7325
1 980
1 5694
2 3239
2 256
1 1102
1 5978
2 7005
1 1510
2 903
1 1144
1 7701
2 3843
1 730
2 5557
2 10070
2 1118
1 10744
1 9085
1 274
1 9604
2 6520
1 6494
1 9345
1 3925
1 4354
2 776
1 2127
2 853
1 1667
2 7283
1 3913
2 3684
1 7364
1 10705
2 8124
2 7615
2 962
2 10392
1 2063
2 5453
2 3216
2 8226
2 2156
1 2346
2 1056
2 5741
1 1995
1 7455
1 2790
1 1115
2 4071
2 1872
2 5622
2 6410
1 8542
2 5180
1 4040
1 6901
1 9397
1 6409
2 8379
1 9898
2 2874
2 6709
2 8015
1 1266
1 3281
2 2967
1 8194
1 1748
2 2751
1 4044
1 1188
2 10602
1 8810
2 2674
1 1242
1 3650
1 10695
1 9504
1 1695
2 6342
2 3810
2 1108
1 7575
1 996
2 8010
1 5988
2 218
1 7823
1 1011
2 4621
2 10367
2 1053
1 1722
2 4440
1 5294
2 9151
1 9300
2 975
2 2164
2 5444
2 8063
2 5805
1 6195
2 5990
2 3431
1 6971
2 1368
2 1860
1 875
2 3963
1 7475
2 9734
2 6509
1 8401
1 867
2 2076
2 3470
2 1293
2 1919
2 9223
1 5160
1 6291
2 4902
1 2285
2 5657
2 1299
1 6944
1 5754
2 9087
2 10922
2 1090
1 8266
1 10678
1 2870
2 2926
1 7800
1 404
1 1694
1 7592
1 7403
1 7694
2 3216
2 2835
1 1875
2 3264
1 8456
2 442
2 5088
1 7489
2 2424
2 2023
1 10931
2 188
1 5602
1 6104
2 7515
1 3728
1 7560
2 4093
2 386
2 1929
1 3933
2 6571
2 3309
1 9357
1 3993
2 3220
2 2752
1 8727
2 217
2 8764
1 855
2 6624
1 3725
1 9326
2 502
2 1553
2 2360
1 5325
1 10626
2 4555
1 4324
1 9563
2 7861
1 3055
1 2355
1 477
2 4814
1 1366
2 5414
2 4717
1 8671
1 3498
2 290
2 3591
2 9894
1 8010
1 1310
1 2533
2 4252
1 9322
2 10070
2 10579
1 713
1 57
2 7108
2 10115
2 6966
1 3474
1 7586
1 8691
1 2897
1 7236
2 7320
1 6418
1 10613
2 3802
1 1500
2 1910
2 10335
1 9155
1 5133
1 177
2 6922
1 2082
1 3888
1 4983
2 9883
2 5167
1 3571
1 1705
1 9790
1 653
1 1325
2 2814
1 8856
2 7234
1 9596
1 4757
1 6235
1 5274
2 3452
2 9564
1 4725
1 20
2 6591
2 1388
1 3329
1 8156
1 3071
1 7906
2 1380
1 10759
2 142
1 8984
2 10529
1 2122
1 1775
1 6730
1 1526
1 4971
2 2682
1 7193
1 469
2 7406
1 3508
2 1467
1 244
1 8778
1 2501
1 9185
1 125
2 9049
2 7200
2 1584
2 319
1 6012
2 2230
1 9585
1 7611
1 5925
2 1019
1 10585
1 4639
1 6227
2 712
2 730
2 7270
1 3137
2 9079
2 10200
1 9758
2 5487
2 7394
1 9068
1 6081
1 5583
2 8229
1 7316
2 9990
2 2161
2 3359
2 953
1 6141
2 48
2 9381
2 5080
1 1501
1 10395
1 415
1 6810
1 7138
1 2837
1 6377
2 7220
1 8647
2 757
2 35
1 4927
2 1073
1 9567
2 2081
1 1073
2 10828
1 321
1 9844
2 2786
2 7963
2 9799
1 1479
2 3824
1 1588
2 543
2 3483
2 7228
2 3866
1 2598
2 5235
2 2691
1 3482
1 3505
2 1241
2 7941
2 2206
1 10933
2 2095
2 1161
2 7557
1 4935
2 8151
2 2168
1 1712
2 9700
2 6444
1 2485
1 8366
2 9539
2 7782
2 10956
2 2906
1 6590
2 7634
1 2535
2 9920
2 1165
1 10104
1 5562
2 500
1 1715
2 6851
1 4209
1 7083
2 2599
2 10884
2 244
1 9031
1 2940
1 9743
1 450
2 207
2 2657
2 7949
1 195
2 2581
1 8441
1 9680
1 10653
2 390
2 4516
2 4578
1 7264
1 5246
2 10573
1 1919
2 8682
1 10177
1 6882
1 2838
1 1124
1 7931
1 10495
2 9932
2 3042
2 7513
1 9243
1 7673
2 8903
1 5910
2 1666
1 2200
1 8207
1 2983
2 4737
1 9003
1 1139
1 2223
2 4845
1 4918
2 5408
2 1068
2 5316
2 8287
2 3552
2 775
2 8282
1 8708
1 1040
1 4240
1 3702
2 10917
2 4000
2 592
1 3651
1 4798
1 8983
2 5365
2 8159
1 8318
2 10644
1 9290
1 1839
1 571
2 10934
1 3724
1 5145
2 5435
1 1973
2 4566
1 3352
2 972
1 4502
2 8646
2 5548
1 742
2 6275
1 3830
2 3103
1 2763
1 6841
1 10372
2 5250
1 3190
1 8592
2 1602
2 5046
2 8689
2 4439
2 7078
1 915
1 2613
1 9117
2 8235
2 4500
1 10038
2 753
1 7814
1 4392
1 6589
1 4827
2 8851
1 3715
1 1972
1 9768
2 4758
1 3275
2 1229
2 5274
1 202
2 4036
1 8692
1 4629
1 9381
1 8532
2 9120
2 3452
1 7161
1 10696
2 926
2 10202
2 2476
1 4765
1 7270
2 2121
2 8425
1 4376
1 8867
2 8167
1 3326
1 7214
2 6583
1 6443
1 7772
1 10140
1 6198
2 6421
2 8954
1 2641
2 1886
2 7003
1 4227
1 3231
2 1485
1 333
1 8299
2 5638
2 8323
2 4514
1 7621
2 1161
1 9980
2 8912
2 8536
1 10047
2 615
1 4536
2 9925
1 2275
2 2009
1 2832
2 6411
2 3124
2 4227
2 9416
1 339
1 149
2 6544
1 6829
1 3333
2 2174
1 464
2 1304
1 1697
2 9458
1 5752
2 4568
2 9470
2 4343
1 8031
2 332
1 9719
1 5690
1 3939
2 10130
1 4081
1 1944
1 10594
2 3627
2 7182
1 4157
1 33
1 4716
2 5141
2 8089
2 3944
1 10487
2 1480
2 182
2 1292
2 7208
1 7444
2 5787
2 100
2 5865
1 6948
1 4332
2 7020
1 1726
1 9623
1 7272
1 10325
2 7073
2 4270
1 3913
1 507
2 7263
2 6551
1 3560
2 4766
2 2809
2 260
1 10599
2 8121
2 5244
1 4436
1 157
2 4774
2 786
2 10201
2 9525
1 5337
1 9158
2 2921
1 1239
1 9312
1 10292
2 5773
2 7389
1 8361
2 2655
2 10869
1 895
2 204
2 2289
2 8778
1 3776
1 773
2 10335
1 5770
2 10383
1 75
2 578
1 5840
1 5792
1 4307
1 2383
1 3833
2 6760
2 374
2 10287
1 8432
1 316
1 6191
1 8664
2 9779
1 3442
2 9470
2 10275
1 1507
1 246
2 6304
1 2284
1 9704
2 9374
2 1284
1 1685
1 3059
1 6911
2 207
1 1522
2 7482
2 1982
1 7385
2 350
2 1984
2 1312
1 4543
1 10021
2 8019
2 5714
1 783
1 8120
2 5948
2 4146
2 7286
1 7789
1 9650
1 10692
2 9325
1 6653
2 2175
1 2669
2 3456
1 691
1 8241
2 8412
1 10262
1 5275
1 4850
1 9796
1 10899
2 1849
2 1976
2 6844
1 337
2 390
1 4910
1 3119
2 8859
2 3431
2 5762
1 2452
2 10425
1 2029
1 6909
2 3919
1 7367
1 2054
1 318
1 5366
2 781
1 5882
1 10415
1 6580
2 7577
2 3575
1 3438
1 170
2 6752
2 6765
2 4734
1 3761
2 6553
2 4491
2 6227
1 4537
1 794
1 4345
1 4145
2 790
1 209
1 7731
2 1518
1 7789
1 6572
1 5604
1 9860
2 9923
2 9865
2 4521
1 7416
1 7759
2 3591
1 8802
1 1949
1 10443
2 10507
2 477
1 7945
2 3886
1 8988
2 5938
2 9447
2 6589
1 10255
1 8472
2 10060
2 1782
1 3932
2 10247
1 5138
1 284
1 159
2 9427
2 5592
1 5158
2 4417
2 4359
2 8423
2 4831
1 2756
2 176
1 6959
2 15
1 9890
1 10638
2 1416
2 6176
1 9238
1 7630
1 7489
1 418
1 7817
1 7731
1 9573
1 9840
2 6711
1 6968
1 8913
2 10450
1 10080
1 208
2 7720
1 2641
1 3360
1 638
1 1367
2 5605
2 3230
2 885
1 912
2 9930
1 241
1 1386
2 2347
1 2430
1 6430
1 1925
1 5840
1 2549
1 5915
1 3811
2 4647
1 8774
2 10472
1 927
2 1081
1 9763
2 7776
1 10004
1 3148
2 4956
2 3413
2 5028
1 6802
1 2357
2 9145
1 405
1 9683
1 3332
2 7437
1 2695
1 2719
2 7892
1 1062
1 4599
1 2596
2 8381
2 7347
1 10423
1 7558
2 3177
2 8529
2 5483
1 6450
1 9576
2 7799
1 998
2 7090
2 8221
2 9155
2 10987
2 10204
1 8175
1 5795
2 6588
1 2219
1 473
1 1164
1 1311
2 2924
1 9154
2 5310
2 1147
1 1386
1 8773
1 8653
2 184
2 107
2 4931
1 10162
2 4436
1 3593
1 5828
2 8688
1 1959
2 4474
1 66
1 7032
1 7960
1 2032
2 1694
1 934
2 8477
1 8905
1 4824
1 1634
2 2919
2 10416
1 2948
1 751
1 396
2 2163
1 6735
2 1039
2 4219
2 1075
2 6246
1 10989
2 6355
1 4127
1 7456
1 7242
1 1189
2 7817
2 2655
1 3617
2 9933
1 5983
1 4635
1 10019
2 4981
2 9027
2 3278
1 819
1 7346
1 5460
2 7241
2 2026
2 8670
1 9923
2 10126
2 2325
1 780
1 1086
2 6892
1 4666
2 3038
1 793
1 10830
2 503
2 2714
1 7056
1 3484
1 6875
2 1753
1 6486
2 2656
1 6227
2 7719
1 2321
2 9755
2 1990
1 2150
1 2276
2 9222
2 9665
2 5923
1 691
1 377
2 1916
2 103
2 5723
1 6431
2 5451
2 10735
1 10463
2 3823
2 9846
1 5349
2 4236
2 4965
1 8474
2 7477
2 6910
2 7696
1 1661
2 1584
1 2473
2 9217
1 2974
1 780
1 1217
2 6818
1 6563
2 4866
2 4898
1 10621
1 1176
1 8847
2 576
1 7336
2 1863
1 2868
1 9344
2 3440
2 4315
1 846
1 1982
2 8579
1 4851
2 2742
2 10412
2 9940
2 5797
2 242
1 7322
2 8082
1 121
1 1291
2 4032
2 8874
1 7002
1 661
1 4550
1 4297
2 9201
1 1449
2 2093
2 3955
2 9673
1 3910
1 6171
2 1839
2 7579
2 4228
1 4234
1 6880
1 9947
2 1152
1 8177
2 4589
2 4874
2 2731
2 1482
2 8657
1 2219
1 9763
1 5843
1 8093
1 5158
1 7792
2 3037
1 5241
1 4303
2 2056
1 9048
1 4351
2 984
1 8068
2 5981
1 2088
2 8395
1 6521
1 1450
2 7220
1 8857
1 7599
1 1226
1 6559
1 5302
1 3541
1 738
2 2670
2 8954
1 7675
2 9221
2 10942
1 937
2 5103
1 6569
2 6718
2 3756
2 10465
2 7744
2 7088
2 8718
2 5047
2 5824
2 4452
1 10448
2 2274
2 1763
2 1501
2 9662
1 4702
2 9471
2 8433
2 175
2 478
1 5999
1 8437
2 1409
1 5750
2 968
1 8255
2 10979
2 3551
2 4557
1 10699
1 929
1 4246
2 7052
1 7870
1 10051
2 5229
1 10023
1 6566
1 5774
1 4561
1 2604
2 7224
1 7138
2 235
2 2022
2 4056
2 8946
1 2399
1 3441
2 6349
1 4095
2 8280
2 7849
1 2323
1 2990
1 10665
1 3020
2 10159
2 9525
1 3253
2 8267
1 6982
1 5394
1 8561
1 10925
2 9846
2 10332
1 3925
1 7132
2 1675
2 9079
2 678
2 1502
2 9676
2 8821
1 1271
1 2262
1 6467
2 7568
2 9635
2 5720
1 7921
2 4561
2 7501
1 1225
1 5176
1 10076
1 4792
2 5964
1 2814
2 9481
2 3991
1 2742
2 4929
2 2308
2 3494
1 5203
2 6021
1 8198
2 1543
2 1942
1 6800
2 4858
1 10095
1 10014
2 3431
2 6577
1 10550
2 4299
2 10366
2 999
1 9051
1 1213
2 3716
2 1899
2 1325
1 7957
2 6340
2 5851
1 2250
2 3954
2 8269
1 9653
2 7892
2 8526
1 3131
2 6103
2 1415
2 4518
2 5692
1 1169
1 10389
1 2942
1 8707
2 6254
1 123
1 8250
1 7961
1 7638
2 5625
1 3870
2 1463
1 1095
2 10205
1 1047
1 10990
2 2287
2 10248
1 727
1 1471
2 1115
2 312
2 7293
2 9491
2 3699
2 933
2 7779
1 6724
1 4292
2 9540
2 6655
2 1769
1 3381
1 3918
2 1538
1 10550
2 10259
1 9690
1 3940
2 3426
2 2621
1 2431
2 2326
2 3624
2 3792
1 6507
1 894
2 9311
2 5588
1 5151
2 1830
2 1450
2 1053
1 2097
2 9670
2 6992
1 1427
2 7008
1 10277
1 3996
2 770
1 7699
2 4244
1 4014
1 1355
2 4971
2 6220
1 10329
2 8713
1 5644
1 10195
1 9299
1 9989
2 752
2 6867
1 2328
1 9946
2 7980
1 1114
2 5399
2 7210
1 5601
2 5483
1 1932
2 5232
2 4877
2 10619
2 5508
2 7723
2 1327
1 8949
2 10156
2 4585
2 2646
2 6071
2 5106
2 9458
2 8771
2 9091
2 658
2 9144
1 5146
1 1743
2 6203
1 9358
2 5293
2 7845
2 10439
1 4262
2 7801
1 8379
2 359
1 7481
1 4943
2 1212
1 3261
1 8068
1 1004
2 4294
2 5552
2 10397
1 8017
1 3034
1 2955
1 8866
1 6980
1 4999
1 4038
2 3210
2 5621
2 6943
1 843
1 3161
1 8043
2 2696
1 2378
1 8192
2 4836
2 1229
2 2670
1 9827
2 4992
2 1282
2 1374
1 1114
2 743
2 5003
1 397
2 9129
1 9518
1 534
1 1090
2 3104
2 1823
1 6996
1 8601
1 891
2 6149
2 9813
2 4488
1 7979
1 1748
2 3113
2 3267
2 9755
2 9495
1 9319
1 10984
1 8340
2 4551
2 10369
1 2652
1 346
1 3731
1 8030
2 9084
2 10668
2 8115
2 6384
1 5149
1 2600
1 772
2 4491
2 2940
2 6652
1 7103
2 9076
2 4614
1 6558
1 1522
1 2143
1 4986
1 10054
2 8757
1 5624
1 6162
1 9534
1 9350
2 2187
1 7726
1 5801
2 3758
1 9236
1 6865
1 9673
1 2809
2 7216
1 8906
2 9087
1 3090
1 10569
1 1476
2 10512
1 5269
1 4470
1 5998
1 3930
1 9835
2 2433
1 6667
2 2147
1 82
2 2007
1 9675
2 2033
1 802
2 6116
2 1681
1 10259
2 2537
1 10564
1 5763
1 2423
1 7623
2 10179
1 6637
2 746
2 6867
2 5510
2 1710
1 7468
1 316
2 6856
2 954
2 4817
1 3665
1 5622
2 9614
1 4745
2 914
1 7379
2 3047
1 2552
1 3893
1 1572
1 6083
2 3207
2 26
1 2309
2 9358
2 3537
2 134
1 4027
2 2799
2 5671
1 4468
1 9400
1 8985
2 7188
1 3695
1 3274
1 5450
1 1218
2 8826
1 924
1 9543
2 7083
2 4697
1 6787
2 8454
2 2521
2 10549
1 6538
1 9194
1 5823
1 8475
1 10087
1 9123
2 5709
1 2349
2 7844
2 43
2 8128
2 8071
1 838
1 995
1 6159
2 10692
2 8017
2 5004
1 2935
1 8703
1 6947
2 10230
1 1433
2 10731
1 3605
2 6052
2 959
1 251
1 2349
2 2565
1 7530
2 7634
2 9222
1 2629
1 5319
2 5124
1 9182
2 6554
2 7525
1 8611
2 8975
2 4040
1 4872
2 4428
1 3111
2 8589
2 121
2 3615
2 2233
1 2174
1 76
2 9450
1 6353
2 1000
2 2825
1 3831
1 9347
1 7672
2 8012
2 9833
1 2613
2 7915
1 2197
1 379
2 9056
1 9558
2 10088
2 361
2 7643
2 2056
2 789
1 3269
1 8576
1 2963
1 1298
2 6131
1 7806
1 6207
2 636
1 10406
2 4397
2 2591
2 5082
2 10577
2 7469
1 866
2 6186
2 2774
2 7447
1 3515
1 194
1 3562
1 1034
1 2785
2 7328
1 1911
2 4351
1 7735
2 2026
1 7017
2 8869
1 5157
1 4792
1 8930
2 3903
2 5814
2 244
2 2262
2 5569
1 2320
2 3705
1 8615
2 10247
1 2504
2 8273
2 10874
1 349
2 5547
1 6461
2 5825
1 3584
1 237
2 10537
1 943
2 8380
1 3374
2 6045
2 8974
2 10267
2 1832
2 1414
2 10308
1 341
2 9002
2 1131
2 10282
2 8826
1 4512
1 9472
1 9516
2 4594
2 10089
2 174
1 3180
2 10597
1 4007
2 4889
2 3751
2 2203
2 5611
2 3745
1 5862
1 8590
1 8719
1 226
1 4631
1 7571
2 9730
2 7692
1 1929
1 3813
2 1671
2 1147
2 603
2 6993
2 1350
1 9095
1 8397
2 9835
2 8057
2 9590
2 6206
2 6528
2 5216
2 8509
1 4653
1 1186
2 3350
2 7251
1 9999
1 2391
1 7546
1 3982
1 919
2 5913
1 2848
2 1828
1 1362
2 8680
1 5053
1 6387
1 10287
2 10916
1 1158
2 10505
2 7349
1 5307
2 7881
1 10053
1 9500
1 9337
1 9066
1 8588
1 9026
1 8099
1 863
2 8093
2 6968
2 5363
2 2629
1 62
2 1027
2 7583
1 1689
1 7733
1 5412
1 7082
2 4504
2 9527
1 5024
2 5857
1 159
1 940
1 3872
1 8352
2 10348
1 385
1 9682
1 9451
2 5123
2 1756
1 3430
2 5052
1 4841
1 8844
1 7522
1 651
1 5269
1 6623
1 10143
1 8098
1 9322
2 5946
1 8393
2 7605
2 5991
1 9940
2 6835
2 6080
1 9111
2 1355
2 2121
1 9409
2 713
2 6542
1 1196
2 513
2 1377
2 2297
2 4282
1 6671
2 8221
2 8877
2 7643
2 10389
1 10232
1 7117
1 6925
2 2681
2 10059
2 5714
2 7649
1 205
1 3527
1 10071
2 3971
2 8200
2 10324
1 10701
2 8838
1 3435
2 6246
2 4265
1 6774
1 2253
2 6530
1 929
1 4620
1 7711
1 5837
1 8907
2 3286
1 137
2 4702
2 7630
2 1444
1 1067
1 775
1 6247
1 7779
1 5068
1 1704
1 1829
1 10502
2 9959
2 3491
2 2294
2 8321
2 10656
1 10873
1 5424
1 9452
1 4596
1 1868
2 7056
2 5254
2 5462
2 1043
1 9830
1 10887
1 1339
1 7097
2 7494
1 3140
1 10095
1 9478
1 1153
2 1591
1 1726
2 1620
2 3227
1 4781
1 5004
2 4363
1 7355
1 1639
2 6405
1 78
2 85
2 4081
2 9950
1 8509
2 5203
2 1325
1 9393
1 7785
1 4144
1 681
2 2189
1 5834
2 10980
2 357
1 2172
2 3748
2 2187
2 5214
2 7180
2 10077
2 8501
2 9622
1 9390
1 1
1 199
1 9010
2 4138
2 4511
1 7753
2 2378
2 7049
1 1001
1 4767
2 581
1 6905
1 10416
2 4752
2 4954
1 1740
1 7725
1 5865
1 1559
1 2969
1 4569
2 8571
1 2542
1 3138
2 926
2 2033
1 5724
2 173
1 10644
2 507
1 9528
2 5396
2 10069
1 5157
2 4626
2 10196
2 4769
1 4873
2 6889
1 2705
2 7891
1 809
2 2691
2 7729
2 6698
2 4862
1 1522
2 3468
1 2497
1 6636
1 9
2 1259
2 8295
2 1643
2 9267
2 3246
1 8687
2 10927
2 6268
1 3476
1 9706
2 7457
1 2614
2 8766
1 7592
1 9709
1 2245
2 3292
2 2147
1 6178
1 3723
1 10880
2 6460
2 300
1 8974
1 2246
2 3843
1 477
1 757
1 9258
1 9292
2 6024
1 4070
1 7593
1 10980
1 5853
1 5811
1 6423
2 9704
2 5384
2 3064
1 4336
2 175
1 10721
2 5871
1 607
2 7187
2 77
1 8028
1 2386
2 10268
1 2052
1 9049
2 387
2 9804
2 9713
1 2067
1 7664
1 3652
2 2462
1 5843
1 8173
2 6454
2 9677
2 6094
1 5125
1 1905
1 9007
1 5998
2 445
1 3264
1 65
2 8479
2 6153
2 2579
1 7818
2 9602
2 10708
2 6156
2 407
2 286
1 9124
2 4372
2 10959
2 186
1 195
2 2940
1 8599
2 2532
2 2576
2 1380
2 6223
2 4045
1 5660
1 175
1 5931
2 3586
2 3926
1 8269
2 4995
1 6108
1 704
2 5039
2 4484
2 7729
2 6943
1 9831
1 1885
1 9034
1 9174
2 8349
2 7458
2 6483
2 9236
1 9083
1 1748
1 4534
1 425
1 10195
2 2967
2 3776
2 4653
2 9595
2 1090
2 10241
2 1786
2 1800
1 10971
1 10200
2 8917
2 7888
1 3625
1 8734
1 5512
2 3086
1 304
1 2647
2 10339
1 9457
1 1672
1 5004
1 4494
2 302
2 2302
2 4931
2 5297
2 10642
2 3650
2 10181
2 8044
2 5817
1 5367
1 4823
2 3256
1 2018
1 4006
1 697
2 2228
1 6752
2 2828
2 1906
1 8632
1 6426
1 9319
1 10619
2 8262
2 2307
1 8037
1 10983
2 3124
2 5836
1 10317
1 4202
1 10075
1 7397
1 3468
2 1327
1 4339
2 440
2 7513
2 527
2 2869
1 2902
1 273
1 9849
1 4591
1 1751
1 4068
2 829
2 7052
1 4607
2 8454
2 3128
1 7761
1 3467
2 10119
2 3123
2 7497
2 1760
2 9347
2 1571
1 10698
1 8029
2 3571
1 7467
1 1638
1 5636
1 2562
1 6981
1 8706
1 8949
2 9569
2 8125
2 2402
2 8931
1 10540
1 7111
1 9716
1 4748
2 7451
1 8667
2 10705
1 1325
1 5649
1 832
2 5607
2 4676
2 10912
1 4990
1 7841
1 6349
2 2747
2 3395
2 9309
2 9413
1 6338
1 10023
1 3821
2 9170
2 7578
1 5592
2 4359
1 5561
2 435
2 4678
1 8229
2 3534
1 9872
2 552
2 2838
1 1344
1 3483
1 6325
2 2251
1 8251
2 10830
1 8908
1 7322
1 9636
2 10506
2 7349
1 7375
1 4128
2 3132
1 7285
1 2590
1 8285
2 5371
2 2174
2 2882
2 4767
2 9892
2 8469
1 3945
1 9285
2 9574
2 1202
1 5549
1 5657
1 10590
2 10964
2 6549
2 9028
2 9108
1 2602
1 9370
1 9808
2 1332
1 2627
2 1211
2 2011
1 2326
2 7175
2 10721
2 10771
1 8550
1 9227
2 10092
1 8788
2 4037
1 913
1 1692
1 6812
1 6494
2 10309
1 4192
1 1208
2 5834
1 2402
2 6483
1 5700
2 8165
1 9987
1 5290
1 7135
2 2886
1 1378
2 10127
2 6572
1 4803
2 7109
2 3193
1 3618
1 7411
1 6828
1 5657
1 3565
1 1362
1 10588
2 2911
1 9219
1 10624
2 7543
2 8507
1 2303
1 10994
1 425
2 7445
2 338
1 7448
1 7829
2 6997
2 605
2 3685
2 7646
1 10651
2 2849
2 1530
1 686
1 10201
1 4271
1 9579
2 8858
1 1340
1 8888
2 8649
1 3052
2 6879
1 9182
2 1382
1 8048
2 367
1 2952
1 6732
2 6056
1 4200
1 5394
1 9151
1 6512
2 9966
2 8835
2 5030
1 883
1 8677
2 3238
1 3854
1 7884
1 6842
1 7810
2 5367
2 4405
1 9192
2 3946
1 10077
1 10763
1 804
1 6637
1 4616
1 9208
2 2393
2 4910
1 1508
1 2744
2 6557
2 10053
1 650
2 8756
1 8026
1 3085
1 3573
1 6651
2 3333
1 2636
1 6046
2 2652
1 7490
1 9614
1 9297
1 9725
1 5687
1 7202
2 9341
1 10567
1 2245
1 324
2 5864
2 10559
2 890
1 2297
1 201
2 10807
1 7361
2 6422
1 484
2 1891
2 8032
2 1897
2 6745
2 100
2 1089
2 9526
1 2253
1 6536
1 6042
1 5668
1 1343
1 7536
2 4789
2 294
2 5181
1 6577
1 2624
1 2130
1 3013
2 820
2 10958
1 5213
2 2588
2 134
2 6517
1 6685
2 4978
2 10441
1 9558
1 1773
1 1740
1 7089
2 8656
1 10013
1 537
2 2695
1 2413
2 487
2 7566
2 6713
1 8971
2 4403
1 8922
1 3856
1 7308
1 4524
2 3362
1 8233
2 9015
1 10545
2 3325
1 6429
1 8245
1 2573
1 10353
1 9529
1 5989
2 3231
2 2069
1 4854
2 2144
1 6867
2 4022
2 3554
1 6213
1 5079
2 7162
2 1229
1 3639
1 1583
1 5736
2 1877
2 8850
2 1698
1 8861
1 7779
1 5865
1 1938
2 10544
1 8100
1 9531
1 551
1 10375
1 8808
1 4937
1 3981
2 1808
1 9326
2 4226
1 2985
2 1050
1 7175
2 5432
2 9761
1 10761
2 3654
2 4104
2 8089
1 2605
1 7311
1 2485
1 10350
2 9675
1 3109
1 8022
2 5095
1 8162
1 7857
2 6963
1 479
2 5584
2 4970
2 4764
2 869
2 8571
1 6688
2 6483
1 4628
2 9520
1 7799
1 533
2 147
1 6807
2 3611
1 2276
1 4357
1 9469
1 3838
2 808
2 722
2 769
2 5627
2 1593
2 8405
2 6071
1 5103
1 2751
2 6916
1 8904
2 9259
1 1651
1 1779
1 6184
1 3251
1 691
1 1833
1 8775
1 3250
1 2409
2 4858
1 5905
2 8068
2 10829
1 5531
1 6918
2 6826
2 1758
2 481
2 4042
1 5705
1 10261
2 3507
2 10174
1 8251
1 9219
2 4283
1 7837
2 8173
2 6613
1 3704
2 7088
1 303
2 7199
1 2319
2 2666
2 1968
1 9367
2 10165
1 6165
1 7759
2 8933
1 95
1 1531
2 7171
2 1650
1 2803
2 6502
2 3260
1 8270
1 3268
1 3993
1 5007
1 8711
2 9354
2 1188
1 10174
1 6465
2 1600
1 1196
2 7014
2 4873
2 9548
1 4793
2 7927
1 3425
2 4194
1 1270
1 5296
1 4232
1 5201
1 1300
2 1864
1 4119
2 1452
1 1351
1 8694
2 10684
1 2778
1 4135
2 5810
1 9818
1 775
2 1753
2 3577
1 10791
2 6257
2 4332
2 1701
2 1125
2 8892
2 10292
2 1938
2 10642
1 10454
2 9018
1 9915
1 8296
1 3884
2 3314
1 1027
1 7414
1 4659
2 10660
1 6060
1 4645
1 4584
1 5628
2 9676
2 4236
1 10656
1 4474
2 451
1 10100
1 8440
1 6834
1 8630
1 3284
1 8895
2 973
2 54
2 7534
1 7543
2 10582
2 9642
1 9880
2 8816
2 10614
1 433
1 1165
2 3253
1 4504
2 4569
2 3817
2 9877
2 2270
2 1532
1 10577
1 9603
2 8082
2 2237
1 9456
1 4486
2 6558
1 311
1 8123
1 3785
1 1365
2 10534
2 822
2 4796
1 10631
1 6075
2 716
1 6786
1 4441
1 8437
1 4468
2 2337
2 6042
2 803
1 10766
1 9550
1 5463
2 3947
2 4802
2 5806
1 3376
1 8774
1 5362
1 701
1 8745
1 5881
2 3650
2 699
2 3811
2 2366
1 8047
1 2482
1 5392
1 5737
1 1422
1 8873
2 3442
1 4452
1 5312
2 9308
2 10629
2 4019
2 1901
1 3946
2 7920
1 5192
1 5917
1 3101
1 2360
1 3568
1 5808
1 4318
2 3772
1 9436
2 296
1 687
2 1802
1 1729
1 2506
1 10111
2 6505
1 8977
1 8417
2 3817
1 813
2 6608
2 8250
1 8885
1 10159
2 7023
1 8041
2 2573
1 9522
1 7700
1 4754
1 345
2 1711
1 2152
2 4353
2 2156
2 6817
1 1992
2 7428
1 1365
1 9170
1 1781
2 595
1 4288
1 8820
1 8820
2 5326
2 5154
1 8065
2 5654
2 2391
1 1232
1 7907
2 9129
1 8788
1 8744
1 917
1 9014
2 775
1 502
1 9576
2 2945
1 9062
2 4928
2 10799
1 7388
1 7659
2 8579
2 3772
2 3627
2 4868
2 9052
1 9360
1 225
1 6556
2 1544
1 2215
2 8738
1 6496
2 7645
1 7529
2 5992
1 10979
2 5014
2 8571
2 4134
1 6435
1 6978
2 6236
2 728
1 2306
1 1094
2 1704
1 1297
2 6630
2 3934
1 9880
2 9914
2 569
1 8080
1 5312
1 7498
1 10186
1 1562
1 9824
1 3033
1 1858
1 8951
1 3555
2 9524
1 4855
1 1014
2 9555
2 6500
1 5109
2 8835
1 1316
2 9839
2 9976
1 7500
2 7484
2 10157
2 4739
1 7501
2 5361
1 8220
2 4492
1 10988
2 571
1 3668
1 6437
1 2525
2 6677
1 7012
1 7357
1 1767
1 121
2 2852
2 8101
2 5550
1 7025
1 3528
1 5556
1 7311
1 1951
2 9772
2 5323
1 1215
2 805
1 5610
2 1041
1 9069
1 2182
1 5605
2 5561
1 6723
2 691
1 2026
2 4991
2 1329
1 1335
1 10202
1 10462
2 10393
1 9188
2 729
2 8437
2 5388
1 8195
1 8946
2 9429
1 8300
1 1656
2 9792
1 7901
1 9504
1 139
2 1318
2 5247
1 8363
1 5321
1 9433
1 10648
2 4597
1 4465
1 4065
2 7412
2 1912
1 6687
1 10644
1 4855
1 10116
1 2556
2 1450
1 2997
1 549
1 8548
2 4289
2 8171
2 3224
2 1374
2 3195
2 5675
1 6545
2 3400
2 9668
2 5812
2 8103
2 3625
1 5732
2 3192
2 7798
1 7989
2 1371
1 9196
1 3380
2 1085
2 6840
2 7548
2 2301
2 3956
2 1152
1 6196
1 2288
1 930
2 9734
1 2008
2 2239
1 5845
2 5485
1 7845
2 1531
1 7603
1 5167
2 2286
1 6709
1 825
2 658
1 9592
2 7846
2 5368
2 8526
2 3550
2 4424
1 6859
1 10176
2 5934
2 9563
1 5946
2 9386
2 8841
1 10577
1 258
1 1480
2 5511
1 1770
1 8842
2 7685
1 8849
2 6793
1 7551
2 8724
2 2437
1 1645
2 5441
1 8207
2 10326
1 9369
2 10580
1 7420
2 2162
1 9244
2 4872
1 1290
1 5098
1 7834
1 6058
1 4681
1 4028
2 10905
2 6265
1 1311
1 8548
1 3204
2 9433
2 476
1 4911
1 6036
1 987
2 5391
2 8719
2 10690
1 3755
1 1798
1 3771
1 10518
1 600
2 9882
1 2476
1 9252
1 10000
2 5689
1 5056
2 6265
1 6562
1 2770
1 762
2 1394
2 3634
1 2868
2 1728
1 318
1 4712
2 304
2 9540
2 5335
1 6009
1 4066
1 1356
1 6709
2 981
1 8252
1 2739
2 4562
1 927
2 116
2 6821
2 7255
1 4409
1 3537
2 798
2 7166
1 4501
2 9353
2 732
2 9726
1 9245
2 3861
2 320
1 5930
2 3715
2 6339
2 2433
1 8866
1 10042
1 6972
1 9306
2 3505
1 3827
2 1796
2 7495
1 1029
2 4824
2 4357
2 8875
2 7122
2 622
1 2236
2 1877
1 9807
2 1043
1 8738
1 10742
1 9303
1 4884
1 4916
2 10957
1 3522
2 6809
2 2004
2 7932
2 4113
1 4350
1 310
2 4160
1 8158
1 3388
2 6003
2 10484
2 1330
1 10646
2 9897
2 9055
2 2388
1 3829
1 10105
1 6713
1 9001
1 8845
2 2032
2 5682
2 8278
2 1830
2 7367
1 10603
2 5008
1 5099
1 6499
2 7419
1 9005
1 9062
2 9861
1 372
2 6232
2 9666
1 8379
2 10540
2 7488
1 4735
2 9470
2 10332
2 7578
1 7074
2 6914
2 8612
1 8027
1 4995
2 3048
1 2988
2 7143
2 5149
2 9063
2 8292
2 9389
1 1482
2 8687
2 5598
1 704
1 5180
1 373
2 655
2 10071
1 9428
1 2642
1 3802
2 6189
2 6943
2 4532
2 8356
1 3
2 5756
2 1363
1 721
1 3401
2 1104
2 9309
1 2198
2 9569
2 9938
1 10123
1 10517
1 3180
2 7007
2 5738
2 4916
2 3706
1 559
2 5346
2 7254
1 7503
2 10078
2 658
1 6352
2 6072
2 7180
2 4706
1 5997
2 3042
1 10846
1 1368
1 1243
2 5996
2 4434
2 4988
2 907
1 9032
2 5879
1 6860
1 3389
2 4254
2 4355
1 8881
1 2802
2 4593
2 4274
2 1847
1 7377
2 8487
2 5006
1 6377
1 9554
1 9597
2 8594
2 4859
2 2046
1 2905
2 6741
2 1566
1 10885
2 1231
1 8885
2 6103
1 8982
1 7381
1 3906
1 4568
2 2995
2 5390
1 7855
2 4798
2 8450
2 5706
2 628
1 4490
1 3661
1 2476
2 3887
2 1800
2 10651
2 3532
1 4382
2 4659
1 2261
1 8027
2 6142
1 4862
1 3657
1 153
2 7152
2 6580
2 6475
1 506
1 4726
1 9338
1 2439
2 3148
2 1690
2 1176
2 3776
2 1475
1 8944
1 3435
1 8956
2 166
2 6223
2 7270
2 8829
1 4079
2 6932
1 4620
1 4562
1 6327
1 4167
2 9224
2 1356
1 8288
1 2292
2 9173
2 10258
1 3248
1 2067
1 5494
1 7693
2 5077
2 8112
1 7288
2 1397
2 7979
2 924
1 1034
1 6586
1 672
2 6602
2 8700
2 1171
2 1025
1 987
2 389
1 8659
1 498
1 8651
1 3484
1 6550
2 7210
2 5154
2 1952
1 6905
2 420
2 1995
2 9912
1 5000
2 1239
1 1296
1 899
2 2549
1 3231
1 476
1 1321
1 9256
2 9402
1 10359
2 4984
2 8449
1 748
2 3206
2 9672
2 9208
1 5523
1 3153
1 5400
2 10349
2 9979
1 10363
2 8182
2 6440
1 2132
2 2053
1 2644
2 3051
1 1151
2 5516
1 4349
1 8955
2 10093
2 9262
1 540
1 5970
1 104
1 2329
1 9653
1 2496
2 559
1 364
1 8946
2 1238
1 5087
2 6515
1 1047
2 7793
1 5284
2 3335
2 5470
2 4021
2 1852
2 7772
2 1356
2 9975
2 2965
2 6194
1 4410
1 162
2 58
2 6573
2 6606
1 5507
2 8322
1 3469
1 6311
2 5501
2 5288
1 6567
2 1116
1 6054
1 1748
2 1225
1 2294
1 4439
1 457
2 8138
1 5369
2 10040
2 8549
2 8999
1 10919
1 7874
1 5364
2 1967
1 3797
2 7444
2 5661
2 1753
2 5052
1 4382
1 3564
1 5200
1 3186
1 4729
2 894
1 10110
1 4422
2 5765
2 1920
2 470
2 4463
2 7177
1 6112
2 5080
1 2950
1 9462
2 1242
1 5065
2 5871
2 1908
2 6941
1 10993
1 4916
1 1493
2 380
1 10187
1 8450
1 5053
2 557
1 56
1 8218
1 4312
1 1013
1 6580
2 7977
2 307
2 9858
2 6456
2 8000
2 5074
2 55
2 9702
1 10293
2 9265
2 1412
1 9912
1 289
1 3027
2 4979
1 10674
2 3328
1 6814
1 8700
1 5315
1 9012
1 2380
1 5378
1 984
1 3801
1 3164
2 5140
2 6817
1 1634
1 5863
1 9365
2 10282
2 7483
2 3012
1 7644
2 7699
1 3022
2 7820
1 4365
2 8
1 4286
1 10566
2 2326
2 7858
2 1231
2 9772
1 4515
2 188
1 3204
2 181
1 5219
1 5047
1 6375
2 1121
1 688
1 2830
2 4796
2 8216
2 10210
1 595
2 10254
2 8867
1 7661
1 10488
2 4825
1 6529
2 4838
2 2343
2 2382
1 1779
2 3139
2 7819
2 9347
2 3249
1 7384
1 7436
2 6384
2 4955
1 8386
1 8519
2 5579
1 5425
1 4736
1 6420
1 7325
2 4683
1 4093
1 5582
2 10458
2 10265
1 24
2 9334
2 10805
2 8005
1 1396
1 7232
2 8506
1 10164
1 7336
1 5348
1 3290
2 1880
1 1047
2 9879
2 155
1 7561
1 9961
2 784
1 437
1 2447
2 8745
1 356
1 5382
2 8506
1 9877
2 50
1 6030
1 3651
1 7153
2 4943
1 2964
1 4056
1 9148
2 362
2 6703
1 3339
2 2610
2 5697
2 10182
2 7835
2 3488
1 5219
1 7873
1 6898
2 8147
1 9853
2 10846
1 5134
1 8122
2 7421
1 5997
2 10737
2 3823
1 10609
1 2923
2 768
2 6881
2 4401
2 2043
2 4991
1 6117
1 2233
2 3568
1 1875
1 304
1 1624
1 6981
1 319
1 6031
2 5220
1 7590
2 10080
2 10192
2 6147
1 2108
2 9993
1 7574
2 6019
2 4868
1 4520
1 6241
2 8716
2 7520
1 10231
2 7772
1 3504
2 3901
2 476
1 9141
1 10090
1 299
2 9825
2 2848
2 3692
1 5216
1 9468
2 7596
2 2447
1 4750
2 10008
2 1700
2 447
2 3848
2 10587
2 5031
1 7405
1 9889
2 10174
1 8921
1 2275
2 5589
1 9584
1 2616
2 2419
2 6310
1 9651
2 7360
1 3649
2 8393
2 9741
2 3359
1 2580
1 582
1 3352
1 4826
1 10641
1 6931
1 5891
1 4974
2 9007
2 8810
2 5319
1 6112
1 1716
1 7230
2 8658
2 4437
1 2415
2 6426
1 136
1 6554
2 7900
1 9226
1 7109
2 1158
1 2668
2 8360
1 868
1 5971
1 7570
1 328
2 3523
1 2465
2 5487
2 7597
1 8693
2 2915
1 7782
1 2122
1 8118
1 4544
2 10401
1 1041
2 7850
1 9307
1 3442
2 9623
1 9447
2 8227
2 1451
2 4846
1 887
1 10067
2 4791
2 6610
2 727
1 859
1 6750
2 3973
1 2674
1 1374
2 7109
1 1787
1 5703
2 4162
2 4275
2 10126
1 278
1 4828
2 6973
1 579
2 6439
1 2257
1 1572
1 1476
2 1515
1 6013
2 5426
2 8764
1 1257
1 64
2 8472
1 2126
2 5587
1 2596
2 2458
1 4494
2 10454
2 5168
2 7265
1 10141
1 7174
2 7952
1 10025
2 7465
2 2007
2 10843
2 561
2 2339
2 1229
2 1427
2 3918
1 6480
1 6597
2 10217
2 5080
2 2761
2 8146
1 8271
1 1850
2 7540
2 9
2 1532
2 1214
2 160
2 1780
2 5195
2 4335
1 4708
1 6691
2 2076
1 1502
1 6169
2 855
2 1705
2 8158
1 6907
1 5549
2 8514
2 1576
2 5556
2 7513
2 194
1 10471
2 8081
2 9416
2 2377
2 4869
2 3394
1 653
1 10576
2 3516
2 3455
2 4773
1 7295
1 5638
2 6926
1 4859
1 538
2 9166
2 3470
1 9685
1 6263
1 4060
2 9279
1 8357
1 7554
2 9037
2 5575
2 1824
2 265
1 9168
1 2943
1 9714
2 2993
1 802
1 9556
1 10337
1 1839
1 1267
2 6559
2 638
2 3200
2 4375
2 10397
1 9471
2 6170
1 10247
1 3015
2 2367
2 9680
1 9845
2 1915
2 604
1 5257
1 1227
2 9545
2 4936
1 1730
1 4268
2 3783
2 4177
1 4872
1 8801
2 5054
2 3569
1 6070
2 8534
2 9931
1 9951
2 4557
1 10987
2 10750
1 2780
1 2639
2 4228
1 4102
1 2870
2 3355
2 8233
1 6939
1 9464
2 4757
2 4422
2 7723
2 10464
2 3435
2 7139
1 2190
1 4697
1 9385
1 1845
2 7226
2 9103
2 2957
2 2324
1 5824
2 1661
1 987
1 7372
1 2148
1 3698
2 402
1 1588
1 8617
1 7375
2 9470
2 8489
2 9227
1 658
2 9900
1 9636
1 9827
1 2927
1 6593
1 7792
1 31
2 10130
2 9860
1 8781
1 10287
1 4430
1 6287
2 4376
2 5216
2 7714
1 2762
2 7504
2 4805
2 10958
2 5527
2 9402
1 7466
1 3170
1 7559
1 1246
2 9191
2 8639
1 8348
2 5728
1 1507
1 2140
2 9237
1 8112
2 8886
2 8915
1 8861
1 7235
2 8285
2 8385
1 6908
1 9056
1 7290
2 7473
2 7052
2 8619
2 3450
2 7506
2 7141
1 4653
1 7166
1 10580
1 19
2 10098
2 8058
2 3807
1 5131
2 9826
1 5352
2 7101
1 10153
1 1128
2 5598
2 1003
1 1180
1 2934
1 6244
2 4204
1 312
2 6879
1 1087
1 8629
2 4107
2 5716
1 4809
1 10850
2 8985
1 6184
2 2239
1 55
2 1873
1 772
1 1457
2 7960
2 2941
2 11
2 2950
2 5970
1 10838
1 734
2 6133
1 7976
1 10541
2 5490
2 8469
2 8015
1 2163
2 9061
1 9645
1 3954
2 6922
2 5005
2 7189
2 8879
1 5138
1 1897
1 9763
1 6431
1 4933
2 5062
1 7047
2 3626
1 811
1 8475
1 3616
2 4217
2 5159
2 7149
1 7085
1 5330
1 4016
2 7068
2 4413
1 560
1 9857
1 1996
2 1774
1 5864
2 1233
1 3998
1 10450
1 6709
1 6444
2 5276
1 6653
1 1765
2 8528
2 6120
2 761
1 2706
1 3664
1 7397
2 7418
1 9330
1 965
1 2692
2 2427
1 6319
2 2920
2 65
1 8951
2 2248
2 2617
1 2004
2 8992
2 1069
1 3060
2 1448
2 5251
2 4855
1 3358
1 3167
2 5634
2 5862
1 3316
1 6204
1 6233
2 7305
2 7653
1 10752
1 6026
2 2314
2 8099
1 10646
1 9049
2 2895
2 5190
2 6574
2 2592
2 4850
2 9552
1 7230
2 1492
2 3394
1 7514
1 7636
2 1750
1 9800
2 1958
2 9029
2 10555
2 10139
1 8819
2 5378
2 8093
1 10724
1 7596
1 454
1 7760
2 6898
2 1041
1 2545
2 5094
1 2511
2 5469
2 5951
1 1019
2 8434
2 10494
2 5586
1 3665
1 6547
2 10304
1 7500
1 5501
2 9130
2 3658
1 7910
2 2952
2 10432
1 1279
2 2540
1 4423
2 9788
2 815
2 4518
2 3803
2 4151
2 2419
2 8536
1 7218
1 9561
2 3141
1 6171
2 3725
1 6170
2 9926
2 1538
1 256
2 673
1 8501
1 1574
2 45
2 1993
1 7271
2 7811
1 3617
1 4127
1 3385
1 3617
1 5012
1 2797
2 2064
2 8931
2 742
2 8722
2 1394
2 10163
2 6125
2 6224
2 8842
1 1116
2 6440
1 7924
1 2176
1 8847
2 3455
2 10546
2 8470
2 10551
1 6608
2 3494
2 7220
1 2004
1 2052
2 8924
1 7701
2 9020
2 5632
2 10745
1 2416
1 237
2 6429
1 3576
1 10040
2 6004
1 7784
2 6478
2 4756
1 5434
2 802
2 10334
2 9304
1 9705
2 1409
2 10773
2 1594
2 2476
2 10045
2 7743
1 4253
1 8212
1 4468
2 2857
1 9738
2 8260
1 3854
2 7156
1 2690
1 6830
2 4722
2 2425
1 2085
1 9331
1 10616
1 1831
1 4015
1 10174
2 7133
2 7743
1 10717
1 10906
1 1194
2 4257
2 3324
1 5200
1 4493
2 10739
1 155
2 6578
2 3030
2 5785
1 6044
2 7899
1 4451
1 640
1 1831
2 5804
1 4772
2 3194
2 10487
1 2329
2 10912
1 1989
1 8882
2 4073
2 4838
1 3012
1 949
2 10242
2 6597
1 1285
1 3174
2 9235
2 4045
2 2921
2 6345
2 7880
2 1140
1 5839
2 2004
1 2753
2 10634
1 7545
2 6458
1 6603
2 1717
2 4573
1 8123
2 7486
1 10205
2 9853
1 418
1 1989
2 6609
2 4415
1 2375
1 6329
2 3744
2 7414
1 1419
1 158
2 9761
2 2328
2 3478
1 10693
1 716
2 5334
1 6884
1 10409
2 3718
2 10471
1 5435
1 10058
1 697
1 10277
2 3031
2 6700
1 7114
1 5535
1 3855
2 9537
1 8241
1 869
1 1734
1 7131
1 1605
1 10759
2 282
1 506
2 5597
2 9486
1 616
2 1492
2 2664
1 10873
2 6294
1 8472
2 9950
1 4657
2 9383
1 531
2 8676
2 653
1 3594
2 10092
2 1444
2 6088
1 10148
1 5415
2 4803
2 718
1 2650
1 2805
1 4513
2 10826
1 5296
2 2225
2 308
2 5227
1 3941
2 8469
2 3046
1 9059
2 9884
2 8891
2 10426
1 9374
1 668
2 1613
2 1107
2 10433
1 2129
2 3678
1 6149
1 2016
1 6009
2 375
1 3178
1 2999
1 4040
1 4891
2 5630
2 2538
1 1748
1 5522
2 8876
1 2461
2 7585
1 10129
1 1279
2 10181
2 8839
2 3857
2 5353
1 1276
1 2415
1 10924
1 8551
1 8370
1 2570
2 6003
2 3931
1 4822
1 1026
1 7363
2 3817
1 1577
1 5590
2 6043
1 1355
2 3883
1 9395
1 2352
2 4525
2 8188
2 3773
2 8305
1 4962
2 10357
2 10698
2 5011
2 9389
2 10524
1 5312
2 8302
1 4936
2 7508
2 1018
2 1774
2 160
1 2010
2 1047
2 9219
2 9551
1 8601
2 4898
2 4481
2 2817
1 2735
2 867
2 2849
2 7351
2 5997
1 2445
1 174
2 1800
2 8547
1 5734
2 7617
1 3091
2 8250
1 114
1 9493
2 1198
2 6384
1 544
2 6444
2 58
2 896
1 420
2 3008
1 4524
1 135
1 1531
1 5147
1 4174
1 3929
2 7650
1 4312
1 10364
1 3273
2 6983
2 4927
2 6319
2 1444
2 8574
2 6349
2 3149
2 343
1 10254
1 5306
2 8431
2 8956
2 10466
2 8281
2 2882
2 4434
2 6176
1 9147
1 5367
2 3042
1 1429
1 9045
2 2763
1 7898
1 4071
1 3597
1 696
1 582
2 8337
1 10753
2 6058
2 7058
1 235
1 9800
1 9634
2 9017
2 3319
2 1254
1 8654
1 7457
2 3805
1 8604
2 9303
2 8212
1 5696
2 2694
2 2698
1 5265
1 7391
2 588
2 8360
2 8857
2 10005
1 8682
2 3382
2 2834
2 2865
2 9224
2 7093
1 2720
1 1095
1 82
1 8347
1 1103
2 6997
2 9833
1 1984
2 10050
1 1295
1 4112
1 2242
2 4847
2 10548
1 8128
2 10874
2 7369
1 9438
2 9973
2 4821
2 4317
1 5293
1 2862
2 1220
2 7173
1 4957
2 6873
2 9268
1 400
1 8731
1 10068
1 3726
2 8887
1 6749
1 9197
2 7367
2 10578
2 3335
1 2547
2 5978
1 1801
1 38
1 6067
2 5994
1 5627
2 6185
1 573
2 1696
1 2395
1 7171
1 9436
1 8275
1 1950
2 6835
2 377
2 4443
1 3670
1 3012
2 3648
2 6924
2 362
2 5333
1 10786
1 9338
2 1476
2 7969
1 3377
2 10567
1 730
2 4624
2 2079
1 6534
2 8677
2 3165
2 4112
2 3836
2 6061
2 3878
2 9091
1 8706
2 5874
1 759
1 7557
1 6004
1 4604
2 2119
2 4230
2 10677
2 9413
2 4978
1 3962
1 10241
2 7410
1 3485
2 9953
2 4057
1 1030
2 4277
2 8519
2 8314
2 7959
2 9393
2 5948
2 4262
1 6398
2 8211
2 1086
1 6618
2 8491
1 866
1 8378
2 9687
1 2543
1 8915
2 5655
2 8265
2 2336
1 8867
2 9131
2 6954
1 8081
2 6047
1 7612
1 5952
2 10079
1 8389
2 1689
2 7091
1 709
1 112
1 1133
2 7824
2 8513
2 10320
2 6755
2 5617
2 8605
2 7792
2 4517
1 9499
2 9647
1 6
2 283
1 9574
2 4985
2 502
1 9970
2 8465
2 889
1 6415
2 5106
1 8155
1 10506
2 6332
1 8784
2 7947
2 2058
1 9092
2 6570
1 9337
2 10290
1 5531
2 6653
1 10930
2 5561
2 6167
2 1786
1 672
2 1785
2 10676
2 6245
1 1791
2 640
1 9072
1 3037
2 7922
2 9168
2 4768
2 55
1 5164
2 1319
2 1713
2 8403
2 1311
2 369
1 1488
2 7276
1 2497
2 4881
1 26
1 7252
1 7770
2 1163
1 3669
1 1823
1 2383
1 8118
1 1077
1 5411
1 6418
1 10346
1 9015
2 3030
1 10727
2 10966
2 9154
2 7024
2 9896
2 5444
1 2041
2 4149
1 2770
1 9835
2 6635
1 8812
1 1071
2 10732
1 2627
2 8507
1 3954
2 1238
1 3008
1 3008
2 4518
2 4642
1 4581
1 1305
2 6015
1 8816
2 4346
1 4149
2 2390
2 10008
1 810
1 8249
2 3850
1 9737
1 8027
2 9173
1 3818
2 782
1 10338
2 1340
1 308
2 5028
2 6364
1 1279
2 5697
1 3277
2 5173
1 810
2 9590
1 1664
2 1237
1 9029
1 7789
2 3119
1 1942
1 3381
2 6810
2 5903
1 8887
2 1137
2 5583
2 3644
2 444
2 8125
2 8856
1 4914
1 8548
2 10634
1 5623
2 7533
2 9985
2 9332
2 1953
2 4570
1 2004
2 7899
2 7607
1 10603
1 9471
2 603
2 294
2 79
1 5993
1 2588
2 8480
1 6136
2 5805
1 1178
1 6369
1 2316
1 2459
2 5125
1 6066
2 10044
1 5453
1 5034
1 4057
1 9144
1 7723
2 8337
2 4327
1 10665
2 8465
2 7214
2 6729
2 8589
1 44
2 1848
1 5528
2 5855
1 10712
2 7453
2 6801
1 6556
2 476
1 10107
1 3566
2 7087
1 9844
2 3744
1 906
2 7534
2 206
1 8251
2 10297
1 10546
1 8454
1 6969
1 6150
2 8155
1 8410
1 3433
2 4635
2 762
2 7407
2 1688
1 8044
1 1990
2 2282
1 5223
2 2644
1 10863
2 9472
1 5008
1 9999
1 4478
1 6503
2 8628
1 6175
1 4747
2 2810
2 3975
1 3023
2 2957
2 192
1 8266
1 8115
2 2174
1 7214
1 5305
2 4214
2 4524
2 7617
2 3619
1 6097
1 6793
1 3292
1 4845
2 4691
1 7131
1 3976
1 2430
2 8220
2 9077
2 943
1 3372
1 7161
2 3685
1 7504
1 2574
1 2283
2 2812
2 10679
1 384
1 8936
2 8369
1 6794
1 8075
2 5976
2 9798
1 5117
1 8034
2 4177
1 5281
1 7734
1 10509
2 3115
1 7877
1 9449
2 922
1 845
1 8222
1 6693
1 4567
1 3903
1 793
2 7238
1 8194
2 1637
2 9329
1 3529
2 2217
1 5251
1 523
1 203
2 7634
1 9011
2 5403
1 7307
1 5660
2 4720
1 8908
1 10699
1 6764
2 6119
2 2004
2 6467
2 9569
1 5777
2 214
2 10893
2 2472
1 6530
1 6319
2 6154
2 6345
1 10189
1 2457
1 2012
2 8273
1 1701
1 9715
1 10
1 982
1 821
1 1806
1 8823
2 2237
2 10466
2 3074
2 5875
1 3927
2 36
1 2143
1 5808
1 9255
2 4969
2 1957
1 5975
1 2414
1 8249
2 7156
1 9953
1 4736
1 4155
1 7396
2 3694
2 8557
2 8262
1 3135
1 7609
2 8329
1 10473
1 9994
1 7297
1 8908
2 2124
1 5207
1 2826
1 9858
1 3900
1 5014
1 1258
2 627
2 3531
1 8759
2 9749
2 7116
1 1037
1 7482
1 3498
1 7277
1 10317
2 2904
2 2875
1 9033
1 3510
2 1279
2 5801
1 6146
2 7851
1 8274
2 7989
1 8626
2 3223
2 9006
2 9520
1 8419
1 5901
1 4118
2 8652
1 7007
2 7529
1 9007
2 7905
1 9897
1 10661
2 9629
1 4137
1 8106
1 10558
1 4309
2 1892
1 4005
1 5684
1 10345
2 2525
1 68
1 9005
1 5175
2 3043
2 9976
1 1138
2 6938
1 3961
2 3117
2 5073
1 1135
1 6030
1 9787
2 3978
2 8313
2 4054
1 8582
2 722
2 7686
1 2807
2 7255
2 730
2 2240
2 8508
2 4065
2 1305
2 5317
2 8934
1 61
1 5366
1 3911
2 5614
1 695
2 8431
2 9140
1 2140
1 4687
1 8389
2 5039
1 1484
1 2601
2 2526
2 7454
2 2491
1 6436
1 3633
1 10722
1 4238
2 1630
1 1925
2 10066
1 876
2 7303
1 1731
1 232
2 4711
2 2754
2 743
2 7234
1 5711
2 7832
2 2836
2 6722
2 2774
2 6388
1 6197
1 7919
2 4197
1 1143
1 716
1 2410
2 1134
1 1030
1 9470
2 114
2 9720
2 8175
1 7228
2 10352
1 8726
1 1280
1 1508
1 8547
1 408
1 7096
2 3735
2 861
2 1281
1 6780
1 9185
1 1172
1 10999
1 2011
2 9108
1 3979
2 1950
2 7466
2 1093
1 2799
1 4933
1 5289
2 8685
1 4498
2 9103
1 9436
1 1641
1 187
1 148
1 8891
1 739
1 131
2 189
1 5579
2 6687
1 1145
1 5548
1 10234
1 2198
1 7232
2 1370
1 1903
1 10326
1 5860
2 5654
2 6216
1 7120
1 8033
1 4541
2 10633
1 8529
1 10524
2 5916
1 6684
2 3178
2 367
2 3736
1 236
2 3696
1 1593
1 6359
2 7393
1 8524
1 836
2 10452
1 7655
2 7828
1 2493
2 4055
1 3470
1 8961
1 5368
2 2978
2 1499
1 4479
1 1177
1 8685
1 5678
1 7191
2 3852
1 7259
1 5746
1 5528
1 10382
2 2867
1 504
1 4690
2 6929
1 2224
1 5533
1 2138
2 3869
1 1249
1 8103
2 5097
2 5625
2 650
2 5788
1 1613
1 10374
2 10609
2 475
1 8478
1 9141
2 9489
2 3025
1 8106
2 6083
2 715
2 2245
2 3722
2 3556
2 1200
2 10508
2 7035
2 8117
2 7888
2 8614
2 5405
2 1785
1 5375
2 8975
1 319
2 933
2 6402
1 10527
2 4049
2 2276
2 2838
2 3874
2 10945
2 6420
1 1970
1 10233
1 1823
1 4807
1 7904
1 8391
2 10985
2 459
2 1216
2 3149
2 6800
2 3578
2 4613
2 4239
2 1536
2 4786
2 5701
2 4189
2 3820
2 1846
2 7917
1 10130
2 6280
1 2859
2 5483
1 7624
1 1893
1 5949
2 10691
2 10962
1 10504
1 10648
1 4051
1 2880
2 6219
1 6470
2 1142
2 4055
1 7347
1 3031
2 1348
2 10239
2 57
1 5037
1 8592
2 3947
1 3745
1 6596
2 8642
2 9556
1 3582
2 7176
1 10427
2 3415
2 1371
2 3799
1 8843
1 9898
2 1219
1 4186
1 1726
2 9179
2 1659
2 4688
2 4146
1 8937
2 739
2 155
1 9203
1 3161
2 8736
2 4913
2 9584
2 8746
2 4581
1 3901
1 9388
2 417
1 1917
2 3139
1 1661
1 8894
1 2723
1 992
1 8328
1 10397
2 4866
1 3055
2 611
1 10542
2 9541
2 1381
2 2153
2 8037
2 2393
1 8094
2 6634
2 9539
1 2605
1 10733
1 2472
2 2699
1 9617
2 2833
2 6315
1 518
1 3540
2 1754
1 9326
1 10656
2 229
2 856
2 7864
2 2296
1 4891
2 5820
2 2196
1 3260
1 8885
1 5549
2 1905
2 8827
2 7218
1 7077
1 259
1 10969
2 3538
1 2961
2 10040
2 2670
1 2123
2 2693
1 948
2 5279
2 10533
1 9669
2 13
2 3555
2 7719
1 5565
1 4423
2 2984
1 8703
2 338
1 970
2 6940
2 8351
1 4878
2 8527
1 3804
1 10698
2 10584
1 7623
1 9177
1 2459
2 3666
2 1180
2 5485
2 1078
1 8842
2 7045
2 2234
2 5285
1 673
1 7551
2 7892
2 5948
1 383
1 4070
1 9170
1 10821
1 5453
2 7776
1 6105
1 9517
2 8025
2 4315
2 921
2 5981
1 9229
2 6594
1 6214
2 2659
2 1081
1 6580
2 10632
2 7926
2 693
2 3508
1 6483
1 7845
1 7367
2 7410
2 5984
2 2161
1 2163
1 9281
2 1914
2 7174
1 9622
2 4727
2 2130
2 1630
1 8618
1 5096
2 10108
2 1926
2 2509
2 2851
1 1415
1 6583
2 2786
1 2124
1 10289
1 3807
1 9110
2 4208
1 6848
2 9829
1 2084
2 1612
2 1242
1 8592
1 7786
1 4046
2 6055
2 10209
2 9570
1 9522
1 6106
2 9140
2 1578
1 4607
1 6515
2 6851
2 5412
2 9016
2 10463
2 643
2 1231
1 8451
1 8519
2 3269
2 7148
1 6693
2 10213
1 6494
1 7057
2 324
1 7634
1 10295
1 7081
2 5083
2 4659
2 5150
1 2266
2 6714
1 10967
2 8500
1 9614
2 6275
2 1538
1 925
2 10899
1 950
1 7558
1 4499
1 3036
1 5246
1 8260
2 5154
1 4781
1 6066
2 6407
2 4605
1 6226
2 4493
1 5554
1 7992
2 5225
1 126
1 6645
2 6301
2 8380
1 8057
2 4244
1 4735
2 10824
1 8092
2 2088
1 3258
1 4936
1 2691
1 6508
2 10225
1 1546
1 7149
1 7105
1 10510
1 2377
1 6420
1 10203
2 8405
2 8369
2 8032
1 6641
1 3937
1 87
1 7101
2 1729
2 422
1 8070
2 3665
1 2921
1 205
2 4987
1 9359
2 3431
1 8716
1 4090
1 6710
1 9707
1 6323
1 4023
2 7306
2 1856
1 4352
2 8398
1 9442
1 1390
2 2204
2 10867
1 9249
2 6378
1 9419
1 1819
2 10070
2 3701
1 9832
2 4944
1 9476
1 9305
1 3055
2 4361
1 5602
1 887
2 10289
1 1064
2 3123
2 964
1 2308
1 2082
1 6943
1 4655
2 2384
2 9515
2 1969
1 6572
2 3
2 6183
1 10687
2 3028
2 6749
2 7858
1 4597
2 3491
2 1605
2 2337
1 2515
2 9145
1 4402
1 10095
2 1194
1 698
1 8243
1 9785
2 5290
2 10814
2 6376
2 5922
2 10407
1 273
1 9111
2 8199
1 7088
2 5988
1 3280
1 7668
2 6215
1 1034
1 8257
1 8014
2 7891
1 8252
1 1698
2 87
1 177
1 2165
1 5521
2 10749
2 3086
2 7151
1 7680
2 10219
2 10447
2 8476
2 2027
1 1878
2 8626
1 3894
2 6979
1 2417
1 2650
2 104
1 3341
2 9458
1 55
2 6074
1 4235
1 1587
2 1660
1 4233
1 2274
1 10618
2 3447
2 8372
2 3218
1 137
2 8388
2 9569
2 4041
2 494
2 1890
2 8814
2 1313
1 5380
2 5044
1 4824
2 9757
1 7328
2 4193
2 1631
2 3688
1 10629
1 1373
1 4120
1 8599
2 9489
1 6374
2 2434
1 6321
2 10062
2 7608
1 7545
1 3902
1 5106
1 5825
1 10158
1 10629
1 3976
2 4174
1 4325
2 6725
2 4932
1 5876
2 9078
1 5333
1 1026
1 1480
1 541
2 6707
1 3672
2 8655
1 7986
2 4017
1 1951
1 247
1 10833
2 9635
2 6310
2 8420
1 9435
1 5227
2 3663
2 5907
2 7963
2 7838
2 9977
1 6651
2 4457
1 7100
1 1956
1 399
1 4371
2 6747
1 8504
1 5382
1 8503
2 1620
1 7990
1 795
1 1043
1 6997
2 6597
2 10597
1 461
1 10325
1 8158
1 9327
2 1907
1 8515
1 3321
1 4257
2 2829
1 1328
2 950
1 5094
2 8093
2 3856
2 5572
2 2932
2 9734
1 3413
1 1046
1 4312
1 10794
2 3365
1 1033
1 6895
2 2034
1 10439
1 10183
2 8949
2 5666
1 8129
1 4871
1 4450
1 5251
2 8589
1 642
1 288
2 8623
2 1223
2 9304
2 9030
1 7520
1 1544
1 5257
2 8552
1 4929
1 7958
1 10157
2 8293
2 5836
1 4042
1 2597
2 7007
1 7834
2 753
2 10495
2 983
1 766
1 2204
2 7669
2 4519
1 8827
1 1993
2 2950
2 1494
1 10625
1 935
1 10484
2 5647
2 1876
1 357
1 6125
2 10498
2 10029
2 6484
1 2610
1 3049
1 615
2 9920
2 4307
2 8973
2 10762
1 9003
2 2809
2 4967
1 8044
1 8706
1 5178
2 5135
2 10875
1 8182
2 5665
1 4464
1 10093
1 8092
1 371
1 6465
1 10240
1 6109
2 9307
1 7614
1 2178
1 1903
2 2566
1 1573
1 2954
1 834
2 7112
1 3202
2 3605
1 4436
2 6286
2 7595
1 4595
2 1462
1 2802
2 53
2 6663
1 9861
1 1826
1 9917
1 10690
1 10018
1 4697
1 9592
2 4112
1 7314
2 1821
2 8876
2 2673
2 4470
1 6887
2 5940
1 2426
1 7460
2 2262
1 2551
1 5818
2 7204
1 4788
1 6546
2 4813
1 2588
1 7438
1 1402
2 5332
2 2509
2 9777
2 10746
2 5011
2 2780
2 1264
2 51
1 6154
1 6209
1 9983
2 3863
2 1220
2 8395
2 7068
2 2925
1 3811
2 3995
2 7152
1 5065
2 666
1 2476
1 3226
1 6577
1 10522
2 10049
2 9508
1 5465
2 1694
2 9839
1 4260
2 3783
1 3823
1 6311
1 3085
1 6143
1 9560
2 2870
2 9931
1 9408
1 8595
2 10940
2 10818
1 9854
2 6602
1 2992
2 9800
2 10198
2 1694
2 6578
2 8878
1 4045
1 796
2 10088
1 8860
2 1178
1 3819
2 10674
2 7530
1 8959
2 7624
2 4966
1 9863
1 980
2 7531
1 1652
1 462
2 4491
1 10631
1 8923
1 6419
1 1173
2 1957
1 706
2 1651
1 524
1 9289
2 72
2 9322
2 3591
1 747
1 9429
2 5226
1 7785
1 1327
2 4974
2 6179
1 1498
1 78
2 4301
2 1957
1 9180
2 8364
1 4431
2 9975
2 6616
1 7072
2 4469
1 3724
1 7887
2 3463
1 3579
1 8169
1 9449
2 8800
2 924
2 4312
2 9681
1 3233
1 2059
1 10552
2 4454
1 10777
1 3907
2 5971
1 4572
1 5924
1 10040
2 9583
2 5833
2 7818
2 2540
2 1045
2 4129
1 6520
1 8548
2 6709
1 7163
1 9678
2 3080
1 8608
2 1809
2 376
1 7399
2 4772
1 8188
1 1837
1 9856
2 2947
2 10285
2 10234
1 6690
2 1797
1 7685
1 3672
2 8292
2 4273
2 9846
2 2330
1 198
1 6320
1 7328
1 8176
2 1311
2 7203
1 7725
2 9854
2 1012
1 7560
1 4781
1 6430
2 2887
1 5465
2 10123
2 7842
2 3022
1 2436
1 9494
2 3395
1 9384
2 7924
2 2913
1 2709
1 6083
1 10206
2 1867
1 472
1 3409
1 9909
2 896
1 4745
2 9350
2 10791
2 4510
2 9902
1 1220
1 7150
2 7432
1 10206
1 3903
2 3872
1 7943
1 4327
2 3442
2 1495
2 7308
2 5182
2 240
2 1985
2 9087
1 8650
1 8539
1 3385
1 4756
1 1993
1 8744
2 1852
1 3664
1 5370
1 7537
1 4806
1 4624
1 1145
2 946
1 9779
2 1291
2 4902
2 8725
2 3526
2 5939
1 4566
2 1382
2 3141
2 8040
2 5217
1 9447
1 8818
2 6228
1 9634
1 3229
1 9860
1 8304
1 6699
1 201
2 164
1 5158
2 2734
1 6328
1 3656
1 1661
2 6868
1 1500
2 9740
2 9088
2 5962
2 9585
1 7148
2 7199
1 2159
1 2897
1 4819
2 1709
1 5848
2 4064
1 7479
2 2544
1 5332
2 9688
2 1635
2 3596
2 752
2 14
1 4419
2 2864
1 3948
1 3939
1 3940
2 10543
2 4268
2 7572
1 4153
2 1289
1 8929
2 3810
2 7103
2 7959
1 6709
2 9251
1 914
2 4611
1 4810
1 960
2 2670
2 8430
1 739
1 7341
1 2615
1 4615
2 6521
1 9100
1 3064
2 1043
1 6544
1 5770
1 3336
1 5103
1 263
2 2096
1 3545
1 10024
2 1012
1 4363
1 8264
2 2596
2 286
1 5828
1 6439
2 526
2 7281
2 1777
1 5014
1 2590
2 10141
2 3986
2 5333
2 2334
1 2151
1 61
1 1660
2 958
1 5247
2 7467
1 9540
1 6281
2 6792
1 8753
1 6971
1 10742
1 1820
1 3472
2 4659
1 10256
2 3533
2 5437
1 4059
2 14
1 6668
1 4529
1 1141
2 2228
1 5726
1 5146
1 7159
1 5280
2 10754
2 7432
1 4914
2 8805
1 7077
2 9921
1 1110
1 4732
1 3126
2 9494
1 180
2 10174
1 7506
1 1907
1 10994
1 10115
2 8945
2 947
2 7347
2 351
1 6247
1 2450
2 7692
1 4127
1 5812
2 1809
1 520
2 1817
1 6405
2 9726
2 10285
2 209
1 3936
1 1137
1 9437
1 3380
2 7356
2 4232
2 3078
1 2409
2 7158
1 3963
1 3722
2 8971
1 10005
1 6257
2 4767
1 9944
1 5584
1 3321
1 6056
2 8501
2 8722
1 3906
2 7234
1 9600
1 1909
1 5644
1 8736
2 3501
1 7132
1 1197
2 1872
2 2522
2 4288
1 2557
2 4
2 674
1 10748
1 10922
1 4290
2 7613
2 8656
1 7044
1 212
1 4999
1 9994
1 4210
1 5729
1 565
2 3296
1 3707
1 1314
2 2515
1 5375
1 1926
1 8070
2 5248
1 4999
2 7627
2 3030
1 6568
1 1037
1 2695
2 6857
1 10513
1 8864
2 1532
2 6409
1 9223
2 8861
2 8071
2 7092
2 6121
1 3619
2 6824
2 6925
1 5506
2 8559
2 5558
2 3704
2 10464
1 7793
1 136
2 9105
1 10120
2 6773
1 5013
1 9038
1 7504
1 8739
1 4037
1 9097
2 4923
1 8399
2 10437
1 1951
1 6329
2 10498
1 4519
1 9987
1 10412
2 9455
1 1376
1 7747
1 1020
1 4895
2 8936
1 3674
1 1588
2 1174
1 3709
2 4669
2 8443
1 8403
1 7257
1 7726
1 10124
2 7332
1 5287
2 4292
1 5414
2 936
1 8698
2 3945
1 8621
2 347
2 4254
2 1090
1 10495
2 6245
2 1357
2 7994
1 2472
1 4139
1 2147
1 8368
1 318
2 8485
1 1467
2 8429
1 493
1 10926
2 8456
1 9679
2 757
2 303
1 1332
2 2856
2 8487
2 6388
2 10789
2 4367
2 3948
1 8478
1 6890
1 2502
2 566
1 7695
1 1898
2 2290
1 5156
2 10706
2 9734
2 3071
1 10323
1 904
1 5082
1 5914
2 6408
1 5699
2 585
2 540
2 4318
2 519
1 2206
1 2710
1 10742
2 5588
2 7779
1 5327
1 6018
2 9358
1 2869
2 2719
2 3385
2 7941
1 1438
2 3544
2 1582
2 1573
1 5202
2 9416
1 10377
2 10399
1 8491
1 3473
1 9733
2 1894
1 10493
1 2497
1 5760
2 3539
1 6074
1 8746
1 9310
1 3810
1 5983
1 6818
2 1582
1 8434
2 2861
1 10052
1 8444
2 5273
2 1033
2 9885
2 8693
1 4446
1 10621
2 232
2 5574
1 2261
2 10149
1 9251
2 8765
1 8230
1 3850
1 1304
1 4550
2 4566
1 2074
1 5381
2 1000
2 3620
1 638
1 1860
2 6798
1 5734
2 1731
2 5979
2 7150
1 9170
2 1458
1 5629
2 5573
1 9853
1 7936
1 9016
1 9385
1 7335
2 4263
2 2341
2 1061
1 2885
1 7571
1 5427
1 9385
1 2414
1 7885
1 4588
2 3079
1 63
1 1907
2 5910
2 135
1 2407
1 6062
1 8620
1 3796
1 7147
2 10707
2 1250
2 1165
2 2739
1 1603
1 8972
2 3597
2 1130
1 10547
1 10184
2 10196
1 10730
1 876
2 3031
1 3251
1 1263
2 4452
2 6729
2 5611
2 6391
2 5051
1 5198
1 8703
2 7609
2 4919
1 581
2 5558
1 1746
1 5281
2 8376
1 2634
1 3753
1 4086
1 9606
1 7195
1 469
1 6943
2 9144
2 2861
1 6057
1 521
2 7309
2 638
1 2439
2 2589
1 1079
1 433
1 1754
1 2393
1 5787
2 6741
1 7378
1 7189
2 620
2 8422
1 7348
1 423
2 2737
2 3971
2 8871
1 8847
2 8331
2 10559
1 7409
1 2892
1 9871
1 9729
1 8304
2 4742
2 594
1 9556
2 2665
1 8130
2 10928
2 7679
1 8884
2 6377
2 412
2 8509
2 2406
1 8608
2 619
1 5686
1 8510
2 9753
1 4497
2 5621
2 7504
2 4881
1 8874
2 8536
2 3630
2 10697
1 9602
1 7667
1 3281
2 301
2 8254
2 10334
2 4572
1 9648
1 5385
1 2258
2 6906
1 3958
1 3728
1 9135
2 7339
1 3832
1 38
1 4769
2 7115
1 2467
2 5624
1 1207
2 7075
1 2817
2 3314
2 9067
2 10454
2 7607
1 10337
1 5724
1 4021
2 10846
2 8391
1 1439
2 2764
1 6106
2 5578
1 4498
2 6450
1 8694
1 6964
2 8927
2 7813
2 7045
1 7245
1 10903
1 1995
1 2234
2 3885
1 4652
1 3394
1 2186
2 7819
2 8214
2 6441
2 3373
1 10712
2 144
2 2189
2 3528
1 3388
1 9160
2 1126
1 2766
2 6048
1 4506
1 2023
1 2946
2 8283
1 4789
2 3033
1 5758
2 5630
1 8140
2 10336
1 9512
1 4167
1 1334
2 3356
1 4176
1 10729
1 7447
2 5674
2 9595
2 10834
2 3237
1 4361
2 1955
1 1948
2 9388
2 7317
2 3724
1 1373
2 4618
1 2176
1 8473
1 9543
2 2812
1 1915
2 613
2 5729
2 6463
2 265
2 9874
2 6828
1 6320
2 3277
2 8862
1 5031
1 8092
1 4383
2 6401
1 2731
2 6825
2 1931
2 9448
2 1687
1 1187
1 3970
2 4325
1 2125
2 7415
1 599
2 3124
1 787
2 6188
1 8787
2 10671
1 9228
1 8757
2 8913
2 3283
2 4357
2 321
1 9707
1 2922
2 10624
2 3811
1 3051
1 7983
2 3756
1 9226
1 4579
2 269
1 898
1 2306
1 6366
1 3576
2 5777
2 825
2 2788
2 1018
1 8268
1 2994
2 6410
2 1575
2 3975
1 10645
2 6423
2 8913
1 1069
1 8286
2 2336
2 9981
1 4989
2 3850
2 4069
1 4700
2 697
2 6573
1 8995
1 4612
2 10414
2 9703
1 8368
1 4524
2 8926
1 9098
1 6721
2 10195
1 9889
1 5829
1 3951
1 9026
1 1479
2 10276
2 10974
1 5005
1 7432
1 10078
2 7701
2 8598
2 8652
2 3030
2 10425
2 2882
2 2835
2 7386
1 6145
2 8322
2 9879
2 4183
1 4523
1 1403
1 8389
1 9803
1 3790
1 10295
2 3824
2 4721
2 6662
2 8674
2 7117
2 3961
2 5444
2 7421
2 784
1 5493
2 5667
2 2958
2 2270
1 1262
1 9084
2 9046
2 5712
2 701
2 1962
1 3242
1 9719
1 6882
2 10415
2 587
1 82
1 3064
2 437
1 7094
1 7522
2 3726
1 6038
2 3789
1 518
1 4616
2 4700
2 6227
2 5783
2 10364
1 9938
1 2892
1 9054
1 2566
1 9481
1 667
1 6985
1 8820
1 1420
1 4194
1 4602
2 2931
1 4725
2 4006
2 9615
2 3208
2 6437
2 7375
2 3907
1 3560
2 1920
1 2572
2 1963
1 2289
2 3614
2 8902
2 9018
2 8302
1 4732
2 4456
1 9982
2 1334
1 4417
2 6814
2 1777
1 10494
1 3025
1 9675
1 1921
2 7995
2 2709
2 4824
2 1752
2 6432
2 9497
1 4196
2 3581
1 3318
1 157
1 4719
1 5265
2 631
1 8541
2 7342
2 2250
1 154
1 944
2 610
1 484
1 9451
1 4805
2 10345
1 6267
2 2784
1 3017
1 4107
1 3594
1 10661
1 5058
1 2678
1 5807
1 1640
1 3800
1 4642
2 9052
1 2069
1 518
2 7990
2 8592
2 8548
2 3134
1 7498
1 4220
1 6086
1 3714
1 2291
2 1839
1 7907
2 7836
2 3274
1 6226
1 7119
1 8815
2 3724
1 9268
1 2473
1 3491
1 6379
1 760
1 835
1 6957
1 1756
1 9290
2 8533
2 1156
2 3664
2 701
2 8321
2 877
2 3643
2 3704
2 3848
2 9848
2 2744
2 5989
1 3884
2 9009
2 6922
2 496
1 8980
1 6944
2 2405
2 8870
1 5979
2 4274
1 2811
1 6235
2 4313
2 8510
1 9087
2 7379
1 6400
2 5944
1 1838
1 9562
1 9529
2 7393
2 6592
1 52
1 5285
1 6045
2 6332
1 6126
2 1092
2 10092
1 5105
2 98
2 5601
2 7609
1 2590
2 2679
1 3651
1 8542
1 827
2 6727
1 5550
2 6078
2 8741
2 336
1 6832
2 5290
1 2302
2 9475
2 3125
2 4397
2 3002
2 8504
2 1636
1 7975
1 2212
2 3303
2 207
1 6574
2 3847
1 5217
2 6999
1 9576
1 1846
1 2997
2 6197
1 10547
1 8100
1 8155
2 7890
1 5821
2 5820
1 4421
2 10040
2 1508
1 6962
1 817
2 3175
1 7735
2 3480
1 10153
1 5393
1 10307
2 179
1 2610
2 9710
1 4519
2 6227
2 576
2 5953
1 8704
2 598
2 7649
2 1369
2 8862
2 7381
1 3517
2 6713
2 773
1 5038
2 10845
1 10744
1 8821
1 8745
1 265
2 7970
2 5227
2 10075
2 80
1 2637
2 2598
2 2462
1 6435
2 10740
1 4050
1 4446
2 5226
2 8760
2 4256
2 7421
1 9838
1 8234
1 2756
1 6376
1 3246
1 1458
2 2893
2 9440
2 7339
1 1644
2 89
1 1675
1 9819
2 6645
1 431
2 6808
2 9649
1 4242
2 4747
2 3295
1 6907
1 9130
2 4014
1 5470
2 1427
2 1015
2 4619
1 10732
1 1848
2 1409
2 9034
2 10963
1 10674
2 8914
2 5969
1 3590
1 8752
2 8835
1 2766
2 207
1 3525
1 3030
1 2678
2 1131
1 9999
1 6410
2 1226
2 1908
1 9119
2 8450
1 3732
2 9990
1 3165
1 10646
2 9503
1 2810
1 3153
2 6753
2 3620
2 7886
1 5586
1 6897
1 4318
1 5171
1 9818
2 4474
1 8663
2 2262
2 3456
1 8219
1 3656
1 10944
2 8757
2 5599
1 8341
2 446
1 10920
1 4470
1 5094
2 2018
2 3067
2 3961
2 927
2 4376
2 8635
1 10866
2 433
2 473
1 3483
2 9338
2 9047
2 2067
1 2170
2 5848
2 2722
2 6215
2 9088
2 7777
2 6542
2 6570
2 4101
2 714
1 5891
1 1533
1 867
1 10160
1 260
1 3205
1 6503
1 641
2 10843
2 9500
2 1035
1 600
1 10763
1 9821
2 4951
2 8317
2 7325
2 10764
2 10907
2 6538
2 1044
2 4356
1 4479
1 6271
1 712
1 2647
2 4219
1 4535
1 695
1 4305
1 975
2 4273
1 4415
2 3005
1 7765
1 904
2 5
2 6447
1 6818
1 587
1 1130
2 9864
2 7185
1 3038
2 9752
1 1006
1 1128
2 7143
2 313
2 6905
2 6064
2 1737
2 9833
2 9447
1 9473
2 10789
1 10671
1 10401
2 7332
2 7148
1 8360
1 108
1 55
1 8998
2 10556
1 7776
1 7053
2 175
2 1991
2 2292
1 6019
2 3661
1 7993
1 5705
2 9292
2 10795
2 2023
2 1066
1 334
1 5872
1 10152
2 970
2 8442
1 3704
1 5024
1 6422
2 8264
2 5874
2 7064
1 7263
2 3857
2 1793
2 9091
1 3537
2 1932
2 10611
1 8491
2 3575
1 4874
2 2933
1 6019
1 10245
2 3409
2 4757
1 2858
2 4764
2 748
2 6311
2 7390
2 6217
2 1049
2 8417
2 6975
1 10182
2 9682
2 4822
2 5376
1 1440
1 8349
1 4686
2 2969
1 8936
2 6148
1 869
2 9128
2 8002
1 2046
2 10680
2 9083
2 4585
2 828
2 9987
2 6039
1 424
1 3908
1 3693
1 6765
1 9170
2 1634
1 10642
2 7983
1 7060
1 6442
2 2304
1 10304
1 2846
1 7271
1 2859
1 2265
2 5350
2 839
1 4930
1 5388
1 4436
1 9708
1 856
1 9789
2 1526
2 1221
2 4923
1 7740
2 9302
2 595
1 5528
1 1853
1 3103
2 6589
2 5669
1 2600
1 4900
1 5804
2 6925
2 2082
1 42
2 3760
2 2448
2 1505
2 6721
2 3849
1 1200
1 3916
2 2078
1 4230
2 8765
1 4937
2 9235
2 5586
1 4082
1 6780
1 10518
1 5666
1 5446
1 4791
2 10142
1 4240
1 900
1 9644
2 10402
2 5835
2 10731
2 10709
2 5081
2 572
1 5215
1 4581
1 8067
2 7171
2 7606
2 332
1 1342
1 7672
1 8844
2 1471
1 2706
1 9867
2 2431
2 9310
2 1350
1 284
1 6795
2 724
2 536
1 4971
2 7968
1 5946
2 5602
1 6210
2 2063
1 7445
2 8591
2 718
1 2081
1 3443
2 6690
1 1098
2 9952
2 2762
1 6047
2 3923
2 10460
2 9457
1 3936
2 10845
1 6711
2 3388
1 2161
1 3476
1 10785
1 9125
2 7484
2 6388
2 10860
1 9558
1 9222
1 5578
2 2825
1 767
1 10096
2 7033
1 10058
1 206
1 1024
2 7158
1 1998
2 1146
2 1085
1 6156
2 9656
1 752
1 5886
2 8649
2 10000
2 5094
1 4340
2 10391
1 4033
1 579
1 755
1 8707
2 8833
2 613
1 5653
2 8865
1 1756
2 1600
1 2367
1 8311
1 7737
1 5966
2 10659
2 693
1 8612
1 9497
2 6972
2 2460
1 4450
1 8707
1 6780
1 9140
2 9000
1 7367
2 4265
2 7900
1 9908
1 917
1 9012
2 9414
1 3962
1 1498
1 3721
1 752
1 10201
2 7390
2 330
2 9300
2 3580
2 4860
1 6148
1 8144
1 2273
1 333
1 400
2 9719
2 9301
2 7965
2 7323
2 2543
2 9486
1 2933
1 4134
1 8593
2 7039
2 4967
1 2551
1 5772
2 8712
1 5909
1 8023
2 4938
2 4499
2 8291
2 834
2 3489
1 1128
1 4152
2 2530
2 3195
1 1810
2 9889
1 8819
2 5903
1 3920
2 350
2 10120
2 6326
2 7317
1 5947
1 10813
1 6943
2 537
1 10712
2 1356
1 8443
1 8445
2 2601
2 7729
2 10585
1 10554
2 1207
1 7597
2 67
1 8563
1 7181
2 8558
1 2416
1 6007
1 3284
2 5957
2 3368
1 9080
2 1159
1 3326
1 8027
2 2782
1 6808
2 10700
2 1810
2 3469
2 8857
1 9331
2 9348
1 10419
1 8620
2 108
2 7931
1 1739
2 4164
2 10397
1 4436
1 2964
2 6329
2 8574
1 2826
2 3386
2 312
2 5437
2 10876
1 308
2 1249
1 10395
1 5786
2 333
2 1527
2 10693
2 4108
2 6044
1 3187
2 403
1 1620
1 3252
1 5497
1 148
1 9295
2 796
1 1778
1 8600
2 10751
2 2359
1 7936
1 7005
2 7108
2 853
1 2645
1 6875
2 5086
2 3121
2 6909
1 7704
1 3365
1 8425
2 10895
1 10012
2 570
2 9969
1 6928
1 2326
2 355
1 3809
2 1280
2 4645
2 5818
1 7706
1 818
2 8616
1 470
2 4020
2 10528
1 7191
1 4681
1 9363
1 7046
1 9920
1 1
2 2750
1 9442
2 2875
1 4336
1 5535
1 7578
2 4902
1 4227
1 5829
1 6454
2 3897
1 5918
1 1933
1 7450
2 10019
1 8591
2 2565
2 6797
2 10459
1 9086
2 1023
1 5853
2 9776
1 4412
2 3988
1 6992
1 3394
1 5113
1 5886
2 10540
2 4358
1 3363
1 1797
1 8321
2 3262
2 3214
1 3244
1 9849
2 2959
2 9727
2 5681
2 775
1 8449
2 1184
1 88
2 9565
1 5410
1 2256
1 4112
2 9300
1 188
1 255
1 5316
1 3552
1 7210
1 3806
1 515
2 746
1 10799
2 10589
2 1753
2 316
2 2920
1 9363
1 7292
1 7568
2 8876
2 10210
2 4784
1 5562
2 1723
1 208
1 5451
1 857
2 1220
2 4103
2 450
2 3362
1 8830
1 3710
1 3706
2 3501
2 4168
2 7238
1 4776
1 4717
2 8728
1 9189
2 9802
1 7676
1 3920
2 3503
2 1867
1 7885
1 1588
2 5248
2 1378
1 10553
2 4174
1 5963
2 2539
2 2475
2 6891
1 5166
1 7765
1 8780
2 9147
2 5492
1 5579
1 6312
2 3148
2 8393
1 2916
1 958
1 4743
2 7634
2 443
2 3531
2 6914
1 3482
2 9663
1 4592
2 7116
2 4166
1 5284
1 3912
2 1964
2 5418
1 4584
2 4027
2 1227
1 9961
1 5510
1 3198
1 8237
2 4946
2 9631
2 9544
2 9781
2 1317
1 492
1 8735
2 8694
1 6362
1 8461
2 7617
2 10714
1 7586
2 8813
1 10795
1 9806
2 7988
1 5996
1 7149
1 6364
2 6202
1 5908
1 8908
1 496
1 7889
2 10052
1 1895
2 6259
2 2845
2 5848
2 4722
2 10995
2 7042
2 2671
1 5462
2 8290
2 3468
2 9284
1 6103
1 8339
1 3360
1 10445
1 1573
2 3960
1 6697
2 8695
2 9691
1 9758
1 5396
2 9152
1 3387
2 4022
1 7924
2 3027
1 4537
2 9318
2 5062
1 5080
2 1907
1 9111
2 4102
1 1553
1 9423
1 4477
2 2800
2 6359
1 3301
2 3994
1 8376
2 6435
1 10737
1 875
1 443
2 4821
2 234
2 4513
2 10644
1 6280
1 253
1 4041
2 6472
1 2795
1 8731
1 7372
1 2722
1 850
1 311
2 2880
1 6184
1 4579
1 7201
2 5469
1 5372
1 6546
2 3294
2 5609
1 10252
2 853
1 4909
2 2061
2 6394
2 5041
2 6875
2 1478
2 3820
1 3923
2 3464
2 5021
1 8493
1 2144
