10000
2 3791
1 5771
2 8746
1 1385
2 3565
2 9919
2 4684
1 6691
2 1591
2 6143
1 1387
2 4231
1 4907
2 5595
1 8113
1 3950
2 3247
1 5064
1 6251
1 4777
1 5355
1 6976
2 749
2 1019
1 8106
1 3263
2 3531
2 5851
1 8252
2 8024
2 3569
1 371
1 3575
2 3422
2 812
2 9747
1 6209
2 2235
1 8910
2 5999
2 7527
2 8108
2 7790
1 6796
2 9657
2 5667
2 2422
2 1975
1 8556
1 1732
1 5284
2 2223
1 6487
1 5945
1 5465
2 6550
1 6679
1 6782
1 2717
1 4708
2 603
1 5910
1 4745
2 9012
2 824
1 1316
2 4987
2 484
1 4326
1 2626
1 5333
1 2713
2 8465
1 4125
2 9327
1 1273
1 1417
2 4871
2 304
2 8544
2 5250
1 532
1 3865
2 700
1 6709
1 2765
1 363
1 6880
2 3565
1 2017
2 2796
2 6069
1 7435
1 7407
1 1334
1 5524
1 1091
1 6477
2 3863
1 5853
2 5628
2 1124
1 4866
1 3795
2 8740
2 7233
1 764
1 6558
2 2841
1 5414
2 1456
2 5559
2 2609
2 2215
1 2780
1 2352
2 9156
1 8429
1 7314
1 8858
2 5757
1 1894
2 5032
1 2556
1 2364
2 1219
1 1224
2 8307
1 7382
1 5081
2 881
1 3421
2 8676
1 4145
1 3107
2 9820
1 768
2 8552
1 1559
2 9001
2 8507
1 1424
2 885
2 4078
1 6298
1 8381
2 892
2 2939
2 3348
1 2008
1 4574
2 6787
1 6629
2 1263
1 8769
1 3180
2 9854
2 1363
1 7616
1 8306
1 8019
1 4153
1 1399
1 9908
1 8412
2 8954
1 970
2 4981
2 3349
1 2819
2 6479
2 268
2 5534
2 7877
2 2751
2 8773
1 59
2 1478
2 8986
1 142
1 9653
1 6190
1 4016
1 7515
2 3175
2 283
1 9736
2 562
2 754
2 6542
1 93
2 8383
1 7706
1 9868
2 8859
2 5650
2 6166
2 6430
1 1287
2 2620
1 4436
1 6688
1 4980
1 3942
2 8498
1 8902
2 7599
1 7930
1 9558
2 3106
1 8692
1 2488
2 360
2 5584
2 1127
2 5346
1 6003
1 3803
1 2812
2 8176
1 2295
2 3540
2 159
2 7788
1 7529
2 6482
1 317
2 7367
2 9649
2 6605
2 504
1 4163
2 2828
1 7665
2 1831
2 8919
2 7288
1 2242
1 9588
2 6223
2 4075
1 4018
1 8028
2 2121
2 3068
1 5644
2 547
2 7128
2 4871
1 4749
2 6493
1 1413
1 861
1 1062
1 4630
2 3849
1 4962
2 2939
1 7515
1 8164
1 4654
2 3127
1 3151
1 2953
2 941
2 4102
2 3719
2 1552
1 3711
1 9257
2 3726
1 1939
2 9272
1 277
2 1393
2 4801
2 7297
2 5444
2 532
1 7166
2 389
2 5203
1 7356
1 9281
2 5381
2 3122
2 9475
1 8580
2 1092
2 9032
2 4743
2 1992
1 1660
2 3260
2 8443
2 3183
2 343
2 9037
1 8180
1 736
2 423
2 4923
1 6941
1 2518
1 8895
1 5403
2 6804
2 977
1 8951
2 439
1 2955
1 2307
2 9548
2 5324
1 6663
2 1636
1 2237
1 8426
1 9813
1 2079
1 624
1 2632
2 3744
1 9187
1 6459
1 653
2 3676
1 8195
2 8987
1 824
1 1902
1 55
1 9232
1 6137
1 7009
2 3480
2 8607
2 2693
2 8659
1 3639
2 2015
1 5238
2 6070
2 4087
2 5724
2 2728
1 3760
1 4719
2 8663
2 6526
1 8844
2 8057
1 4644
2 9067
2 1574
1 9238
1 6763
2 2569
1 8066
1 9415
2 136
2 9734
2 5190
1 3941
2 2795
1 5106
1 8091
2 2266
2 4920
1 5666
2 2208
2 470
2 2391
1 2528
2 1751
2 7659
1 3142
2 4808
2 7143
2 1153
2 2738
2 588
1 8920
1 2147
2 626
2 6209
1 4442
1 9711
2 1132
1 5425
1 6142
2 186
1 1742
2 6887
2 9195
2 442
2 7382
2 5958
1 7962
2 4395
1 6266
1 386
1 1850
1 4459
1 4066
2 1380
2 5486
1 6254
2 712
1 6411
2 6154
2 2714
1 1695
1 166
1 6010
2 827
2 9657
2 9387
1 4939
1 96
1 47
2 6483
1 9887
2 4701
2 5373
1 2555
1 6989
1 6759
2 1187
1 3669
1 782
1 75
1 6390
1 7605
2 8370
2 6056
2 5709
2 2789
1 1913
2 5024
1 7124
1 3233
1 2059
2 9258
1 1916
1 1195
1 2464
2 1427
2 3673
1 9240
2 6505
1 7961
2 6531
2 6625
2 1061
2 3534
1 678
1 7859
2 9724
1 3707
2 482
2 5136
2 9864
2 2059
2 955
2 6156
1 631
1 1019
1 8538
1 3056
1 9290
1 2737
2 1290
2 4586
2 4201
2 4258
2 5099
2 459
2 1485
2 5962
2 9299
1 2792
1 1732
2 2792
1 1064
2 8650
1 1648
1 3647
2 4760
1 302
1 7705
1 2951
2 3457
1 2565
2 1063
2 7785
2 9241
2 4021
2 9416
1 1494
2 1223
2 407
2 6720
1 9009
1 7432
2 3399
2 1076
2 5873
2 2092
2 3895
1 958
2 4528
1 8470
2 8987
1 1292
1 2159
1 2207
2 670
2 1713
1 5615
2 4499
2 1004
1 4851
2 5305
1 3618
1 2855
1 459
2 5543
1 4145
2 34
2 9128
1 6009
2 7750
1 6681
1 7995
2 8145
1 8928
1 1751
1 2028
1 343
1 5661
1 3821
2 8549
2 838
2 2274
1 2082
1 3314
2 8317
2 4902
2 2718
1 9399
2 3631
1 6999
2 3006
2 1466
2 7971
2 9156
1 8211
1 6676
1 2772
2 2177
2 4947
2 2244
1 2242
2 1255
1 4566
1 9452
2 6992
1 2769
1 8106
1 2786
1 7524
2 1120
2 639
1 2144
1 3291
1 951
2 8252
1 8469
1 6066
1 479
1 1209
2 306
1 8269
1 1909
1 1890
2 4238
2 6228
1 6343
1 2763
2 258
1 4993
1 9003
2 7590
2 8702
2 3187
2 4024
2 5902
2 2114
1 7086
1 2331
1 6240
1 997
2 6425
1 8468
1 9437
1 4946
1 2831
2 54
2 7289
1 9349
1 2126
1 3882
1 639
2 883
1 3723
2 8028
2 698
1 704
2 44
2 3372
1 4253
2 5366
1 6876
2 1134
1 3181
2 3749
2 6523
1 3659
2 8914
2 7853
1 812
2 1839
1 4618
2 9621
2 9669
1 5785
1 7845
1 2072
1 2322
1 9821
2 9833
1 2163
1 2370
1 6437
1 7424
2 5656
2 3336
2 6076
2 550
1 2014
2 7468
2 3746
2 4044
2 2543
1 9479
2 4235
2 3319
2 1785
1 779
1 9679
2 2673
2 2157
2 4169
2 4667
2 5318
2 771
1 3496
2 5839
1 953
1 3956
2 1013
1 8575
2 8445
2 3966
1 749
2 3090
2 8828
2 3843
2 1301
1 9317
1 1716
2 1242
1 2930
2 8425
1 9877
2 413
1 4706
2 4817
1 8756
1 8058
1 8097
2 5221
1 9867
2 2435
1 5077
1 7809
1 1270
1 2941
1 531
2 3943
1 9160
1 5716
1 8998
1 1017
2 6532
1 6502
1 4831
1 2400
2 5732
1 5507
2 8192
2 8472
1 9782
1 5076
2 4480
2 913
2 3113
1 2289
2 6379
2 8544
1 5557
2 6969
2 9775
1 9803
2 7872
1 1406
2 6768
1 7409
2 1786
2 8245
1 2548
1 96
1 4786
2 555
1 2759
2 3772
1 1118
2 4059
2 4105
1 2079
1 935
1 4329
1 971
2 6804
1 555
2 8282
1 2086
2 6635
2 1497
2 2330
1 3636
2 1928
2 4472
2 9301
2 5188
1 1027
1 6609
2 942
2 1626
2 4921
1 5328
2 2411
1 3869
1 5146
2 1000
1 6358
1 2392
2 8777
2 8380
1 5614
2 1673
2 3456
1 2550
2 372
1 7445
1 5033
2 9619
1 4782
2 1026
1 4629
1 3620
1 8312
2 7532
1 633
2 4335
1 3918
2 5633
1 3948
2 685
1 4835
1 3956
2 6491
2 8442
1 4781
2 9037
2 6325
2 120
2 791
2 9911
1 7119
1 5340
1 3757
1 8721
2 8705
2 3375
1 7316
2 4575
1 9191
2 14
1 415
2 8502
2 321
1 2763
2 1627
2 2739
2 1172
1 3130
1 1604
2 3252
1 6167
1 2788
2 2189
1 605
2 9110
2 9591
1 6621
1 5141
1 4482
1 5316
2 1740
2 2646
2 6271
2 8176
1 9162
1 1121
2 9156
2 7060
1 7993
1 2935
1 7231
1 2861
1 798
2 2561
1 2751
1 7516
1 2819
1 313
1 6440
1 9687
1 6760
2 9343
1 9970
1 7527
2 8493
2 341
2 618
2 5320
1 7274
2 3955
2 6848
1 3371
1 5176
1 7076
1 4551
2 1143
1 7189
2 55
2 9753
1 8100
1 6083
1 9487
2 5184
2 5663
1 4537
2 403
2 4573
2 5625
1 6049
1 9391
2 8485
2 4760
1 7401
1 6049
1 2959
1 356
2 8386
2 1085
2 6312
2 4091
2 5236
1 5337
2 4271
2 2990
1 7912
2 8834
1 2201
1 5954
2 1276
2 1397
1 1822
2 143
1 1651
2 2038
2 8234
2 2308
2 18
2 77
2 7597
2 8449
1 1860
1 3796
2 7435
1 4412
2 2391
2 1898
2 4653
1 7581
2 7357
1 6068
1 1262
1 5218
2 2619
2 5526
1 3983
2 956
1 8686
1 1630
2 4772
2 4095
2 1249
2 1866
2 309
2 5990
1 1144
2 4781
1 717
2 7533
1 7544
1 6014
2 1710
1 965
1 1644
2 8200
2 2571
2 2163
1 5282
1 9035
1 957
2 193
2 2812
2 7674
2 5231
2 4396
1 5152
2 2683
1 9601
2 3205
2 9848
1 5562
1 2504
2 4512
1 6083
1 6262
1 9309
1 3752
1 1858
2 3826
2 2282
1 5224
2 1036
2 1798
2 1488
1 67
2 3178
1 8124
2 9556
1 1310
2 4939
1 8755
2 8621
1 4497
1 7473
1 7439
1 1592
1 937
2 4946
2 7510
2 2820
2 9289
2 7369
1 2645
1 6486
2 1460
2 2834
1 6842
2 8230
1 6229
2 241
1 599
2 1728
2 5655
1 3564
1 6325
2 6820
2 733
1 621
1 1006
1 2134
1 5372
1 2145
2 3202
1 8015
2 1483
1 5979
1 7747
1 4570
2 7770
2 497
2 5401
2 7256
1 2376
1 830
1 207
1 8653
1 3884
2 7711
2 1172
2 8400
1 1533
1 9126
1 8443
1 9775
2 7178
2 6282
2 5948
1 6745
2 7090
2 7285
1 5136
1 8738
1 413
1 1300
2 904
1 8658
1 7457
1 6586
2 4599
1 310
1 9742
1 1150
1 2596
1 2910
2 2019
2 8968
1 265
2 5629
2 8806
1 3305
1 5974
2 300
2 5233
2 9424
2 8783
1 2455
1 2831
2 9493
2 2329
2 6687
2 1347
1 1794
2 5185
2 5878
1 7185
2 4884
1 9542
1 918
2 643
2 8399
2 3146
2 3035
1 9781
1 2632
2 4485
2 7860
1 6921
2 1368
2 7378
1 9350
2 9636
1 5824
1 4351
2 6953
2 2671
2 1199
1 4961
1 4953
1 968
2 7117
2 3518
1 8454
2 7630
1 4692
2 9442
1 6452
2 4520
2 2834
1 2107
1 9852
2 111
1 2441
1 9388
1 8889
1 9967
1 2590
1 4542
1 9340
2 1098
1 3997
2 3562
2 905
1 6165
2 2324
2 3024
2 1607
1 9417
1 3668
2 1171
1 6068
1 1860
2 9459
2 9483
2 1935
2 6453
2 140
2 2578
1 9740
2 403
1 397
2 3511
2 291
2 4087
1 584
1 8478
1 9329
1 461
2 3987
2 8158
1 8197
2 3255
1 9208
2 8913
2 7765
1 1802
2 1781
2 9560
1 7287
2 3583
1 4125
2 756
2 3752
2 3859
1 438
1 5502
2 6168
1 3639
2 8681
2 2880
2 8636
1 3665
1 9205
1 2282
2 4523
2 1642
1 1084
2 6415
2 498
2 6110
2 8932
2 1573
2 1664
1 2943
1 2967
1 9912
2 1018
1 3569
1 4020
2 679
1 4472
2 5199
1 6252
2 7909
1 4037
2 5
2 7590
1 8777
2 9347
2 2469
1 1707
2 5023
2 2422
2 5058
2 42
2 6101
1 2916
1 8232
2 5814
1 5583
1 9388
1 2610
1 5923
1 7411
2 3355
1 562
2 7628
2 6653
2 5368
1 412
2 5248
2 2253
2 1722
1 683
2 2880
2 436
2 2108
1 1419
1 371
2 7355
2 4976
1 1533
1 6995
1 60
2 1225
2 3415
1 4541
1 727
1 4991
1 8465
2 260
2 7518
2 6607
2 6505
2 4303
1 1913
1 504
2 1200
2 9158
2 1155
2 1904
2 6586
1 5289
1 5466
2 1213
1 1762
1 7690
2 5299
1 9532
2 5604
2 3550
1 8436
2 4013
2 8577
2 8703
2 2665
1 9861
2 3951
2 3485
1 8304
2 3883
2 2262
1 9064
2 4604
2 9147
1 6260
2 5336
2 7702
1 8422
2 2489
1 7142
2 743
1 864
1 8268
2 7584
2 655
1 9809
1 7620
2 744
1 5841
1 1493
2 6448
1 3814
1 69
1 9964
2 7728
1 145
1 1125
1 8458
2 1034
2 5738
1 7360
2 9112
2 4230
2 482
1 74
1 3153
1 8417
1 5599
2 3786
2 9878
1 2286
2 314
1 1898
1 5034
2 2480
2 7492
1 75
1 9687
2 2754
1 5724
2 3487
1 4023
1 8688
1 1467
2 9453
2 8252
2 1195
2 9945
1 7344
2 3529
2 9880
2 2085
1 5576
2 8278
1 2593
2 3616
1 4615
1 80
2 1443
1 6354
1 2789
1 5719
2 8222
2 5492
1 253
2 7422
1 8168
2 8453
2 8526
1 9406
2 3579
2 5462
1 1579
1 7843
2 6210
1 7661
2 4636
1 685
2 5872
2 8645
2 2378
2 3505
2 9322
2 6924
2 8711
2 3670
1 887
1 9492
2 8691
2 8840
2 7415
1 6947
2 952
2 408
1 5385
2 4179
2 9519
2 6346
1 6819
2 291
2 5497
1 6678
1 7359
2 3636
2 7079
1 6216
1 6520
1 2701
2 50
2 7152
2 6737
1 407
2 900
1 2130
1 110
2 5505
1 1677
2 5655
1 105
1 9981
2 223
2 890
1 6494
1 3105
1 898
2 4796
1 4176
1 5960
1 2561
1 9280
1 146
2 9215
2 1322
2 2832
2 7742
2 312
2 5026
2 7094
2 3505
2 3273
1 6511
2 2228
1 5149
1 3006
2 1197
1 5069
2 1078
1 2227
1 234
1 3753
1 2086
1 3340
1 5210
1 2373
1 761
2 2477
1 8867
2 8880
1 4145
2 6801
2 5857
1 4543
1 9636
1 5047
2 2723
1 42
1 1993
2 1937
2 5149
1 2045
2 4670
1 6916
1 1220
2 3033
2 1621
2 602
1 709
1 8832
1 210
1 5107
1 2063
2 1100
2 9518
1 8671
2 8804
2 7513
2 5911
1 5254
1 7483
2 742
1 3998
2 9056
2 2273
1 9608
1 4232
2 6765
2 36
2 9638
1 3758
1 5807
2 8022
2 718
2 1134
1 315
2 9456
2 4143
1 4743
2 3740
1 2189
1 1853
1 9104
1 8543
2 154
1 4449
2 4242
2 7000
1 7005
1 9686
1 1257
2 9084
1 5755
2 381
1 519
1 5924
2 5520
1 5561
2 3729
1 1425
1 2747
1 9332
1 303
1 8370
2 5071
1 216
2 3169
1 1007
1 8420
1 8215
1 2261
1 3810
2 8611
1 5107
2 2978
2 553
2 4957
1 6935
1 4480
1 198
2 2197
2 8652
2 5261
1 6927
1 6306
2 8645
2 6874
2 2526
2 8462
2 9876
2 8764
1 5233
2 5658
1 7682
1 8044
2 2459
1 2407
1 7419
2 1895
2 145
1 6158
1 4287
2 5534
2 1358
2 2729
2 9795
2 3431
1 2768
2 2232
2 5310
2 6538
2 6521
2 3149
2 2252
2 4469
1 895
1 2608
1 2766
2 5385
1 2060
2 348
1 872
2 9131
2 783
1 8256
1 9634
1 1475
1 6217
2 1455
1 6664
1 7584
2 3568
1 2640
2 5017
2 5074
1 544
1 9214
1 9660
2 8447
1 3205
2 4121
2 5478
2 8639
1 5074
2 5012
2 245
1 4576
1 2253
2 2821
2 825
2 1987
2 9648
1 1273
2 6021
1 8236
2 4282
2 877
1 3747
2 9782
1 8012
1 5557
1 365
2 8589
2 2429
2 3145
1 2213
2 9474
1 9142
1 9123
2 366
1 6859
1 6262
1 1922
2 1424
2 2624
1 6880
2 1018
2 3239
1 7663
1 7576
1 418
1 53
1 696
2 8489
1 7717
1 3644
2 5874
2 2786
2 3009
1 501
1 4692
1 5988
2 8907
1 2860
1 2413
2 7030
1 2105
1 8529
1 9245
1 1314
1 7127
1 8425
2 6649
2 9957
1 7778
1 9051
2 3947
1 3811
1 1856
1 995
2 9424
1 5360
1 790
1 6834
2 217
2 8168
2 2544
1 3980
2 8218
1 5272
1 2221
2 8456
2 2621
1 2978
2 2080
2 3796
2 8480
1 1293
1 3105
2 239
1 211
1 2067
1 1513
1 6733
1 9419
2 8689
2 218
1 5111
2 1682
1 1355
2 7989
1 6888
2 6405
2 486
2 7409
1 2864
2 100
2 187
2 2235
2 8117
2 2294
1 1562
2 5232
2 9789
1 834
1 5429
2 2037
2 4742
2 5991
1 5521
2 575
2 8302
2 8420
1 1097
1 9724
1 7339
2 385
1 7707
1 1384
2 2740
2 1285
1 4153
1 4569
2 2374
1 4301
1 5912
2 2900
1 1760
2 747
2 1364
1 6884
2 7991
1 8741
2 7867
2 5146
1 8595
1 5746
1 3405
2 3816
2 880
2 4368
2 867
1 2566
2 6222
2 6929
1 6181
2 4509
1 3138
1 1145
2 4177
1 5342
2 1459
1 7362
2 459
2 364
2 3597
2 7960
2 6520
2 9037
1 753
2 14
1 434
1 5742
1 4691
1 2887
2 1240
2 5916
1 7050
1 1853
2 7819
2 9915
1 1012
2 8349
2 401
2 739
1 9424
1 9017
2 8709
1 6078
1 642
1 2453
1 581
1 8699
1 1634
2 2603
2 2147
1 526
1 317
1 7543
1 5269
2 5678
1 7923
1 2763
2 9750
1 8902
1 8456
2 2604
1 658
1 645
2 9251
1 2803
1 4269
1 8141
2 321
2 1821
1 8045
1 1447
1 9715
1 6044
1 9227
2 9950
2 2747
1 372
1 6855
1 5520
1 20
1 1615
2 4705
1 1056
1 7607
1 7897
1 9808
1 9062
2 6039
2 6852
1 2510
2 2845
2 7606
1 3221
1 8714
2 516
2 7373
1 1397
2 3669
2 2687
2 7608
1 9521
1 1334
1 9123
2 6983
1 218
2 9127
2 797
1 8734
1 2886
1 5477
1 7947
1 2518
1 4318
1 2771
1 4337
1 762
1 9182
1 3096
1 4582
1 411
1 2680
2 1068
2 436
1 9613
2 2609
1 6079
2 4172
2 2744
2 5746
2 6082
1 6895
2 823
2 8104
1 6956
1 9046
1 268
1 1204
2 8951
1 2443
2 4266
1 1596
1 3617
1 1742
1 5882
1 5320
2 4603
1 9137
1 4855
1 3478
1 7245
2 5708
2 1041
2 9799
2 1391
1 8154
2 2798
2 3328
1 8113
1 2794
1 308
1 5882
1 725
2 2191
1 6000
1 2306
1 2448
1 8416
1 531
1 1209
2 2861
1 4025
2 5855
2 4485
1 6521
2 4584
1 478
2 78
2 9304
2 7841
2 2412
1 9250
1 751
2 7834
2 1544
2 4145
2 5832
2 8864
2 4631
2 8786
1 8257
1 9488
1 1393
2 8221
1 2125
2 1918
1 8322
2 6015
2 4497
1 5282
2 8506
2 1593
2 1400
1 6598
1 6398
1 3153
2 1360
1 2233
2 1364
1 7663
2 7898
1 9216
2 1275
1 3041
2 2958
1 7199
2 3617
2 2503
2 357
1 6276
2 8970
2 6008
2 6334
1 8205
2 3712
1 4491
1 2266
2 3037
2 2126
2 6735
2 639
2 9611
2 2387
1 100
2 3192
2 2066
1 7941
2 48
2 611
2 2370
1 3372
1 6299
1 2258
2 5646
1 3971
2 547
1 5131
1 6428
2 874
2 3576
2 7320
1 6024
2 4983
2 1169
1 8552
2 2049
1 3056
1 3877
2 2908
2 3354
1 4290
2 8355
1 4794
1 6683
2 1214
2 3627
1 1550
2 4254
1 7846
2 2306
1 1444
2 7986
2 8788
2 5058
1 639
1 5899
2 8340
1 1080
2 6613
1 1760
2 3317
2 6916
1 2688
1 1819
2 2060
1 4061
2 7503
2 7741
2 7137
1 3642
1 6035
2 9831
1 1920
2 8378
1 7267
2 3698
1 409
1 1613
1 632
1 5064
2 929
1 9608
1 1874
1 6761
2 7982
1 2165
2 2145
2 2359
2 4143
2 3105
1 3132
1 8586
2 6257
2 2924
2 3278
1 6525
2 9371
2 5324
1 6628
1 5615
2 4516
1 4667
2 6176
1 275
2 7431
2 7924
2 1977
1 8705
1 3478
1 3722
2 5448
1 5554
2 7316
1 9089
2 765
1 7223
1 473
2 6691
1 7800
2 3795
2 1986
2 5932
1 6801
2 3149
1 2463
1 3919
1 3360
1 6623
1 771
1 7519
1 5749
2 2393
2 2903
1 9750
1 2546
2 4415
2 6856
1 4498
2 1996
1 8902
2 1380
1 2162
2 2926
2 4859
1 3521
2 5965
2 4437
2 1517
1 9398
2 4092
1 6709
2 2590
2 1631
2 2491
1 8882
1 5302
2 14
2 3069
2 6984
2 4976
2 965
2 1285
1 3844
1 5642
2 860
2 7005
2 5209
1 57
2 913
2 4754
2 5708
1 2339
1 387
1 8294
1 840
2 9572
2 7975
2 1837
2 8987
2 8170
1 1507
1 6209
2 2662
2 7512
2 918
2 4862
1 5953
2 4055
1 3373
2 2694
2 5653
2 8064
2 1039
2 9182
1 737
1 4851
2 6099
1 6463
2 7845
2 4163
1 5636
1 662
2 8954
1 3448
1 3156
2 2629
1 584
2 6060
2 7190
1 9152
2 5198
1 2094
2 2706
1 8496
2 1998
1 946
2 9605
2 8739
1 6509
1 4799
1 1695
1 3194
2 8952
1 8751
1 1235
1 1850
2 2634
1 3123
1 7178
2 1772
2 7751
2 7308
1 6208
2 8877
1 117
1 3043
2 1494
2 3759
1 5469
2 914
1 4062
2 5046
1 7470
2 1817
1 6978
2 27
2 2970
2 8891
1 1070
2 668
2 2663
2 1006
1 3905
1 9658
2 79
1 750
1 7104
2 9082
2 6593
1 1642
2 1811
1 2965
2 4142
2 3685
2 1430
2 6904
1 2269
2 8326
2 8057
1 2196
1 6887
2 3273
1 5104
1 1967
2 1051
1 9484
2 7460
2 1793
2 219
1 9267
2 2304
1 1880
1 2910
2 5300
1 3621
1 2485
2 4156
2 6923
1 6118
2 4285
1 1589
1 6280
1 5789
1 3689
1 7082
2 3868
1 9252
2 5862
2 9330
1 4576
2 1885
2 9301
2 2615
1 4190
2 8747
2 4283
1 342
2 3622
1 3670
1 99
1 2002
2 5306
1 3915
2 6152
2 9362
2 6690
1 842
1 1227
1 7150
2 3753
1 2134
2 19
2 4678
2 8221
2 6824
2 8440
1 252
2 2051
2 5708
2 3254
1 8837
2 1761
1 5635
2 49
1 9579
2 1107
2 8735
2 7211
2 6126
2 1911
2 8746
2 399
2 190
1 4928
1 2896
1 1946
1 4979
1 5031
1 3648
2 1821
2 1414
2 4101
2 7087
1 4156
2 7605
1 3338
1 6245
1 3634
2 946
1 4345
2 8749
2 5739
1 7476
2 5162
1 1113
1 1336
2 5557
1 6775
1 733
2 2350
2 7267
2 7343
2 9439
1 4535
1 272
1 1366
2 2621
1 1344
1 7409
1 2099
2 2039
1 6586
1 7378
2 7216
1 4833
2 2025
1 7424
2 5582
1 8994
1 6535
1 8382
2 9407
2 7176
1 5282
1 2785
1 1978
2 977
1 2602
1 1940
2 1402
2 4019
2 4917
1 4549
2 7599
2 8886
2 730
2 9654
1 9771
2 2852
1 7273
1 6845
2 7750
1 4096
2 3154
1 2932
1 427
2 76
2 4265
1 7578
1 5289
1 3633
2 792
1 2623
1 3347
2 3403
2 8541
1 1452
1 257
1 7035
1 744
2 9273
2 508
1 1491
1 9278
1 2373
1 1206
2 3837
2 8057
2 8290
1 8911
1 1429
1 9045
1 934
1 8225
2 7050
1 9381
2 1275
2 213
1 1137
1 668
2 3424
1 1948
2 641
2 3668
1 4582
2 7591
2 1768
1 251
1 3779
1 9967
1 9173
2 3505
2 1715
2 8766
2 2428
1 7883
2 3218
1 7540
2 198
2 1971
2 6355
2 8403
1 8110
1 5125
1 5404
2 8915
2 4517
2 2899
2 4760
1 2207
2 1022
1 4642
2 8403
1 3125
2 3043
2 8812
1 9857
2 5482
1 1918
2 7068
1 920
2 6388
2 9201
1 2245
2 7042
2 7231
2 6959
2 5099
2 7020
2 665
1 4720
2 1543
2 6569
1 2550
2 3505
2 2056
2 9600
2 3292
2 961
2 6029
2 9353
2 119
2 5286
1 3212
1 2340
1 5542
1 1318
1 6254
1 9362
2 1213
2 8190
2 3728
2 410
2 3953
2 2542
1 1940
2 9414
1 575
2 4363
2 8910
1 9027
2 2726
2 7771
1 7768
2 805
2 8200
1 4605
2 5534
1 2016
1 9516
2 9999
2 4706
1 4640
2 9583
2 1398
1 5321
2 1442
1 2303
2 4026
2 9644
1 3161
2 2590
1 230
2 4120
1 4474
1 6245
2 2700
1 9487
1 9375
1 4319
2 3072
1 5381
2 3640
1 9481
1 8872
2 6947
1 2854
1 4121
2 7554
1 407
2 4766
2 8292
2 6094
1 5714
1 2124
2 1542
1 7679
2 5225
1 8301
2 7358
1 8879
2 3477
2 468
2 2111
2 2376
2 5747
2 5110
2 4929
1 636
2 4325
2 8318
2 5901
2 6830
1 5262
1 6106
1 8613
1 1158
1 7306
1 9052
2 8233
2 6577
1 4068
1 6346
2 5011
2 94
1 4990
2 5854
2 4396
1 4370
1 1868
2 6358
2 3813
1 1669
2 6937
1 5813
1 4815
2 7043
1 2497
2 1776
2 819
1 9853
2 6118
1 6786
1 6379
1 8533
1 155
1 825
1 5879
2 4149
2 7916
2 423
2 3769
1 2280
2 4132
1 6098
2 8681
1 4768
2 4852
1 7332
2 9090
2 2558
2 6739
2 8204
2 5619
1 2877
1 1753
2 8411
2 7663
2 5800
1 9107
2 9239
1 8349
2 8543
2 7074
2 6171
1 4888
2 230
1 2508
1 8582
1 6192
2 8213
1 4233
2 6072
2 5880
1 4425
2 759
1 2520
1 1926
2 5426
1 5702
1 6144
2 1255
1 4180
1 1549
2 7279
1 5880
1 1062
1 7108
2 8326
1 1229
2 1061
2 9463
2 4188
1 1102
1 2978
2 1322
1 7018
1 5253
1 4816
1 9455
1 1007
1 8081
1 103
1 865
1 7021
2 566
1 6388
2 8797
1 4955
2 8219
1 9302
2 7092
2 8257
1 4603
2 3090
1 554
2 6175
2 1316
1 8400
2 7498
1 6470
2 9707
2 4396
1 3839
2 9693
1 7974
1 8583
2 6604
1 3486
1 9377
2 8803
2 678
1 3350
2 3689
1 8490
1 7733
1 5144
1 5748
2 2391
2 8407
1 4667
1 183
1 11
2 7724
2 6024
2 1998
2 3994
1 9931
2 8332
2 9496
2 8988
1 6571
1 5676
2 6440
1 988
1 587
2 4140
2 2550
2 4396
1 4283
1 6119
1 5547
2 5087
1 6080
2 2778
1 4313
2 4590
1 2212
1 5929
2 1889
1 5812
1 4435
2 1000
1 2362
1 4786
2 4384
2 5411
2 2689
1 747
1 6702
1 6343
2 9907
1 7768
1 4360
1 2391
2 2853
2 6870
2 2745
1 600
1 9261
2 5843
2 2100
2 3541
1 1206
2 5717
2 5341
1 7308
2 2095
1 4307
2 4222
2 4014
1 9677
2 6410
1 7044
1 9683
1 9077
1 4473
2 239
1 8772
1 4002
2 5285
1 4277
2 6415
1 2885
2 3302
2 4511
2 3911
2 5056
1 9992
2 5899
2 225
1 8923
2 9196
1 8649
2 9064
2 1871
2 820
2 62
2 8570
2 8333
2 4394
2 1139
2 7657
2 2344
1 2025
2 1079
2 5595
1 9334
1 3538
2 7609
1 9306
1 7956
2 1465
2 5215
1 5605
1 2383
1 534
2 1522
1 9452
2 4475
2 1924
2 5856
1 6088
1 3200
1 9877
2 4440
1 4081
1 7752
1 9676
1 994
1 1814
2 2402
1 754
1 116
1 5961
1 2274
2 2418
2 9469
1 4464
1 8527
1 8364
2 2431
2 2133
1 1876
2 3990
2 2925
1 5655
2 4272
1 3558
2 4577
2 3543
1 1685
2 2313
1 8200
1 2108
2 5676
1 9696
2 836
2 9135
2 1600
1 7950
1 9737
2 6975
1 2831
1 7371
1 1296
2 9950
1 1004
2 8196
1 4295
1 5635
2 2895
2 648
1 8719
1 454
1 5011
1 3948
2 1661
2 855
1 2504
2 7320
1 8170
1 2631
2 6415
1 2728
1 5971
1 5821
2 784
2 8540
2 5578
1 5618
1 855
2 2152
1 5971
2 6534
2 7298
1 7381
2 4599
1 1497
1 917
2 9119
1 8484
2 370
2 5063
1 1236
2 5179
1 6620
2 7458
2 6043
1 369
2 180
1 4647
2 7611
1 5951
2 2316
1 3703
2 1120
2 290
1 3915
2 6571
1 5449
2 28
1 6843
1 3805
1 5180
2 9600
2 7657
2 1565
1 3073
2 1866
1 6089
1 8013
2 5795
1 1349
1 8015
1 1269
1 2898
2 1363
1 6599
1 8464
1 4132
2 8840
2 6222
2 189
1 2143
2 7951
2 743
2 511
2 3520
1 5892
1 3927
2 7469
1 8616
1 1928
2 1433
1 5123
1 6314
1 305
1 5594
1 543
1 2046
2 8551
1 8366
2 7445
1 7984
1 1352
1 7066
1 1371
2 3714
1 437
2 2743
2 8126
1 2918
2 4947
1 2422
2 2235
1 5013
1 5050
2 742
2 182
1 7883
1 9433
1 2544
2 4295
2 4312
1 9872
2 9932
1 5864
2 1216
2 2453
1 4744
2 2761
2 6588
2 9264
1 3816
1 5212
1 3527
2 7807
2 6865
2 9912
2 8146
1 1955
1 1021
1 154
1 3489
2 1248
2 5834
2 4736
2 5627
1 7281
2 5995
2 4141
1 238
2 5650
2 4534
1 4248
2 7961
2 7140
1 9268
2 7932
2 3632
1 4028
2 3124
1 361
1 4299
1 3924
1 7080
2 6466
2 2183
2 3641
2 8678
2 3981
2 2580
1 1852
1 3784
1 2950
1 3317
1 3921
2 8204
2 8028
1 8083
2 5523
1 9333
2 8498
2 8539
2 1197
1 9353
2 5376
2 8603
1 9554
1 1681
2 2384
2 1993
2 3863
1 5132
1 4641
2 236
1 7140
2 6413
1 7207
2 4560
1 3703
2 9080
2 2585
2 8711
1 9680
2 4232
1 225
1 723
1 9989
2 9356
1 8832
1 7324
2 2576
1 4437
2 1911
2 1584
2 812
2 4538
1 2111
1 8894
1 396
2 9636
1 1122
1 2811
2 9941
2 6018
2 7744
2 9230
2 4367
1 919
2 9819
1 419
1 8151
1 9335
2 5579
1 2923
2 8607
2 7485
1 2075
2 409
2 93
1 9960
2 7482
2 1911
2 9320
2 1370
1 491
1 1792
1 5615
2 4007
2 2502
1 7875
2 5489
1 2604
2 2436
2 8982
2 1094
2 182
2 8198
1 6337
2 7444
2 1622
2 5839
1 3135
2 9067
1 8787
1 4742
1 6912
1 8186
2 6744
1 4981
2 9001
1 9559
1 5378
1 700
2 9555
1 3020
1 3812
2 5663
1 728
1 5876
1 8067
2 6515
2 969
2 5346
2 3049
2 6533
2 7019
2 8074
2 8406
2 916
1 9157
1 9062
1 394
2 4882
1 4164
2 2146
2 3165
2 9927
2 7063
2 4352
1 4360
1 4574
1 5667
2 6261
1 1817
2 1589
2 8816
1 90
1 1827
1 769
1 3578
2 5485
1 635
2 9432
1 9985
2 4093
2 3212
2 8934
2 5353
2 9713
2 2324
1 1657
2 7211
1 3826
1 2724
2 8484
1 2418
2 9468
1 116
1 7376
2 7839
1 6657
1 6301
2 4566
1 7029
2 2758
1 6333
2 6870
2 4638
2 5028
1 4631
2 2771
2 1908
1 9177
2 9249
2 8453
1 2041
1 3940
2 20
2 1542
1 496
1 1228
2 7182
2 8101
2 6401
1 4426
1 3251
1 6262
2 9353
2 1194
1 2600
2 2480
1 88
2 1038
1 4919
1 7821
2 7793
2 2459
1 7903
2 1342
1 1117
1 1482
1 9521
2 6708
2 5369
1 840
2 3363
2 1624
2 1715
2 1782
2 1249
2 8181
1 2577
2 9754
1 151
1 3240
1 714
1 2701
1 232
2 6983
2 1114
1 2171
1 9962
1 1479
1 1042
2 1510
1 6183
1 820
2 6278
2 5154
2 3582
2 29
2 7662
2 2250
1 176
2 2309
1 8294
2 746
1 7747
1 8915
2 1662
1 9828
2 3827
2 755
1 3642
1 4971
1 9244
2 7523
2 3283
1 4107
1 2769
1 5799
1 4692
2 8095
2 3464
1 4229
1 1550
2 9545
1 2444
2 3658
2 2725
2 1485
1 2346
2 4963
1 1136
2 8214
1 6660
2 148
2 3101
2 7248
2 9089
2 2837
2 922
2 2204
2 2762
1 7552
1 9357
1 1248
2 3327
1 3941
1 3630
2 484
2 1888
2 8710
2 695
1 2742
1 5220
1 2507
1 8843
1 9159
2 6902
2 5583
2 2684
1 4011
2 4019
1 1168
2 947
2 3869
2 5421
2 4419
2 1356
2 617
1 4923
1 3358
1 4920
1 9424
1 2215
2 6013
1 697
2 3800
2 5951
1 174
2 2121
1 7289
2 6692
1 8100
2 6116
2 113
1 958
1 6168
2 6537
1 9056
1 1909
2 9459
1 9165
2 6141
1 4809
2 677
2 3960
2 8399
1 9292
1 5697
1 5478
1 1973
1 1939
2 8527
1 9927
1 79
2 9961
1 1657
2 8863
2 6995
1 5980
1 1982
2 1047
2 6361
1 8205
1 5506
2 4330
1 1215
2 20
2 1452
2 9096
2 6021
2 6202
2 8998
2 4951
1 4898
1 1773
1 8513
1 9582
2 9069
2 6416
2 943
1 7032
1 1589
2 440
2 5543
2 1367
1 9146
1 2928
2 1924
1 366
1 6049
1 4198
1 7046
2 773
2 388
1 8300
1 543
2 2329
1 48
2 904
1 3751
1 7369
1 5989
1 9364
1 7065
1 3050
2 3689
1 6654
2 9476
1 1909
1 3990
2 2393
1 7963
1 1204
2 583
2 1579
2 9686
1 1048
1 3519
1 1661
2 5102
2 5334
1 2563
1 2238
2 8357
2 8052
2 3978
2 2464
1 1979
2 721
1 388
2 8489
2 9306
1 1355
2 8512
1 7363
2 139
2 1783
2 5077
1 6509
2 3055
2 3117
2 8730
1 904
2 3719
2 4025
1 3693
1 5658
2 924
1 8858
1 8176
1 2015
2 5864
1 3047
2 8983
1 883
2 3595
1 6021
2 2588
2 5337
2 2199
2 2034
1 700
1 8503
1 740
2 9134
2 6759
1 2551
1 1085
2 5853
1 2467
2 4776
2 9584
2 4534
1 1401
1 2011
2 8786
2 6215
1 343
1 9367
1 4538
2 3838
2 4476
1 70
2 2497
1 1937
1 2447
2 1765
1 8520
1 4199
2 2521
2 2407
1 9970
1 1341
2 294
1 290
1 1525
2 7939
2 3049
1 897
2 6381
1 9116
2 117
2 6817
2 3017
1 3873
2 2036
1 2164
2 125
1 1038
1 2499
2 7473
1 494
2 4179
1 164
1 9986
1 9673
1 5749
2 8171
1 132
2 813
2 5723
2 4769
1 1083
2 444
2 1169
1 4868
2 2347
2 2589
2 1384
2 549
1 1984
2 6125
1 3508
2 9737
1 6071
2 9226
2 2461
2 7050
2 8658
2 5542
2 9215
2 6819
1 9432
2 4074
2 8922
2 9366
2 4003
1 5681
1 7378
1 4985
2 5921
2 6232
1 7343
1 8405
1 1315
1 9621
1 2126
2 3734
1 4017
2 1869
2 3935
2 6046
2 4548
1 9564
2 2886
2 2818
2 5130
1 9393
2 9706
2 8171
1 5174
2 1999
1 4009
1 8038
2 2781
1 2478
1 7953
1 4292
2 1818
2 5191
1 8872
1 875
1 1611
2 6924
1 9429
2 8883
2 513
2 9885
1 1205
1 2586
1 9332
1 7524
1 9207
2 1009
1 8173
2 6794
2 4721
1 5533
2 4667
1 9392
1 9705
2 4583
2 7310
1 71
1 6140
1 44
2 1439
1 6520
1 314
1 1837
1 8438
1 9261
2 3127
1 7440
1 1602
2 6950
1 4268
1 8045
1 6933
2 5
2 1781
2 738
2 2101
1 5794
1 1665
1 6688
2 1596
2 7064
1 7333
2 444
2 40
2 406
1 168
2 782
1 5980
2 3951
1 4408
2 341
1 5710
2 7866
2 6964
1 6978
1 791
1 9794
1 6656
1 2664
2 3910
2 2919
2 2229
1 1346
2 2445
2 2364
2 846
2 6653
2 3586
2 9304
2 4923
2 4554
1 1632
2 7701
2 8194
2 8190
1 7459
2 5539
1 6889
1 3185
2 1248
1 6981
1 1230
2 50
1 9514
2 99
1 8639
1 1073
2 6654
1 7847
2 2354
2 2612
1 2936
2 1664
1 2830
2 7859
2 2539
2 5730
1 6240
2 6876
2 5901
1 4292
2 6215
2 1391
1 9785
1 7953
1 5625
1 5795
2 3980
1 4279
1 7580
2 9055
2 2328
2 3355
1 5405
2 2210
2 388
2 4883
1 6300
2 1868
2 185
2 8091
2 2269
2 802
1 6695
1 9792
1 6441
2 3038
2 1854
1 2488
1 492
1 7101
1 4774
2 6152
1 3621
1 368
1 5639
2 684
1 9864
1 2203
2 8577
1 1427
2 799
1 2041
2 3750
2 3648
2 4885
1 2405
2 7787
1 3035
2 3450
2 3490
2 6394
1 8814
1 6530
1 6068
1 6819
2 8600
2 2581
1 1493
2 5879
2 4173
2 6976
1 9410
1 2315
2 8355
1 4371
1 3803
1 2395
2 2375
1 6465
1 4439
1 8308
1 9238
1 4260
2 9405
2 4729
2 2053
1 8470
1 3676
1 6479
1 1754
2 8281
1 915
2 4977
1 1920
1 4415
1 858
2 4092
1 230
1 4387
1 8680
2 9252
1 7633
1 7150
2 9498
2 7022
2 3526
1 4851
1 4866
1 5172
1 3121
1 8436
1 3142
2 2148
2 5280
2 9290
2 2029
1 2561
2 9144
2 1345
1 7141
2 3152
2 9088
2 7065
2 5504
1 940
2 1233
1 1590
2 2306
1 147
1 5980
2 8609
2 901
1 7463
2 7172
2 7158
1 3909
1 8238
2 671
1 6756
1 3109
2 9938
1 9402
1 1327
2 3640
1 9921
2 9042
1 8065
2 5480
1 3694
2 1883
1 9541
1 306
1 5343
2 9469
1 7994
2 5000
2 1213
1 8658
2 4567
2 5630
1 231
2 761
1 1153
1 9150
2 5151
1 9638
1 3990
2 1108
1 4459
2 5184
2 934
2 4466
1 3509
1 6850
2 2612
1 3805
2 5068
1 5323
1 1913
2 5102
2 8193
1 845
1 3778
1 4290
2 9739
1 945
1 4573
1 3531
1 803
2 2482
2 6240
2 9661
2 4280
2 7566
1 3234
2 2498
1 572
1 9336
1 8256
2 7638
2 5029
2 7768
2 153
1 5723
2 158
1 6409
2 610
2 6198
2 180
2 6379
1 8547
2 6464
1 9737
2 2991
1 88
2 2134
2 3876
1 3485
2 4993
1 6073
2 3870
1 7377
1 8659
2 2383
2 4775
1 4073
1 6292
2 3633
2 2831
1 3113
1 9715
1 4731
2 1213
1 6584
1 9726
2 2815
2 3932
2 6480
1 8330
1 4226
2 4233
2 2546
1 3758
1 7677
1 1158
1 3359
1 888
1 9421
2 4442
2 5136
2 8295
2 3987
1 959
1 4399
2 9183
2 8165
2 8882
1 8812
1 1544
1 9931
2 183
1 2505
1 6207
1 6163
2 2354
2 5102
1 9652
1 8062
1 3567
1 8006
1 1322
1 4913
2 1515
1 7776
1 8026
2 8773
1 3368
2 4447
1 3281
2 9191
2 8974
1 330
1 4365
2 7784
1 8996
1 8221
2 2628
1 6686
2 1851
2 3926
2 4893
1 1313
2 36
2 2665
2 261
2 3167
1 6948
2 8716
2 779
1 1865
1 1415
2 6620
2 7060
1 4435
1 1002
1 2406
1 7144
1 632
1 1968
2 1294
2 4147
1 9796
1 1390
1 7116
1 7781
1 6056
1 223
1 4362
2 9122
2 5082
1 8081
1 712
2 3091
2 9618
2 5110
1 6824
1 2483
2 2286
1 4340
1 3666
2 339
2 6542
1 3445
1 6032
2 3863
1 2585
1 5287
1 5923
2 8823
2 8822
1 5101
2 861
1 590
1 4276
2 1997
2 2693
2 1198
2 6547
1 1568
2 262
1 5178
1 8569
2 2821
2 8544
1 9274
2 3070
2 7278
2 134
2 7099
1 6448
2 3025
1 2574
2 9181
2 5263
2 2008
1 1876
2 1971
1 2
2 7809
1 8663
1 4391
2 8688
1 1135
2 6490
2 9491
1 984
1 7480
1 5109
1 888
1 3386
2 3573
2 6978
2 9227
1 8747
1 6005
1 8720
2 195
1 741
1 7562
1 1363
1 253
2 501
1 5114
1 1682
2 1768
1 7579
2 304
2 5095
2 2473
2 6478
1 8393
2 4579
1 8792
1 3029
2 8215
2 9607
1 7953
1 191
2 2608
2 1564
1 5044
2 1548
1 7632
1 3644
2 7781
2 833
2 115
1 6151
2 1757
2 8088
1 7836
2 2895
2 8935
1 142
1 6338
1 3612
1 4484
1 9427
1 685
2 4089
1 7304
2 8189
1 3245
1 6773
2 586
2 2726
1 9171
1 3555
1 5624
1 249
1 6838
1 107
2 9937
2 2393
2 1520
2 1318
1 3737
2 6426
2 9550
1 6597
2 712
1 9718
2 3588
2 3499
2 987
1 1913
2 1574
2 7375
1 9025
2 358
2 1888
1 2571
2 320
2 2160
2 2191
2 9199
2 4718
2 7809
2 7685
2 2527
2 4072
2 6967
1 4937
1 5168
2 8223
2 6433
1 2165
2 7439
2 3605
2 3510
1 2327
1 7739
2 196
2 5551
2 9456
2 2790
2 8936
2 1513
2 3784
2 2824
2 1776
1 3540
2 728
1 636
1 6225
1 4566
2 4206
1 7729
2 5283
1 1928
2 6588
1 7097
1 8482
1 5927
1 3594
1 333
2 4478
2 5029
2 7344
1 7528
1 5819
1 918
1 2844
2 2568
2 4194
2 196
1 930
2 5072
2 622
2 1019
2 7847
1 1737
2 4432
2 8525
1 8709
2 7532
2 6108
2 2431
2 9114
1 3545
2 4457
1 2346
1 6793
2 4227
1 7653
2 7403
1 3111
1 4498
1 8590
2 388
2 1215
1 6256
2 4122
2 9401
2 9119
2 8764
2 1377
2 9107
1 2649
1 7194
1 8574
1 6128
1 9491
1 1201
1 3377
2 1249
1 2647
1 6123
1 7439
2 9163
1 356
1 9753
1 3569
2 2711
1 3899
2 1724
1 6769
1 2514
2 7410
1 4013
1 9600
1 2174
2 8788
2 4679
2 6947
1 5023
2 2783
1 4855
1 2961
2 4126
1 101
1 691
1 630
1 3385
1 829
2 2992
1 3076
2 1265
1 4047
1 122
1 1309
2 4555
2 522
1 3072
2 7561
2 288
1 8818
2 9317
2 4630
1 1533
1 6794
2 544
2 2931
2 2595
1 9759
2 7469
2 8037
2 8536
1 1853
1 2986
2 386
1 7940
2 695
2 7947
2 3784
2 1253
2 7587
2 6966
1 4375
2 1740
2 9724
2 2392
1 2419
1 2014
1 3054
1 3838
1 7763
1 1492
2 1614
2 2044
1 9189
1 5579
2 2416
1 2138
1 7624
1 3012
1 9134
1 146
2 287
1 8773
2 3495
2 1684
1 2101
2 2390
2 4382
2 4962
2 4180
1 9045
1 4647
2 9364
1 4508
2 2226
2 5646
2 9413
2 9090
1 1332
2 544
2 8771
2 9119
1 819
1 8735
2 9635
1 6477
1 4924
1 4578
2 8763
1 9101
2 1168
2 1075
2 151
2 8516
1 3716
1 2959
2 8629
2 9545
1 5698
1 8570
1 6888
1 6040
2 2455
2 4968
2 5577
2 4322
1 8660
1 6933
2 1281
2 1563
2 8685
1 9198
1 8208
2 187
1 4685
2 246
1 2665
2 1678
1 7920
2 2738
1 5700
2 3636
2 3959
1 6125
1 8539
1 81
1 4967
1 1876
2 6813
2 3934
2 6938
2 1515
1 2494
1 2742
2 797
2 6199
1 1845
2 1050
1 593
2 6786
2 12
1 925
1 8330
1 6074
2 8868
2 1449
2 355
1 9826
2 2559
2 6360
2 4839
2 8895
1 148
2 6652
2 825
2 5676
2 4446
2 7032
1 510
1 1031
2 1149
2 3940
1 1566
1 2322
1 4163
1 1277
2 9766
2 8531
2 792
1 8306
2 1193
2 7556
1 2935
2 1881
2 9210
1 2915
1 1087
2 8696
2 1475
2 307
1 5427
2 5708
1 9570
2 2505
1 155
2 9957
2 1431
2 273
2 1696
1 2264
1 6407
1 2055
1 2932
2 780
1 1420
1 2013
1 7895
1 2253
2 1442
2 9612
1 1427
1 556
2 2780
1 5211
2 9297
1 2749
2 5581
1 4009
1 1586
2 6872
1 5311
2 2601
2 2695
1 8521
2 6848
2 1105
1 2921
1 672
1 7984
1 4074
2 2194
2 2289
2 3412
1 5731
1 4306
1 3125
1 1958
1 9695
2 8843
1 5431
2 5986
2 2402
2 837
2 1416
1 5754
1 2103
1 9195
1 3771
2 3619
1 1101
2 3467
1 73
2 5511
2 2309
2 7706
1 7215
1 561
1 8614
1 6495
1 6140
1 1844
1 4857
2 6995
2 3
1 3124
2 926
2 3799
1 7727
1 5019
1 6389
2 3006
2 1417
2 8245
1 1781
2 3566
2 2580
1 5204
2 1433
2 1875
1 6034
2 349
2 1246
1 684
1 476
2 9337
2 342
2 1885
2 3358
1 8214
1 8104
2 8075
2 6249
2 3523
2 6782
1 8003
2 7455
2 759
2 1189
1 6324
2 4954
2 3291
1 1200
1 8304
1 7205
1 1147
2 710
1 6702
2 434
1 1529
2 8320
2 4667
1 1474
2 4714
1 7884
1 3573
2 9408
1 3207
1 6764
2 1342
1 4903
1 3693
2 7959
1 5711
1 39
1 4382
2 391
1 3507
2 7540
2 5150
1 5386
1 7639
2 4327
2 1382
2 5153
1 5201
2 8939
2 6772
1 6836
1 9254
2 2208
1 4281
1 8732
1 6818
1 3948
1 970
2 6375
1 8852
2 1813
1 4384
1 8024
2 4735
1 5113
1 4504
2 4020
2 3835
1 166
1 9396
1 4310
2 3713
1 6770
1 9815
1 1532
1 2659
1 8981
1 1981
1 119
2 4385
2 8073
1 8049
2 3119
2 1077
1 3217
2 9397
1 2253
1 1192
1 8159
2 5294
2 159
2 9627
1 9020
1 3748
2 1416
1 943
2 4708
1 4534
1 4670
2 3261
2 1207
1 2693
2 1850
1 1375
1 810
1 8052
2 6795
1 2677
1 5668
1 9695
2 1587
2 9089
2 753
1 7057
2 1672
2 6715
2 8994
1 6427
1 4852
2 1502
2 5195
1 4708
1 1829
1 2617
1 5972
2 1332
1 8926
2 8623
2 9720
2 8520
1 5749
1 8423
2 281
2 9249
1 7171
1 3932
2 3402
2 3381
2 3655
1 9839
1 7524
2 7212
1 1427
2 1696
2 1202
1 9492
2 989
1 489
1 2085
2 1309
2 8880
2 3379
1 2528
2 5390
1 4824
1 2622
1 3997
2 3551
1 2313
1 1117
2 8102
1 349
1 5641
1 136
2 1965
1 3193
1 5281
2 2441
1 5748
2 1864
2 2049
1 9903
1 4070
2 3604
1 665
2 3742
2 5564
1 1898
2 416
2 4173
2 8025
1 827
2 305
1 3303
2 1247
2 7131
1 1737
2 4667
2 5271
1 2133
1 794
2 2619
2 5885
2 7525
1 7419
1 2832
1 8913
1 2268
1 3109
2 6037
1 8824
1 4255
1 4456
2 551
1 5672
2 9864
1 1172
1 7612
2 832
1 5508
2 8448
1 393
1 2126
1 915
2 1479
2 8602
2 6055
1 572
2 3238
2 3550
2 3890
2 6262
1 7199
2 3704
1 8253
1 1168
2 5002
2 4560
1 167
2 7834
1 8430
1 8544
2 1060
2 9385
1 8044
1 7543
2 1853
2 5063
1 8436
1 9305
1 4845
1 4097
1 9966
1 5388
1 1620
2 1127
2 8371
1 1293
2 8040
2 5503
2 7457
2 5993
1 4799
2 3203
1 9674
2 4101
2 9542
1 4318
2 5926
2 5287
1 8382
1 4867
1 5404
1 1866
2 8970
1 2470
2 8061
2 5789
1 5746
1 1889
1 7098
2 1205
2 7363
2 6129
2 5161
1 1783
1 124
2 4630
2 564
1 8703
2 1906
2 5334
1 5065
1 7867
2 6557
1 3834
1 3819
2 8848
1 9401
1 5328
1 6879
1 293
1 2598
2 7496
1 4576
2 7059
2 8217
2 7879
1 8908
2 3819
2 4104
1 4951
2 2645
2 4848
1 1762
1 3684
1 1681
1 5816
1 2101
1 3744
1 6794
1 80
2 1510
2 2624
1 8654
1 357
1 4108
1 8189
2 3312
2 4907
2 9397
1 1701
1 5398
2 4010
1 1008
1 695
2 4569
1 8796
1 2545
2 827
2 8600
1 3776
2 64
2 9703
2 9717
1 2618
1 2266
2 6923
2 5254
1 113
2 3935
1 1638
2 6645
1 8288
1 1554
1 8014
2 1665
2 3798
1 1549
1 7148
1 5451
1 5621
2 1946
1 93
2 8169
2 22
2 7115
1 1363
1 1463
2 2596
2 386
2 5682
2 8769
1 9725
1 3145
2 2451
1 3802
1 7748
2 5020
2 692
2 7992
1 6449
1 7322
2 7862
1 8854
1 9807
1 3128
2 1294
2 9456
1 446
1 1054
1 3509
2 9451
2 2415
2 1384
2 2472
2 2730
1 9994
1 9111
1 1705
2 1114
1 5899
2 8253
2 2124
2 199
1 8272
1 3716
1 6954
1 9541
1 925
2 7015
2 7921
2 5624
2 1913
2 3111
1 8354
2 236
2 1966
2 3704
2 8642
2 2701
2 5101
1 1185
2 8154
2 2608
1 1399
2 128
1 8263
2 5769
1 7509
2 3268
1 3083
2 9602
1 6993
2 9041
1 57
2 7291
2 715
1 1295
1 6749
2 2420
1 2613
1 6091
2 690
2 261
1 2743
1 4069
2 9898
2 9527
1 6780
2 1600
1 4313
2 3992
2 19
1 2422
1 8346
1 1370
2 1231
2 9745
2 9433
2 4820
2 1464
1 7778
1 8775
2 5552
1 551
1 2030
1 9162
2 5292
1 4733
2 6252
1 58
2 7081
2 733
1 2009
2 1925
2 7631
2 7101
2 5508
2 1196
2 9079
2 4346
1 1522
1 7252
2 2303
2 1
2 555
2 501
1 5802
2 5254
1 2651
1 9870
1 3805
2 8209
1 8914
2 4608
2 9507
1 4860
1 117
2 1038
2 5834
2 3319
2 874
1 1491
2 9012
2 1284
2 912
1 940
1 2615
2 1227
2 7429
2 6266
2 4861
1 1142
1 93
1 1713
1 1924
2 4534
2 3298
1 9116
1 2351
2 429
2 7646
1 9847
1 3027
1 9410
1 9331
1 1091
2 5627
1 4592
1 2580
2 9205
1 2469
1 1383
1 2762
1 967
1 2851
1 9418
1 1488
1 8966
2 939
2 2207
2 678
2 3811
2 6456
1 7266
1 6482
1 6642
2 1830
2 3954
1 1978
1 606
2 5545
2 7330
1 9915
1 7715
2 6407
1 5882
1 838
2 2354
1 1689
2 804
1 2317
1 6960
2 4062
2 223
1 4202
2 3095
1 4088
1 1135
2 5417
2 9780
1 1949
2 1819
2 2489
2 3383
1 2600
2 1965
1 7311
2 6294
1 4613
1 7750
1 1539
1 2235
1 4600
2 151
2 1025
1 6513
2 4247
1 2057
1 6089
2 7835
1 4620
1 5398
1 5839
1 5054
2 8628
2 1982
2 8332
1 3330
2 7362
2 1587
1 1387
2 9076
2 6908
2 2686
1 941
1 8151
2 2877
2 8103
2 7286
1 9614
2 946
2 720
2 7774
1 7651
2 2349
1 9467
2 6160
2 4596
1 469
2 5984
2 4126
1 7200
2 9428
2 9432
2 1579
1 5087
1 3335
2 2420
2 9135
2 744
1 929
2 4007
1 8311
1 1704
2 5161
1 1048
2 8803
1 7665
1 3256
1 9393
1 4726
2 856
2 8956
1 5122
2 1161
1 4119
1 6935
2 2239
2 4121
2 2233
1 5376
2 7629
1 372
1 2657
2 3041
2 4810
1 6048
1 2275
1 663
2 9218
2 9748
2 793
2 1126
2 6314
1 412
1 7823
2 5203
1 2297
1 1385
2 5095
2 8855
1 8698
2 9871
1 3430
2 6547
2 8524
2 3030
2 5285
2 3958
1 6273
2 90
1 3314
1 2888
2 2274
2 3867
1 1100
1 467
1 5354
2 9373
1 5451
1 549
1 903
2 2457
2 8085
2 4512
2 4508
1 1066
1 2281
2 6378
2 7138
2 1457
2 5528
2 109
2 2498
1 1042
1 2663
2 9079
2 7644
1 2788
1 1184
2 4331
2 8531
2 101
2 2574
1 542
2 4351
1 36
2 4739
1 8635
1 202
1 3605
2 8133
1 5472
1 9619
2 4864
2 5309
2 7423
1 974
2 4498
1 5239
2 7182
2 3730
1 4330
1 6597
2 2135
1 3657
1 2942
1 6428
1 9992
2 2820
1 7300
2 2693
2 3652
2 2356
1 4873
2 1133
1 5025
2 7442
1 2382
2 7701
1 5320
1 409
1 1637
1 3619
2 2600
2 1126
1 9256
2 4304
2 8115
1 7247
1 6851
2 1544
1 2495
1 5545
1 5
1 3389
2 903
2 8656
2 9427
1 7284
1 1879
2 3539
2 8741
1 2613
2 67
2 6405
1 439
1 2031
2 6641
1 3213
1 1865
1 7731
1 4682
2 647
1 2751
2 5429
1 4414
2 5873
2 6002
2 526
2 1229
2 2943
2 5117
2 4124
2 2510
1 743
1 2097
1 9072
2 5995
2 7590
2 2433
1 5870
2 947
2 7369
1 5671
1 6289
1 1943
2 9556
1 1981
1 3621
1 6542
2 5247
1 1989
2 6187
2 7266
1 1972
1 9842
2 2393
2 848
1 6851
1 4620
1 5815
1 2252
2 6830
1 7136
1 2291
1 4874
1 29
1 5069
1 430
1 3382
2 9707
1 8585
2 4749
1 4253
1 1030
2 5802
1 9288
1 4657
2 467
2 8301
1 6174
2 7801
1 5208
1 946
2 815
2 1695
2 6289
1 9422
1 6961
1 7152
1 1740
1 5480
2 5628
2 5824
1 1292
2 5436
1 4510
2 5315
1 8794
2 9772
2 3399
2 8181
2 5103
1 2586
2 4558
1 771
1 395
2 462
1 2491
2 6576
1 2481
2 7350
2 810
2 1569
2 3913
2 5009
2 2974
2 1281
1 1885
2 4387
1 6268
1 4957
1 6300
2 869
1 9036
1 7433
1 5098
2 626
2 7324
2 3178
2 6046
1 667
1 300
1 3594
2 259
2 9988
2 7859
2 7559
1 3879
2 4596
1 3160
1 8612
2 2559
1 5161
2 7802
2 918
2 5793
1 9601
1 409
1 184
2 6200
1 9554
1 5530
2 5048
1 2676
2 8387
1 4263
2 1719
1 631
2 6929
2 9197
2 9725
1 1641
2 6908
2 4300
1 1971
1 805
1 3799
1 5290
2 6360
2 7354
2 6763
2 7713
1 829
1 8507
1 9684
1 5500
2 4232
2 1664
2 3763
2 4478
2 3412
2 7522
2 2282
2 3580
2 1823
1 4931
2 7555
2 381
2 4171
1 9427
2 489
2 6673
2 1534
2 4588
1 7422
1 2183
2 2051
2 7687
2 9572
2 6646
1 1462
1 7541
2 1907
1 645
1 9675
2 7287
2 9721
2 4178
2 7352
2 8726
1 2917
2 159
2 7894
2 7756
2 1851
1 1168
1 7764
2 2441
1 1508
2 5615
2 9428
2 1103
1 5531
2 8217
2 9869
1 7510
2 8593
1 2654
2 7879
1 6537
2 7545
2 8100
1 1842
1 2007
1 4125
2 8372
1 5215
2 9474
2 7687
2 7724
2 1429
2 2260
1 3337
1 4347
2 1405
2 725
1 3926
2 4360
1 38
1 6502
2 2534
1 6268
2 2979
2 1658
1 8198
1 3139
1 6840
2 3879
2 2117
2 2496
2 3729
2 3833
2 6040
2 3910
2 90
1 239
2 5591
1 8159
1 1128
2 9261
1 5151
1 3640
1 9535
1 6696
1 446
2 2019
2 5337
2 5565
1 5017
1 3908
2 6662
2 6491
1 5465
1 3332
2 9462
1 9012
2 2714
2 7138
2 5409
2 1855
2 7147
2 7645
1 6415
1 9673
2 2529
1 3019
1 6880
2 2576
1 7635
1 885
1 246
2 9990
2 63
1 280
2 54
2 8388
1 6052
1 4533
1 3003
1 3333
1 790
2 1410
1 2034
2 6471
2 2590
2 5880
1 4367
1 9165
2 2455
1 6755
1 455
2 4911
2 2610
1 4885
1 1908
1 3304
2 5330
1 2451
2 7572
2 5735
2 5201
1 9350
2 3481
2 3087
2 5689
1 683
1 6059
1 6232
1 44
2 9635
2 8562
2 1467
2 7757
2 9316
2 1404
1 5818
1 9812
1 6598
1 2333
2 1733
1 1646
2 3223
2 474
1 8438
1 4890
1 2920
2 5325
1 2054
1 4685
2 8382
1 5604
1 54
1 9615
1 4434
1 3666
1 4663
1 2748
2 5969
1 1468
1 1042
2 4228
2 8684
1 4254
1 2721
2 1580
2 1993
2 9171
1 5828
1 8347
2 96
2 8848
2 1021
1 6429
1 319
2 2042
1 5908
2 8451
2 1303
1 9868
2 7940
1 8913
1 5069
1 802
2 9484
1 3055
1 3401
2 4480
2 3375
1 4505
2 3642
1 6588
2 20
1 1263
2 9425
2 2543
1 71
1 6005
2 7425
2 3352
2 1414
1 4099
2 1829
2 8553
2 6644
1 3798
1 9274
2 6424
2 2714
1 6910
1 433
1 5119
2 1057
2 2719
2 8687
1 9373
2 7129
1 2384
2 2668
2 8755
1 5333
1 1678
1 4823
1 5336
2 1213
2 186
2 3216
1 2901
2 3499
2 2231
2 4445
2 8346
2 5566
1 6589
1 3638
1 6935
2 7370
1 4361
1 6633
2 5731
1 7862
2 4730
2 2630
2 2584
1 5117
2 2725
2 9028
1 3909
1 2478
2 7010
2 6730
1 7404
2 4731
2 3069
2 9783
1 5249
2 1821
1 9190
2 7803
1 7793
2 5983
2 1234
1 8268
2 2168
1 5966
1 8952
1 8210
1 8634
1 2816
1 5108
1 858
2 5691
2 8442
1 5527
2 3831
2 1847
2 5752
1 8101
2 9500
1 7851
1 329
2 1030
2 2004
1 3257
2 2144
2 1093
2 9642
1 3016
1 9893
1 1780
1 7313
1 2226
2 274
2 1446
2 3262
1 3685
2 1142
2 5172
1 7384
1 9138
1 7285
2 2185
2 5727
1 5649
2 6229
1 3766
2 818
2 6106
1 9443
1 2702
2 9896
2 3790
1 172
1 6618
1 8520
1 2764
2 8997
1 7319
1 1905
2 8940
1 9860
1 3379
2 3955
2 7592
1 3812
1 6612
1 7411
2 9214
1 6004
1 1153
2 6619
2 320
2 393
1 7047
1 2471
2 6867
1 1080
1 293
2 9529
1 7715
1 6285
1 1232
2 855
1 5166
1 5110
2 5104
1 4392
2 452
2 1400
2 4161
1 458
1 4174
2 2538
1 3027
1 4623
2 7204
2 4885
2 5163
1 6779
1 4853
1 6314
2 880
1 7752
2 3202
2 8140
2 3070
2 402
1 1459
1 2001
1 7878
2 9516
1 5409
1 2758
1 316
1 4937
2 4571
2 6328
1 4200
2 9651
1 8306
2 3547
2 5957
1 2807
2 9020
1 2359
1 8917
1 1527
1 2452
1 8166
2 3611
2 2119
2 1385
2 6983
2 3024
2 9009
1 9659
1 5678
2 2783
1 2449
2 2385
2 1618
2 1832
1 6713
2 1541
1 1726
2 9121
2 5550
2 8213
1 9697
1 2464
1 713
2 852
1 3245
1 2354
2 2840
2 168
1 139
2 4552
2 1562
2 1114
2 1942
1 7621
2 2262
1 442
2 6540
1 4337
1 6693
2 2408
1 1776
2 1256
2 691
2 1755
2 3402
1 9388
1 7906
1 6541
1 9670
1 1503
1 2487
1 3149
2 9169
1 2074
1 2075
1 4540
2 223
1 4921
2 5291
1 5153
2 7543
1 8124
2 2472
1 118
1 885
2 935
1 5192
1 5576
2 9895
1 2419
2 9028
1 1626
1 1585
1 1019
2 824
1 835
1 5514
2 4160
2 9030
1 5531
2 9452
2 2166
2 6387
1 1122
1 7848
1 9893
1 152
2 2202
1 9519
1 8840
1 4050
1 664
2 922
2 8673
2 82
1 4470
1 6051
1 9219
1 2510
1 2884
1 2810
2 2327
2 5086
1 34
1 5569
2 2680
2 2160
2 8968
2 4193
1 3382
2 9637
2 7246
2 4786
1 2199
2 9810
1 6421
1 6918
1 8097
2 2208
2 7516
2 863
1 5681
1 6620
2 1467
2 9173
1 6088
1 4903
2 1100
1 9345
2 1752
2 2199
2 5917
2 196
2 1660
2 3092
1 9503
2 4417
2 3229
2 7628
2 1882
1 9294
2 5133
1 2896
2 8503
2 1304
2 1840
1 3396
2 8020
1 2252
2 5246
1 9123
2 7780
2 4830
2 5091
2 6889
2 7020
1 3110
1 2175
1 1063
2 7783
1 1822
2 4199
1 323
2 3539
1 3350
1 9938
2 2117
1 1058
2 1360
1 6044
1 2075
1 1689
1 7060
2 2182
1 1125
1 5268
1 2716
2 6644
2 6938
2 5745
1 569
1 1821
1 930
2 2209
2 5613
1 1407
2 2361
1 4858
1 9935
1 2361
2 3538
1 8679
1 8154
2 303
2 402
1 6534
2 1646
2 297
1 385
1 3801
1 4318
2 5348
2 5661
1 9654
1 5648
2 9840
1 7494
1 2663
2 1888
2 4080
2 6611
1 5803
1 9437
2 845
2 4043
1 5331
2 3786
2 9811
1 4157
2 8901
2 463
1 5683
2 3689
1 1565
2 3862
2 5727
1 8500
2 9303
1 6382
1 9490
2 6968
2 5990
1 6523
1 7285
1 3234
1 2352
1 5764
2 5338
1 1555
2 6655
2 8067
1 8005
2 2207
1 8018
2 5577
1 2798
2 2960
1 9130
2 6311
1 6337
2 2548
1 9454
2 3590
1 4798
1 2027
2 3367
1 6384
2 9754
1 2602
1 7093
1 2469
2 3419
1 7323
1 2264
2 359
1 6080
2 7723
2 1047
1 5567
1 5063
2 9242
2 6829
2 8581
1 356
1 1598
2 8599
1 2091
1 9009
2 1329
2 8135
1 995
1 8936
2 8654
1 7668
1 5669
2 8747
1 7144
1 9095
2 6778
1 5277
1 4307
1 4304
1 5667
2 6071
2 3289
2 879
2 131
2 5107
1 8439
2 2316
2 8529
2 708
1 109
2 9151
1 2679
2 4988
2 113
2 136
2 5701
2 1653
1 1948
1 1561
2 4799
1 3641
1 9980
2 9383
1 1130
1 185
1 6784
2 2909
2 4180
2 8810
1 1600
1 8952
1 889
2 3347
1 322
1 940
2 2686
2 1360
1 3846
1 7421
2 42
1 8659
2 4555
1 3207
1 3224
1 6606
2 8391
2 6071
1 3975
2 2058
1 163
1 6704
1 1065
1 8402
1 7644
2 2983
1 5256
2 920
1 2308
2 5351
1 2412
1 8784
2 3311
1 5438
2 3894
2 2000
1 7495
1 702
2 9560
2 8215
1 488
1 8476
1 3579
2 611
1 7668
1 500
2 3928
2 6296
1 6224
2 6228
1 6399
1 5168
2 1541
1 7244
2 8451
1 2021
1 4688
1 1541
1 5244
1 6377
1 4227
2 7815
1 3380
2 8943
2 194
1 1777
2 5130
2 2399
1 3030
1 4805
1 370
1 2662
2 4061
2 1209
1 7299
2 180
1 9848
1 615
1 423
2 1532
1 7020
2 9581
1 3311
1 2311
1 4194
1 8782
2 3068
2 2449
2 9464
1 6208
1 1911
1 2827
2 1133
2 3612
1 5371
2 2183
1 8312
2 6833
1 7589
1 6831
1 8769
1 8737
1 9419
2 2543
2 9414
2 4962
2 1906
1 7366
2 3416
1 6750
2 6422
2 633
1 572
1 3188
1 1430
2 8432
1 923
1 9461
2 1877
1 2951
2 9474
2 56
2 9690
1 2926
1 770
2 1366
2 5825
2 3321
1 5649
2 4158
2 6184
2 5665
2 7399
1 7139
2 787
1 3153
1 3938
1 1001
2 5560
1 7482
1 1539
1 1259
2 2020
2 1071
1 3055
2 3256
1 8324
1 4858
2 2607
1 4881
2 9916
2 1477
2 8608
1 4237
1 9396
1 1250
2 7267
2 4390
1 3030
2 9716
2 6574
1 5385
2 9442
1 8419
2 761
2 5497
2 1546
2 9564
2 5250
2 8669
2 1734
2 527
1 3769
2 2877
2 9233
2 1167
2 8725
1 5145
2 3481
1 6533
2 9278
2 8723
2 4147
1 9597
2 7137
2 1824
2 2693
1 7688
1 5599
1 1306
1 1659
1 648
2 3533
1 8529
2 2275
1 5463
1 4310
2 8453
1 8544
1 4305
1 3508
2 6462
2 3051
2 117
1 6043
1 1189
2 8157
2 3928
1 3758
2 9528
2 7238
2 2018
2 1816
1 8281
1 7913
1 9726
2 3413
2 3968
1 3166
2 1278
1 9894
2 8196
1 7231
1 4550
2 896
2 7990
2 443
2 6316
1 2653
1 1495
1 550
1 5215
1 3562
1 3724
1 1287
1 7948
2 7912
2 2161
2 2505
1 2138
2 7947
2 6228
1 6314
2 9023
1 7486
2 5
2 5407
1 665
1 7708
1 3741
1 5246
1 7446
1 2360
1 916
2 7186
2 2396
2 3879
2 9016
2 1627
2 1347
2 5713
1 6493
1 5483
1 2054
2 5571
1 1720
2 3530
2 405
1 2544
1 915
1 5139
2 8805
1 4699
2 6989
1 1045
2 6110
1 5470
2 6727
1 4435
1 364
2 1143
1 2295
1 6981
2 5232
1 2662
1 2776
2 2580
1 5388
2 6848
2 6008
2 4354
1 2842
2 863
2 4473
1 3807
1 8198
2 1616
1 7025
1 1557
1 9183
2 9491
1 7882
1 5309
2 9482
1 1038
2 6099
2 920
2 8223
2 7498
1 2125
2 4727
1 7625
1 1221
2 7167
1 2803
1 58
1 239
1 7938
2 2550
1 4502
1 2253
2 6981
1 8000
1 1171
2 8025
2 4538
2 6211
2 7871
1 159
2 903
2 2455
1 666
2 1921
1 5415
1 3111
1 4408
1 3141
1 2534
2 738
1 9456
1 2754
1 3497
2 6858
2 7632
2 4598
2 7811
1 6297
1 8198
2 4755
1 4177
2 919
2 936
2 1693
1 6335
2 3861
2 5853
2 9038
2 7712
2 3158
2 4450
1 7746
2 2699
1 8000
2 9318
2 4923
1 5016
2 7791
1 1903
1 798
1 6119
2 9987
2 1987
1 5732
1 58
1 2253
2 6415
2 6011
1 1765
2 9125
1 5075
1 5650
1 5653
2 2359
2 5668
1 3152
2 2087
1 6850
1 7257
1 2126
1 3100
1 5336
1 4926
2 72
1 907
1 816
2 8756
2 8896
1 735
1 6679
1 6671
1 7419
2 3061
1 1771
1 7143
2 82
2 6336
2 4254
2 1928
2 6578
2 2949
1 2105
1 9729
2 2589
2 143
1 2391
2 7129
1 8231
1 5867
1 2726
2 4901
1 9129
1 8957
1 3209
1 2675
1 6449
2 7641
1 4376
1 675
2 3392
2 6843
1 9022
1 2569
2 27
1 5953
1 42
2 9868
2 5835
1 4315
2 7055
1 2969
2 6573
1 1665
2 9669
1 7585
2 5011
2 1805
2 5685
1 1831
2 4912
2 8461
2 6401
1 9155
2 2736
2 9923
2 7465
2 4690
2 5342
2 8629
1 6839
1 1459
1 4348
1 7389
1 4916
2 4299
2 2031
1 5465
2 5137
2 8722
2 3871
2 8524
1 1231
2 7493
2 7115
1 1835
1 2631
2 4914
1 9812
1 8417
1 6067
2 5438
2 2030
2 8732
2 6403
1 2306
1 4786
1 1486
2 8569
2 1578
2 3294
1 5981
2 8909
2 5573
2 1315
2 1107
2 3610
2 5719
2 5989
1 6959
1 3775
1 4186
2 4223
1 5410
1 6511
2 8761
1 8477
2 994
1 5425
1 9908
1 4736
1 6907
1 2673
2 1695
2 4798
1 233
1 7645
1 1955
1 735
2 8287
2 4440
2 3099
1 8769
1 8195
1 8747
1 6631
1 7461
1 3119
2 5199
2 8765
1 2543
2 1106
1 9060
2 2051
1 538
2 7805
1 7933
2 7495
2 1778
2 5831
1 6098
2 6071
1 8376
2 2281
2 6557
2 1801
1 7585
2 1826
1 8653
1 388
1 2423
2 5813
2 3846
2 2629
1 1079
1 4614
2 9823
2 9099
2 2338
1 3856
1 8931
1 4523
2 4252
1 6034
2 4945
2 29
2 2848
2 6621
2 2459
1 9725
1 1754
2 6648
1 4618
1 4364
2 1243
2 1469
2 2393
1 6732
2 8376
2 4297
2 1574
2 743
1 5307
2 8704
1 6404
1 1624
2 3153
2 3734
1 7531
2 3824
1 4650
1 8439
2 2134
2 467
2 1757
1 9648
2 4532
2 6681
1 9265
2 4691
2 664
1 3406
2 5061
1 4599
2 6266
1 8289
1 1929
2 2246
2 1236
1 2153
1 3234
2 9277
1 4933
2 7003
1 8458
2 2448
1 881
1 6229
2 7070
2 7667
1 8110
1 807
1 8414
1 66
1 6825
2 452
2 4848
2 7306
2 1775
1 6950
2 2590
2 8462
1 9509
2 4567
2 9203
2 2755
2 5473
1 3272
1 946
2 8772
1 2222
1 110
2 2911
1 7551
2 3643
1 5072
1 100
2 8917
2 2429
2 3435
1 8526
1 2142
2 1417
1 894
1 2333
1 3859
1 331
2 6415
1 9703
1 5218
2 9777
2 4932
2 3701
1 2462
2 9568
1 1162
2 5301
1 2268
1 5823
1 1121
1 6887
1 8824
1 9175
1 7965
1 9008
2 7981
1 6233
2 1703
2 2074
1 9136
2 4280
1 6618
2 6833
2 9270
2 9226
2 5783
2 423
2 5785
1 1900
2 9442
1 577
2 440
1 2491
2 2803
2 2633
1 5908
2 5035
1 1989
2 3626
2 6211
2 1748
1 4490
2 263
1 6560
2 6768
1 533
1 3972
2 1353
1 4846
2 7263
1 7066
2 2208
1 7122
1 3
1 7688
2 7547
1 1395
2 4626
2 4157
1 2661
1 1628
1 7007
2 6415
1 1946
2 3020
1 1891
2 3031
2 8862
1 6485
2 9467
2 2530
1 5735
2 1296
2 9653
2 2434
2 2526
2 520
2 7943
1 2171
1 2066
1 779
2 4040
2 9686
1 9158
1 1420
1 6965
1 401
1 9086
1 4163
1 9117
1 317
2 5989
1 8764
2 197
1 4239
1 6794
1 5316
1 7141
2 2160
1 5006
1 8111
2 5161
1 2286
1 1144
1 8900
1 4801
2 8376
2 5346
1 7871
1 6706
1 1589
1 5369
1 6174
1 5170
2 9853
2 9088
1 5093
1 7264
1 670
1 9614
2 2923
2 106
2 2073
1 2587
2 3402
1 3716
2 7459
1 3959
2 5251
1 9880
1 901
1 7171
1 3255
2 7025
2 6780
1 6358
1 5375
2 6206
2 2218
1 1098
1 4341
2 5253
1 1058
1 5661
2 9561
2 4638
2 4944
2 256
1 4141
1 1508
1 575
1 8474
1 3914
1 7592
1 1745
1 1190
2 2024
2 1421
2 5866
1 3265
2 4009
1 5052
2 2053
1 6270
2 8879
1 8322
1 3518
1 4450
1 5154
1 2061
2 8934
1 8408
1 139
1 99
2 8563
1 3725
2 3083
2 5579
2 4877
2 7301
1 949
1 3921
1 3042
2 6933
2 9759
1 2423
1 2499
1 4151
1 7494
2 5247
2 101
1 921
2 4695
2 1218
1 9265
1 2366
2 22
1 9772
2 851
2 3803
2 9051
1 5869
1 2655
1 7819
1 784
1 1369
1 2935
2 8428
1 805
1 281
2 7030
2 5711
2 7052
2 648
1 153
2 7100
2 6701
2 1831
1 1121
1 7436
1 6290
1 9050
2 5490
2 6750
2 1260
1 8856
2 4263
1 4674
1 6413
2 7407
2 1820
1 257
2 1500
1 3054
2 1122
1 3491
1 8180
1 1113
2 4926
1 551
1 9333
2 6344
2 1323
2 7359
1 2066
1 8680
2 2067
1 1937
2 129
2 3897
1 9082
2 631
2 8510
1 7534
2 2675
1 4192
2 9576
2 992
2 9001
1 493
2 5858
1 6412
2 7544
2 2196
1 3316
1 8192
1 2929
2 3200
2 6152
1 4994
2 3369
2 1728
2 2733
1 6057
1 2362
1 3268
2 4759
2 8625
1 6401
2 6323
2 749
1 8620
1 7630
2 9703
2 3401
2 1788
1 8679
2 8607
1 3596
1 8106
2 5206
2 6268
2 5319
2 8354
2 5527
1 5461
2 8931
1 8404
2 1354
1 1107
1 9370
1 6756
1 3479
1 2741
2 380
2 9787
2 2837
1 2542
2 7515
2 7476
2 3313
2 5986
2 9488
1 4080
1 8238
1 9773
2 1060
2 9283
2 9679
2 3435
2 886
1 1524
2 9294
1 2065
1 8139
2 8417
2 6889
2 8435
2 9162
2 5496
2 2224
2 4987
2 588
2 2063
1 9624
2 2457
2 3571
2 4286
1 4587
2 6205
2 9103
1 1376
2 4885
1 3039
2 7050
2 3045
2 7688
2 1271
1 7965
1 8339
1 2698
1 8501
1 3704
1 656
2 8530
2 1563
1 2975
2 2633
1 1902
2 4190
2 5672
1 4894
2 3280
1 1768
2 2782
1 7428
2 7020
2 4425
2 7216
2 5458
1 5836
2 3362
2 4674
1 1781
2 6812
1 3208
1 1595
1 828
1 9150
2 2087
1 9750
2 6428
2 3911
1 12
2 9618
1 2365
1 6561
2 2058
1 8705
2 8955
2 1687
2 3878
1 9277
2 5638
2 1420
2 9227
1 8702
2 8514
2 4500
2 7511
2 7077
2 56
2 5656
1 2267
2 7460
2 4835
2 5638
1 1375
2 3828
2 7428
1 4944
1 2652
2 7358
1 7406
2 3113
1 560
2 5346
1 8827
2 651
1 5534
2 3987
2 3414
1 3747
2 572
2 7177
1 382
1 8850
2 8755
1 5790
2 4601
1 2814
1 2498
1 8065
1 1215
2 2272
1 7562
2 5382
2 4762
2 2596
2 3267
1 1908
2 3693
2 8236
1 8087
1 6421
1 442
1 941
2 3586
1 1226
1 8603
1 7216
1 6520
2 2164
1 6730
2 1970
1 8190
2 188
1 8168
1 9700
2 896
1 2333
1 8586
2 3564
1 1018
2 8708
1 5687
1 1987
1 4735
1 4439
1 7707
2 1461
2 997
1 9307
1 6855
2 8580
1 1590
2 3420
1 4927
2 9957
1 1681
2 3977
2 2171
2 752
1 4231
1 7429
2 4935
2 3860
2 4271
1 7207
1 4419
2 8946
1 7042
2 235
1 6979
1 9198
2 1087
1 1151
2 6608
1 257
2 8424
2 7015
2 661
1 3465
1 292
1 1417
1 7763
2 9143
2 8283
2 8450
1 30
2 799
1 5517
2 6703
1 5325
2 444
2 3195
2 3124
1 446
2 3306
1 5500
2 4585
1 5407
1 3482
1 505
2 3320
1 2678
2 4082
1 9874
1 6689
1 731
2 4458
2 4119
1 1878
1 1465
2 5152
2 3264
1 4479
2 3648
2 2245
2 1365
2 759
1 9605
2 6030
1 3222
2 588
1 5776
2 8019
1 5396
2 3443
2 366
2 5043
2 9414
1 3986
1 9325
1 5518
2 2678
1 3493
2 499
2 3434
2 9858
1 234
1 3959
1 4511
1 3691
1 1413
1 9877
1 2219
1 8409
1 1116
2 5358
1 3822
1 3189
2 7675
2 8358
1 6287
2 5469
1 4273
2 2085
2 9894
2 5363
1 6193
2 1575
2 2959
1 9934
2 6227
2 2444
2 9181
1 1336
1 1809
2 5032
2 8853
2 5439
1 4778
1 3044
2 5023
2 8164
1 1618
2 9275
1 6745
1 7839
2 7568
1 126
2 7891
2 2489
2 1215
2 144
2 1364
2 2080
2 6173
2 1963
2 3331
1 9543
1 1103
2 8409
1 4559
1 131
2 5739
1 188
2 2216
2 3407
2 7404
1 1095
2 8323
2 7401
1 8002
1 8354
2 8682
1 6643
1 415
2 6650
1 1658
1 4515
2 6459
2 8798
1 3155
2 6083
1 1473
1 6899
2 7436
2 4801
2 2160
2 6738
1 1980
2 8000
1 5979
2 3285
2 3730
1 8390
2 3338
2 1597
2 5981
2 3900
2 6871
2 1583
1 677
2 7377
1 8433
1 2178
1 97
1 7383
1 3804
2 2610
1 6270
1 3316
1 6798
1 8608
2 9166
1 2706
1 2163
1 2480
1 8759
2 7920
1 8955
2 5818
1 5872
2 7183
2 7783
2 7770
1 7975
1 549
2 688
1 2096
1 8222
1 9742
2 9344
2 3008
1 3897
2 3382
2 983
1 2114
1 9186
1 5024
1 4167
1 6916
1 9046
1 2738
1 1208
1 403
1 9093
1 4710
2 1685
2 4358
1 4277
2 411
1 4125
1 6067
1 5887
2 7154
2 7090
1 4280
1 8417
2 7762
2 4142
1 7955
2 7530
1 8709
2 3113
2 1034
2 9585
1 9816
1 8644
2 453
1 3327
1 5054
2 274
2 7406
2 9296
2 2126
2 3161
2 1416
1 2487
2 5296
2 8213
2 8085
1 1015
1 2100
1 7158
2 9662
2 2058
2 1595
1 8093
2 4383
2 5325
2 7564
1 2594
1 1832
2 7186
2 2193
2 8385
1 9406
2 5725
1 1927
2 1865
1 328
2 2439
1 9346
1 4508
1 6610
2 9951
1 9974
2 818
2 5261
1 5284
2 9583
1 149
2 3901
1 2380
2 9194
2 5622
1 7930
2 8032
1 570
2 1366
1 3264
2 9821
1 9412
2 6862
1 8303
2 3012
2 3506
1 681
2 6555
1 1147
2 6884
2 3637
2 5724
1 3899
2 8923
2 5637
2 2368
1 3088
2 5628
2 7649
1 6404
2 7036
1 771
1 1204
2 2895
2 8164
1 1517
2 9005
2 3047
1 1073
1 525
2 3871
2 2490
2 9408
1 8072
1 4146
1 22
1 5522
1 4041
2 1903
2 1761
1 1069
2 2702
1 1640
1 2546
2 7625
1 2889
2 3278
1 7206
1 4404
1 351
2 6280
1 5693
2 911
1 1212
1 7011
1 9770
1 1775
1 2510
1 7644
2 1878
1 4829
2 8758
1 6183
2 1709
1 7974
2 234
2 5260
2 495
1 8843
2 1573
1 5877
1 2385
1 2626
1 8245
1 4402
1 7545
1 8227
2 2268
2 1733
1 6198
2 3212
1 720
1 2950
2 358
1 6462
1 6875
1 8512
2 5614
2 238
2 300
2 5490
2 3829
2 6565
1 1716
1 2495
1 2489
1 255
2 6201
2 1870
1 681
1 5184
1 262
2 4507
2 3241
1 5498
1 4297
1 4068
1 1090
2 8393
1 3396
2 7852
1 1871
2 5207
1 766
2 5820
1 1249
2 9624
2 111
2 1341
1 5131
1 2496
2 2791
1 5647
2 2998
2 2695
1 2231
1 613
2 15
2 2908
2 9893
2 2023
2 9620
1 8671
1 653
2 8847
1 4459
1 6822
1 2491
2 9164
1 8235
2 2729
1 66
2 3171
1 7601
2 9702
1 4297
1 5592
2 8364
1 9949
2 4120
1 1977
2 2178
1 2805
2 2575
1 4836
2 1561
1 7717
1 1215
2 3035
2 5854
1 668
2 8847
2 8455
1 4433
1 7050
1 6905
2 803
2 5318
2 9045
1 6378
1 1837
2 3814
2 1157
1 4149
2 72
2 4845
2 2391
1 2577
2 7660
2 2554
1 606
2 6790
2 516
1 1457
1 7341
1 8628
1 3391
1 3612
2 8047
1 1501
2 4800
1 2422
1 191
1 9750
2 3679
1 2463
2 1680
1 4026
2 8662
2 8715
1 6535
2 2054
2 3380
2 114
2 1052
1 1134
1 7325
2 9745
1 5356
2 486
1 1031
2 5512
1 1146
2 8554
1 3439
1 1291
1 5897
1 775
1 8034
1 1329
2 8179
1 9536
1 5637
1 1287
2 3446
1 138
1 4894
1 830
1 306
1 8944
1 2632
2 3929
2 1740
1 3072
1 8706
1 272
1 7870
1 2891
2 7313
1 9295
1 1524
1 8217
1 5562
2 3624
1 7505
2 1763
1 6377
1 1917
1 1880
2 9687
1 9101
2 6039
1 7299
1 9848
2 584
2 4866
2 9855
2 3931
2 2916
1 4110
2 4286
1 2203
1 5465
2 3855
2 1796
2 8294
2 3576
1 1038
2 7915
2 446
1 6036
1 6871
2 208
2 649
1 7491
2 1353
1 9235
1 2385
1 274
2 1656
2 2314
1 724
2 3310
2 2686
1 7134
2 1653
2 9371
2 4726
2 1388
2 4202
1 2177
1 4960
1 1366
2 2428
2 4602
2 544
1 9152
1 1274
2 133
2 2782
1 9412
2 134
1 1415
2 6695
2 9870
1 9046
2 2212
2 2315
1 9504
2 5540
1 3530
2 749
2 607
1 95
1 999
1 5367
1 6868
1 2248
2 2573
1 6051
1 1933
1 2102
1 3494
2 2418
1 5673
1 162
2 8330
1 1353
1 8175
1 8107
2 2442
2 7791
2 1432
1 8515
1 3912
2 2145
1 7056
1 7217
2 8732
1 3742
2 633
1 4429
1 9858
1 1979
2 9320
1 7623
2 8887
1 3488
2 998
2 848
1 1615
1 4873
1 1760
1 7935
2 8529
1 6374
1 9416
2 2333
1 1321
2 8332
1 1313
1 2346
2 9877
2 6434
1 2199
1 9158
1 4217
2 212
1 229
1 9192
1 4140
2 3715
1 3021
2 8635
1 9352
2 1123
1 1860
1 6748
1 78
1 1147
2 5939
2 4749
2 2607
1 1913
2 9223
1 5621
2 868
2 1404
1 6721
2 6718
1 4632
1 4376
2 2935
1 8389
1 3736
2 8229
1 3553
2 5854
1 5562
2 4272
1 8701
1 1549
2 7443
1 9465
1 1756
2 9662
2 8494
1 963
2 5251
1 62
1 5756
2 3287
1 6187
1 400
2 6975
2 434
1 7361
1 8233
2 4943
2 162
2 8102
2 4708
1 165
2 8765
1 8256
1 8718
1 3394
2 3546
1 8183
2 7707
1 3097
2 1318
1 5401
1 5551
1 4032
1 4608
2 7239
2 1558
1 2916
1 1741
2 2901
1 1006
1 1794
2 1237
2 8158
1 5095
1 8062
2 1156
1 4526
2 4154
1 8800
1 1690
2 9382
2 6847
1 6210
2 4395
2 8876
1 500
2 2916
1 1904
1 696
2 5741
2 5592
1 4724
2 5176
2 543
1 150
1 6376
2 9020
2 8596
1 6328
1 1776
2 7371
2 4938
1 2143
1 7172
2 9117
1 5284
1 61
1 111
2 990
2 6456
1 6873
1 1411
1 3841
2 7295
1 206
2 7779
1 2779
2 1752
2 1676
2 6440
2 1012
1 9061
1 2662
2 8716
1 8186
1 5020
2 5650
1 2850
2 3037
2 7591
2 1596
1 1308
1 9300
1 2532
1 7139
2 2420
1 2710
2 1030
1 778
2 2484
2 642
1 1827
2 2745
1 5597
2 72
1 1060
2 442
2 7348
2 1566
1 1336
1 972
1 3904
2 6508
1 5921
2 5843
1 9438
2 6511
2 1094
1 9542
1 4029
2 8842
1 4511
2 7967
1 8658
1 8480
2 9148
2 6271
1 4693
1 6203
1 1550
2 9943
2 9842
2 8217
2 2268
1 5312
2 9673
2 3050
1 7839
1 8820
1 6846
2 7683
1 5574
1 5715
1 7434
1 7102
2 8196
2 7520
1 8344
1 8616
1 1725
1 4449
1 761
1 2369
2 1708
2 2
1 8529
2 8319
1 5456
2 7105
1 2551
1 3244
2 8603
2 8131
1 4601
1 4835
2 1
1 927
2 2678
1 2439
2 2639
2 6398
1 1938
2 5500
2 561
1 8898
2 6549
1 172
1 6907
2 3691
1 4348
2 8276
1 4561
1 9379
2 279
2 404
1 5151
2 2483
2 4777
1 8610
1 6818
2 9131
1 939
2 3863
1 4172
1 6767
1 8329
1 3537
2 2564
2 1253
1 7268
1 7679
2 2388
1 616
2 9134
2 3001
2 7082
1 967
2 1617
2 5637
2 1159
2 9510
1 8905
2 6723
1 2563
2 1420
1 661
1 8882
2 7191
1 2740
1 2106
2 5528
1 3905
1 9917
1 3952
2 1710
2 5556
2 9193
1 6211
2 2673
2 1109
2 7106
2 5251
2 2899
1 2095
1 4224
1 4100
2 9016
2 9535
1 4916
2 2159
2 5338
2 1977
2 977
1 8159
2 501
1 610
1 5117
2 1909
2 7355
2 3796
2 20
1 1605
2 3329
1 2077
2 8949
1 998
1 1280
2 9200
2 2371
2 4278
1 2517
2 5938
2 2918
2 9284
2 8610
1 5918
1 7432
1 6116
1 1531
2 3170
2 5656
1 1310
2 265
2 5696
2 3242
1 9103
2 8075
1 1662
2 7557
2 4870
2 1760
2 4550
1 1651
2 7977
2 957
2 7543
2 3797
2 6174
2 8989
2 2402
1 4109
2 482
1 6957
2 3741
1 6737
1 1173
1 636
1 7171
1 5759
2 5308
2 2145
1 2387
1 4483
1 3054
2 3956
2 6109
1 2307
2 2344
1 5987
2 600
2 516
2 4009
1 8879
2 8190
2 9650
2 2310
2 2669
2 4590
2 3948
2 4423
1 2102
2 1609
1 1365
1 3623
2 7959
1 2053
2 8532
1 808
2 2257
1 4478
2 3877
2 3726
1 6074
2 7968
2 3542
2 6063
2 7402
2 5086
2 3323
1 4874
2 9935
1 3150
2 1082
2 5708
1 4650
2 4299
2 1344
2 2076
2 4640
1 4962
1 9738
2 7072
1 7034
1 9653
1 1949
2 1654
2 4949
2 7563
2 814
1 7229
1 4834
2 8381
2 2842
1 1497
1 4919
1 8779
2 1360
2 7090
1 9676
1 5349
1 5058
2 69
1 1999
2 1426
2 1032
2 1665
2 8625
1 1613
2 8749
2 1132
1 6662
2 8483
1 7887
1 6300
1 5513
1 7446
2 5587
1 7838
2 9894
1 7805
2 6319
2 8626
2 574
2 3042
1 7327
1 669
2 3894
2 5602
1 2849
1 3734
2 6233
2 4305
1 7129
2 4921
2 7873
1 3924
2 221
2 8263
2 6738
2 6948
2 9193
1 8644
2 2144
2 8593
2 5964
2 6200
1 6723
2 5053
2 90
1 127
1 9450
1 9469
1 328
2 1273
2 6373
1 9004
2 2851
2 1370
2 137
2 72
1 3769
1 1051
1 8912
1 210
1 8302
1 2807
1 6871
1 2754
1 4889
1 7199
1 5775
1 1809
2 1925
1 1238
1 8108
1 7885
1 3456
2 8950
1 7929
1 1689
1 2415
1 89
2 1121
1 7322
1 7272
1 593
2 7207
1 4891
2 6854
2 5649
1 3328
1 2970
2 1801
1 6641
1 3172
2 9401
1 3731
1 718
1 1920
1 878
1 3196
2 4856
2 1671
2 3011
2 4271
1 850
2 732
1 9798
1 699
2 8645
2 9
1 4650
2 3140
1 2909
2 6028
1 821
1 735
2 5626
2 4437
2 6784
2 393
2 3633
1 7833
1 5930
2 2704
1 25
1 8082
2 5669
1 9416
2 6494
1 7869
1 3175
2 5847
1 2929
1 6746
2 9290
1 1017
2 1334
2 9807
2 6924
2 4414
1 4693
1 2998
1 384
2 6455
1 4618
2 1674
1 4732
1 2381
2 1797
2 8574
2 537
2 2602
1 4602
2 1638
2 6967
1 8622
1 4338
1 1868
2 8118
1 507
2 2664
1 4876
1 8141
2 1001
1 7805
1 1400
2 230
2 6723
1 7396
1 8742
2 5472
2 4936
1 3959
2 541
1 6188
1 2939
2 400
1 1947
1 8513
1 3027
1 2609
1 8210
2 2232
2 4539
1 4221
1 806
2 481
2 851
2 9100
1 6369
2 7772
2 238
1 2603
2 7791
2 5120
1 2130
1 1177
1 7954
2 7336
2 635
1 123
2 1791
1 2497
2 8985
2 8617
1 2671
1 8509
1 9549
1 1823
1 4352
2 6931
2 7103
1 9022
2 1089
2 493
2 3643
1 9000
2 8857
1 1720
1 4304
1 4679
1 4273
2 968
1 9296
2 7767
1 9541
1 9841
1 1859
1 9431
1 9575
1 4655
1 5619
1 6988
2 668
2 9743
2 6897
1 9997
1 7501
1 7411
1 4095
2 4072
2 7
1 6674
1 5427
1 4540
1 1340
1 8630
1 5435
1 1837
1 4624
2 7853
2 4740
2 7828
2 7420
1 1496
2 913
1 1532
2 9438
2 7183
1 9194
1 7030
1 5815
1 3691
1 5386
1 6309
2 9628
1 1498
1 5392
2 275
1 7830
2 9343
2 6303
1 5946
1 9186
2 8047
2 2431
2 7356
2 3938
2 5269
2 7353
1 2011
1 554
1 1359
2 7071
2 4450
1 4035
1 1230
2 7474
2 6426
1 3179
1 2874
1 6761
1 4822
2 2611
2 1260
1 5569
2 8328
1 2080
2 9507
2 4807
2 3545
1 7307
1 4367
2 1216
1 2629
1 3009
2 4969
1 8929
2 3740
2 243
1 3721
1 4919
2 5187
1 3783
1 2174
2 9825
1 1297
2 421
2 2890
2 7745
2 290
1 75
1 1795
2 799
2 39
2 6746
1 8867
1 2646
1 8596
2 7814
2 824
1 4629
2 4753
1 426
2 3397
1 1327
1 2921
2 1746
2 4976
1 9355
1 1886
2 767
2 5378
2 5573
1 5108
1 9527
1 5546
2 5147
1 1505
2 7570
2 3882
2 6880
2 115
2 1358
1 4136
1 3933
1 3530
1 6924
1 6095
2 3947
2 7353
2 3008
2 8891
2 2426
2 5226
2 3605
2 2033
2 1678
1 2007
2 3751
2 4756
1 1756
2 5298
2 4103
1 785
2 7601
2 205
2 6618
1 3108
1 4331
1 4595
2 1786
1 2464
2 879
2 2045
2 8036
1 7547
2 2401
2 5294
1 9929
2 6144
1 1487
1 2920
1 4685
2 9068
2 2151
2 7140
1 4107
1 1185
2 9227
1 1454
2 9295
2 4614
1 3332
2 2166
1 762
1 1332
2 5677
1 6993
2 3041
1 2875
2 9524
2 8166
1 1294
1 4971
2 2124
1 7537
1 1342
1 7756
1 1597
2 3411
2 1697
2 4134
2 5362
1 2768
1 6254
2 4793
2 2442
1 1823
2 5580
1 3687
1 4553
2 910
1 2266
2 5701
1 2132
1 1532
1 9336
1 4797
2 8088
1 8365
1 395
2 2015
1 2019
1 4506
2 5165
1 5195
1 9385
2 2734
1 587
2 4105
2 4992
2 5113
2 9013
2 3266
1 9285
2 7985
1 273
1 8660
2 1717
2 4220
1 5289
1 3218
1 4613
1 4712
1 7400
1 8321
2 5355
1 6051
2 7569
1 876
1 9506
1 3603
1 6664
2 5776
2 1194
2 6751
2 1623
2 2241
2 7813
1 4628
2 1467
2 7860
2 747
2 4017
2 580
1 8659
1 8887
2 3275
1 4616
2 4108
2 8616
1 8426
1 9649
2 2610
1 7217
2 8042
1 8586
2 9162
1 1049
1 4763
1 9590
2 1807
1 8219
1 5602
2 681
2 8559
1 5575
1 1654
1 2509
2 4364
1 3408
2 3827
1 3294
2 5596
2 9564
2 4586
2 414
1 745
2 648
1 9727
2 1842
1 961
1 1553
2 6617
1 3156
1 7
2 9323
1 6934
1 6095
1 2993
2 6414
2 3093
1 374
1 7288
2 1668
1 874
2 7661
1 5611
1 2844
2 9581
2 509
1 6204
1 8555
1 91
2 8997
1 1345
2 6837
2 436
1 9988
2 7412
1 4664
1 4812
1 8128
1 8196
2 6402
1 7354
1 2226
2 1010
2 1510
1 9339
1 8279
1 2036
1 6731
2 7312
2 4049
2 2326
1 5372
2 7851
2 4740
2 4100
1 1529
2 55
1 4697
2 481
1 2020
1 4029
2 3422
1 8915
1 1574
1 3264
2 6084
1 1861
1 7416
2 9618
2 7728
2 2868
1 9882
1 1116
1 1355
1 2066
1 735
2 4058
2 5411
2 8294
1 1966
1 5612
2 5591
1 1081
1 6771
1 3046
2 1598
2 9274
1 1004
2 8977
1 6064
1 7372
1 8957
1 2632
1 6732
2 2339
2 3629
2 2220
1 1872
1 6443
1 1766
1 8849
1 9588
2 3953
2 9561
1 3695
2 9728
2 7703
2 4808
1 6273
1 1377
2 8452
1 169
2 4265
1 9129
1 1330
1 1386
2 6586
2 5371
2 5534
2 2567
2 333
2 3683
1 6828
1 2598
1 9276
1 3772
1 8192
1 2012
1 9002
2 6904
2 4358
2 4196
2 3593
1 7963
2 1275
2 4927
2 2803
1 9072
2 7137
2 687
1 2018
2 915
1 2815
1 5772
2 8696
1 2406
2 2767
2 6655
2 519
1 1276
1 895
2 1129
2 25
2 3009
1 6257
1 861
2 954
2 7471
1 7738
2 9346
1 4457
2 7114
2 726
1 7570
2 1323
1 9030
1 1042
2 6317
2 9768
2 8572
2 433
1 1719
1 2012
1 7912
1 5304
2 6821
1 7943
2 1246
2 4866
1 868
1 510
2 8144
1 9757
1 2451
1 4807
1 3113
1 1147
2 9748
2 8273
2 7142
2 322
2 1871
1 8586
1 2056
2 8748
1 8366
2 358
1 9812
1 311
2 7682
1 6767
1 2722
2 1270
1 6557
2 2288
1 9873
2 6222
2 3286
1 4664
1 1697
1 91
1 1464
1 7533
1 3960
2 7369
2 4211
2 5047
1 2222
1 3370
1 1642
1 8225
1 1248
2 1670
1 2211
1 2235
1 4897
1 3543
2 6682
2 939
1 9252
2 8057
2 2126
2 5127
1 7940
1 6944
1 1315
1 8028
1 685
1 9490
1 446
1 7899
2 9584
1 680
2 1196
1 2790
1 322
1 897
2 9403
1 263
2 2173
2 1183
2 2543
1 6954
2 6334
2 9432
1 9375
1 9870
2 5189
2 8311
2 1765
2 8616
2 1609
2 4104
1 6370
1 2560
2 8721
1 9440
2 183
1 802
1 7852
2 5410
2 5501
2 5838
1 2649
2 6331
1 7503
2 25
2 5216
2 5591
2 5706
1 6361
1 2888
1 9225
2 372
2 8685
1 862
1 3800
2 450
1 2338
2 1637
2 2636
2 944
1 3631
2 288
1 4661
1 748
1 7627
1 1481
2 516
2 972
2 3025
1 2494
2 5136
2 6500
2 1987
1 7791
1 2051
2 1440
2 4900
2 7473
2 3082
2 1649
2 7324
2 1742
2 2985
2 1127
2 6792
1 1378
2 9652
2 9980
2 2408
1 8255
2 8023
2 6233
1 4303
2 7851
1 9551
2 1982
1 5270
1 3485
1 2158
1 3407
2 3498
2 2115
1 1739
1 642
1 4537
1 4447
2 2000
1 4914
1 3929
2 2309
2 6923
2 9374
2 6289
1 4191
1 4333
2 9962
2 5501
2 6345
2 2718
1 7821
1 5391
2 3749
1 4055
1 7730
2 872
1 7704
1 4982
2 7640
1 6819
2 8380
1 1661
2 5298
2 171
1 3372
1 6372
1 5975
2 2528
1 2283
2 3955
1 8978
1 2775
1 6861
2 5976
2 179
1 2774
1 6539
1 1527
2 109
2 956
2 2308
2 7877
2 7446
2 1286
1 4903
1 3932
2 9146
2 8891
2 6874
1 3546
1 9976
1 7218
2 3430
1 5474
2 3603
1 1846
2 1000
2 2105
1 9699
2 5849
1 3505
2 4842
1 8306
2 718
2 3575
2 1027
1 3439
1 9917
1 7011
1 9206
2 6718
2 147
1 497
1 857
1 7014
2 944
1 419
1 2774
1 6113
1 5831
2 1534
1 5916
1 6560
2 5025
2 2283
1 892
1 8901
1 3706
1 6119
2 92
2 7094
1 9075
2 2244
2 2439
1 8417
2 7886
1 4053
1 939
2 450
2 4469
1 7446
1 2858
1 8559
1 3684
1 4690
1 1002
1 9997
2 8826
1 4315
1 3782
2 5112
1 5548
2 5942
2 7450
1 1343
1 722
1 4972
1 4362
1 5381
2 4552
1 1770
1 3404
2 8129
1 2094
1 3473
2 905
2 6751
1 3560
2 3511
1 9265
1 3357
1 9567
2 3300
1 4356
2 8015
2 8558
2 6118
2 9577
1 1787
2 8550
1 2526
1 2075
2 6238
1 9978
1 1809
1 1590
2 197
2 100
2 2375
1 8719
1 6389
1 6798
1 3535
2 3193
1 851
1 6714
2 1322
2 5249
2 1596
2 3403
1 9083
2 4867
1 3455
2 1961
1 3645
2 4723
1 1086
1 8145
1 8557
1 3157
1 5857
2 7347
1 140
2 8085
1 5971
1 2978
1 623
2 928
2 9843
1 871
2 7294
2 2104
2 3347
1 4782
1 4456
1 9764
1 9693
2 5592
2 765
1 2398
1 7625
2 3927
1 451
2 1299
2 2888
1 7557
2 6706
2 295
1 5693
1 9438
2 3240
1 3006
1 366
1 6065
2 4790
1 9700
1 9943
2 2019
2 1328
1 8902
1 5079
1 1595
2 7841
1 2887
2 9602
2 919
1 5652
1 9804
2 5469
2 7766
1 8700
2 2896
2 5893
1 797
1 1982
1 4656
2 184
1 338
1 1554
1 4864
1 7834
1 5811
2 6710
2 1237
1 6018
1 1936
2 8794
2 121
2 9099
1 2653
1 8181
1 8106
2 8163
2 7217
1 4046
2 9211
1 9343
2 4010
2 4628
2 8081
2 2613
1 8662
1 7335
1 8135
2 5536
2 523
1 1660
1 8491
1 256
1 6209
2 6413
1 303
1 9895
1 1490
2 4663
2 808
2 973
2 5809
1 8090
1 8931
2 9069
2 7888
2 125
1 1979
2 6662
2 1832
1 9559
2 6676
2 3148
2 2005
1 5271
2 1283
1 9172
2 7320
1 796
1 5891
1 379
1 8771
1 8318
1 4434
1 1631
1 1920
2 356
2 9330
1 7876
1 9851
2 6411
2 6601
1 8704
2 4915
1 9461
1 4866
1 6336
1 509
2 4184
1 3113
1 7297
1 4848
2 1643
1 6194
2 7975
2 938
2 2317
1 2483
2 2346
2 6394
2 4061
1 3093
1 5092
2 9284
2 9939
1 503
2 3685
2 7841
2 6069
2 9355
1 6927
1 652
2 419
1 4344
1 1834
1 102
2 8844
1 278
2 993
1 3522
2 3766
2 7717
1 3171
1 3130
1 6714
1 7830
1 1635
1 5992
1 2422
1 64
2 2952
1 4926
2 4025
1 7516
2 5197
2 495
1 8123
2 8330
1 482
2 6259
2 930
2 3098
2 5818
2 1735
2 5998
1 8915
2 2139
1 5834
2 8558
1 8368
2 2289
2 5250
2 8664
2 2846
1 8236
2 8853
1 2037
1 799
1 3853
2 8736
1 322
2 7098
1 2652
1 8339
1 2897
1 552
2 8133
2 8915
2 8086
1 8697
2 1399
1 310
1 4858
1 733
1 6932
1 5627
1 6076
2 3276
2 6708
1 8496
2 9003
1 1487
1 7553
2 3162
2 2285
1 7476
1 5596
1 577
2 8491
2 2397
1 2439
1 4352
1 9906
1 7505
2 5033
1 5673
2 4803
2 2746
1 2189
2 207
2 1428
2 3238
1 499
2 1211
1 2462
1 2214
2 9037
2 168
2 2733
1 2306
2 4547
1 2551
2 9731
2 5603
1 8800
1 5579
1 1653
2 1431
2 9203
1 8782
2 6108
1 6304
2 1583
2 1642
1 8677
2 1590
1 1756
2 2353
2 4721
2 8257
2 2036
2 8118
1 6134
1 2735
1 7158
2 401
2 9196
2 2180
2 1750
2 5119
1 8898
1 1733
2 1050
2 8847
1 9446
1 5836
1 6127
1 9974
2 5712
2 919
1 2162
2 9260
2 8536
2 2585
2 4632
2 3021
1 523
1 504
2 3638
2 4650
2 9546
1 7629
1 5961
1 1077
1 1035
1 6055
1 9904
1 9096
2 4134
1 1655
1 9373
1 1086
1 6649
2 901
1 9688
2 4616
2 4933
2 2619
1 6012
2 4666
1 8719
2 8533
2 8424
2 9724
1 3040
1 455
1 5775
2 2826
2 181
1 7319
2 7880
1 7988
1 1487
1 9486
2 8639
2 2830
2 6883
2 3979
1 3650
1 3200
1 5500
2 9744
1 8756
1 7831
1 1684
2 1075
1 3086
1 3475
1 9359
1 1071
2 8553
1 2664
2 6849
1 4944
1 1093
2 8733
1 3266
2 7210
2 5590
2 3471
1 1537
1 3187
2 2529
2 1407
2 4670
2 7140
2 8355
1 1808
2 9743
2 8141
2 6923
2 2234
1 2364
2 4702
2 8667
2 3194
1 6083
2 1598
2 250
1 7119
2 5044
1 7160
1 2997
2 6750
2 9894
2 2744
1 6890
2 1231
2 9248
2 6531
2 8267
2 3758
2 4865
1 1181
2 9249
2 7563
2 6841
2 4752
2 2551
1 1755
1 366
1 9324
2 4635
2 3797
1 184
2 1169
2 7024
2 9701
1 4
1 966
2 6574
2 1932
2 7925
1 470
2 9440
2 7166
1 8494
2 910
1 6149
1 1315
1 1866
2 1248
1 7153
1 8870
1 1284
2 2451
2 4393
1 8265
1 9359
2 7329
2 6746
2 1103
2 352
1 9160
1 2546
1 177
1 799
2 1865
1 7061
1 5194
1 5529
1 1292
1 2761
2 2379
1 2017
1 9738
1 4363
2 4999
2 5210
1 3729
1 2824
2 1159
1 1150
2 5043
1 6437
2 376
1 8299
1 72
1 6856
1 6168
2 9969
2 1799
1 5612
2 6365
1 2149
2 5665
1 8337
2 4510
2 9665
2 4199
2 1161
2 9432
2 1121
2 8303
1 6972
2 2074
1 6024
1 4546
1 3397
2 7721
2 681
2 2945
1 2787
1 2093
2 750
1 7980
1 6697
1 690
1 7029
2 5193
2 222
1 313
1 29
1 5939
1 2973
2 7668
2 125
1 3240
2 7766
1 781
2 8622
1 3658
1 3628
1 3023
1 3325
1 4110
1 2677
2 2715
2 9498
2 865
2 7486
2 885
2 7467
1 8382
2 7220
2 9061
2 7929
1 3737
2 4891
2 8614
1 7745
1 8119
1 1691
2 6122
2 4517
1 1140
2 7966
1 9828
2 9497
2 9900
2 2979
2 7661
1 359
2 4882
1 1311
2 2960
1 7835
1 4444
1 2502
1 685
2 5607
1 1044
2 2262
2 4730
1 8976
2 3481
1 9229
2 3389
2 6335
2 5148
2 8830
2 2099
1 1570
2 2771
2 3776
2 2637
2 328
2 714
1 1646
