13000
1 2869
2 9114
1 5264
1 5752
1 2409
2 5571
2 2941
1 4640
1 4916
2 9059
2 8325
1 7570
1 11269
2 4997
1 2580
1 8593
1 7840
2 4246
1 1750
2 5342
2 238
2 767
2 671
1 6458
2 923
1 1220
2 11596
2 12133
2 5071
1 10048
2 3296
2 4266
1 454
1 2263
1 952
1 6425
2 3496
2 7722
1 12071
2 2588
1 10201
2 8414
1 5642
1 674
1 3546
1 3317
1 7941
2 11479
1 9830
1 11644
2 6181
2 1250
1 2422
1 10731
1 508
2 3653
1 141
1 10873
1 5776
1 10385
2 3589
1 1933
1 964
1 10112
1 6096
1 4142
2 11981
2 6417
1 1104
1 8292
2 4278
2 12399
2 2912
2 4100
1 11237
1 11274
2 9712
1 12832
2 2740
2 12236
1 5461
1 11477
2 3056
1 4645
2 3942
2 1171
2 6606
2 3384
2 5761
2 4569
1 5193
2 5004
2 6436
2 10846
1 4573
2 7972
1 4676
2 8873
2 6271
2 9776
2 1577
2 4874
2 106
1 2593
1 8712
1 4486
1 508
2 11360
1 4056
2 6383
1 1463
1 6632
1 1341
1 6057
2 6953
2 1768
1 5264
1 4407
2 7629
1 1594
2 5869
1 4564
1 207
2 2711
2 1252
1 4282
2 4571
2 1808
1 5297
1 1495
1 359
2 4702
1 36
2 5747
2 3180
1 10611
1 10881
2 1019
1 11009
1 2847
1 2712
2 5425
1 2752
1 6284
2 1231
1 7849
1 10904
1 2010
1 10235
1 3605
2 9697
2 4916
1 4939
1 4802
2 10027
2 608
1 6669
2 5658
2 7791
1 5195
2 6375
1 1592
1 7932
1 2011
1 2287
1 1735
2 1811
1 4972
2 2315
2 2067
2 10835
2 4028
2 5435
1 2565
1 1863
2 7495
1 5505
2 6164
1 3483
1 4611
2 6856
2 11319
2 2547
1 9828
1 4058
1 1540
2 4708
2 5417
2 4096
1 8468
2 4144
1 8558
1 3478
2 972
2 6526
2 2368
1 3988
2 582
2 6391
2 3884
2 5295
2 12614
1 11539
1 3281
1 8590
1 5726
2 3666
1 2113
2 11157
2 12930
2 3188
1 12195
2 11973
2 4484
2 10993
1 2660
1 930
2 1721
1 3458
2 706
1 4860
1 10130
1 462
1 7
2 1255
2 6220
1 3061
2 10356
1 10947
1 7185
1 4697
1 8100
1 5948
1 1493
2 984
2 5900
2 5699
2 7513
2 3419
2 12442
1 5027
1 11227
1 5898
1 11003
1 52
1 1884
1 11774
1 6427
1 2876
2 1601
2 9101
1 12961
2 10673
1 10907
2 6425
2 2736
1 2041
2 8607
2 1610
2 640
1 5818
2 9518
1 7656
1 3058
1 7322
1 12686
1 9953
2 799
1 6664
1 3384
1 5993
2 4330
2 10641
1 6752
1 3573
1 3658
1 1477
1 224
2 10471
1 1225
2 1903
1 1356
2 8613
2 12752
2 96
1 1447
1 2330
2 10552
1 4252
1 9021
2 2324
1 3802
2 6875
2 5176
2 3044
1 3048
2 2314
1 2027
1 849
2 5738
1 4471
2 11410
2 12876
1 6314
2 8609
2 1816
2 5093
2 9168
2 3174
2 5286
1 9822
1 9535
1 4795
2 4547
2 4819
1 566
1 7071
1 8015
2 5160
1 1416
2 3456
1 4967
1 2507
1 740
1 4077
2 2436
2 1253
2 6509
1 6434
1 500
1 3917
2 3395
1 2256
2 1047
2 9709
1 10777
2 2154
2 8347
2 2419
2 10389
1 3297
1 240
2 2409
2 11452
2 3560
1 4045
2 10158
2 5739
2 3928
2 2026
1 1443
2 1902
2 4838
2 3563
1 9079
1 2805
2 2160
2 5124
1 3595
2 7962
2 6348
1 3471
1 791
1 4764
1 305
1 3903
1 4747
2 6719
2 5188
2 3193
2 4430
1 330
2 8541
2 11174
2 3971
2 10224
1 5519
1 9642
2 8222
2 2223
2 5379
2 2976
1 7628
2 2972
1 3429
1 2315
2 6345
1 4429
1 4085
2 1750
1 695
2 12077
1 4567
2 2390
1 3022
1 5524
2 1220
1 2435
1 9094
2 61
1 7400
2 11283
1 3622
1 1382
2 3522
2 7718
2 321
2 5715
2 1606
1 2282
2 5220
2 6891
2 2446
2 1513
1 4545
1 5201
1 4949
1 8879
2 1223
1 2893
1 2123
1 9677
1 6864
2 912
1 756
1 5624
1 5242
2 4204
2 11520
1 7946
1 5542
1 12034
1 9700
1 8927
1 8340
2 12249
1 8472
2 2962
2 965
1 6870
2 216
1 4222
1 3975
2 12926
1 10379
1 4669
1 1340
1 5782
2 10662
2 7221
1 4019
2 12395
1 11698
2 10646
1 6494
2 5139
1 4194
2 4621
2 11699
2 2178
1 8342
2 9660
1 11428
2 2790
2 2314
2 1823
2 4310
2 10092
1 1240
2 6073
2 4717
2 1087
2 11514
1 8869
2 3927
2 4432
2 969
1 3093
2 5380
1 11521
1 6521
2 4999
2 8653
1 4753
1 5850
1 9018
2 362
1 6276
1 1009
2 7750
1 4562
1 5280
2 4436
1 6417
2 2775
1 329
2 5386
1 12051
1 414
2 381
2 2057
2 9835
1 1316
2 4080
1 4357
2 6783
1 1668
1 1130
2 1928
2 3816
2 6578
2 7148
1 7325
2 12716
1 12427
2 6631
1 12468
1 12538
1 6163
2 2765
1 481
1 6993
1 7310
1 1349
2 9708
2 6674
1 3687
1 3803
1 2370
2 12537
1 2148
2 5510
2 8003
1 4185
2 3111
2 2713
1 2450
1 4373
2 10175
1 122
1 11585
2 9951
1 11229
2 6238
2 12026
1 11492
2 2495
1 3379
2 5126
2 12565
2 4369
1 8893
2 2274
1 10184
2 8879
1 9218
2 10909
1 9270
2 9956
2 8981
1 6644
1 5595
2 11086
1 11718
1 846
1 8441
1 12304
1 12696
2 6880
2 4661
2 5734
2 7594
1 5114
1 2528
2 3549
1 5984
2 2656
1 5599
2 8928
1 1895
1 5482
2 3844
1 6444
1 3332
1 2669
2 2539
2 6749
1 4261
2 4408
2 2893
1 12918
2 8246
1 2735
1 3688
2 6726
2 1862
2 9899
2 5773
1 2245
1 1663
1 9120
1 1057
2 8091
2 7650
1 77
1 4965
2 9602
2 192
2 10400
2 8390
2 5879
1 12994
2 5808
2 3733
2 6396
2 7138
2 7025
2 12192
2 9089
1 4776
2 9723
2 6152
1 1598
1 3598
1 9715
1 9129
2 10947
1 1716
1 3929
2 1964
2 1673
2 5093
2 3488
1 10120
2 302
1 776
1 11722
2 4525
2 68
2 12592
1 4825
1 11136
2 10418
1 11876
1 2294
1 6978
2 1618
2 5216
1 12158
1 10825
2 914
2 5906
2 3992
2 965
1 6867
1 7190
1 12113
1 1612
1 9477
2 906
1 12248
1 6719
2 3169
1 9315
2 1226
2 5491
1 1573
1 2774
2 5071
1 11088
2 1012
1 4759
1 10347
1 1725
1 3467
1 2590
1 214
1 4938
2 6421
2 11853
1 4196
2 573
1 9088
1 12411
1 6734
2 6478
1 4214
2 8021
2 3535
2 2683
1 10660
1 4903
2 3624
1 6589
2 8935
2 11343
1 9653
1 3728
1 1730
1 7899
1 7838
1 5687
2 2881
1 6118
2 9534
1 3662
2 7793
2 12335
1 1991
2 5358
2 5197
1 5721
1 12188
1 11884
2 6163
2 6972
2 1318
1 10842
1 12045
1 5243
1 6976
1 11805
2 761
1 3332
2 7370
1 3974
1 5857
2 4275
2 473
1 10705
2 748
2 6487
2 5350
2 4969
2 11971
1 11011
1 803
2 4297
1 4853
1 6159
1 6665
2 12596
1 5491
2 1645
1 2493
2 7359
1 6004
2 1116
1 494
2 6666
2 12082
2 7624
2 3041
2 5290
1 7355
1 2199
1 5253
1 5194
1 2370
2 10590
2 7543
1 10749
1 7683
2 4723
1 5551
2 2966
1 5730
2 10400
1 12489
1 1672
2 4949
2 4494
1 9893
1 8398
2 4694
2 3759
2 10927
2 11749
2 394
1 2987
2 1168
1 2404
2 2964
2 780
2 2259
1 1835
1 3706
1 10898
1 7353
2 6417
2 10823
2 10384
2 2566
2 3501
1 2744
1 6477
1 6769
2 2790
2 10223
2 11092
2 4008
1 2907
1 1467
1 5157
2 4482
1 3891
1 3582
2 353
2 10619
2 118
2 3733
1 11113
2 3091
2 9898
2 12179
1 248
2 10703
2 10519
2 4927
2 2133
2 7903
1 964
1 7953
2 6906
1 5862
1 4983
2 2290
2 11703
1 10181
1 5242
1 2897
1 4048
2 9392
2 5504
1 5246
1 2578
1 5320
1 6284
2 6851
1 9634
1 10847
2 10218
1 7269
2 1407
2 9399
1 4836
1 6136
1 4643
1 12900
2 10502
2 2977
1 5062
1 10749
2 4234
1 6113
1 19
2 2671
1 9141
2 5225
2 4504
1 7882
1 7200
1 3048
2 9074
2 8362
2 10353
1 9670
1 7575
2 11983
1 703
2 1741
1 123
2 4509
1 10881
1 12403
2 11396
2 6845
1 5824
2 5554
2 3501
2 2458
2 4632
2 503
2 5927
2 3893
1 3315
2 734
1 5435
1 7082
2 5998
1 8677
1 10833
1 1048
2 2698
2 7893
1 10900
2 8949
2 8189
1 12580
1 1580
1 360
1 1662
1 5949
1 2491
2 885
1 324
2 4150
1 10224
1 11564
1 8320
2 2305
2 8439
2 2370
2 4838
1 8700
1 583
2 3646
1 608
2 4705
1 3250
1 10030
2 1963
1 5318
1 1793
2 1008
1 8384
2 3958
1 3333
1 3337
1 12900
2 7359
2 1639
1 2257
2 6752
1 482
1 5025
1 12637
2 6682
2 3142
2 9419
1 4076
1 4395
2 5181
1 2224
1 11
1 431
1 4213
1 8038
1 4777
2 2432
2 456
2 3481
1 6371
2 58
2 4741
1 3336
2 9473
1 11520
2 1461
1 3334
2 94
1 2758
1 4847
2 8954
1 332
1 10718
2 2500
1 6168
1 9511
1 1635
1 1163
1 4662
2 6749
2 2505
1 5519
2 3776
2 11605
2 3875
2 5004
2 4916
1 11132
2 11187
1 7109
1 12222
1 577
2 461
1 153
1 6334
1 5003
2 2756
1 465
1 11477
1 10637
2 4116
2 11428
1 8340
1 393
2 4918
2 12780
2 437
1 4170
1 320
2 5846
2 6944
2 104
2 1490
1 5341
1 1559
1 5296
1 4482
1 6952
2 10226
2 3409
1 961
1 7631
1 12956
1 6201
1 6731
2 610
2 10203
1 8542
2 8355
2 10651
1 11956
2 4533
1 8245
1 5175
2 461
1 4326
1 10098
1 3248
1 12274
2 5894
1 7184
1 8974
2 11945
1 276
1 9807
2 9521
1 1493
1 10308
2 1181
1 8785
1 55
2 5759
1 154
2 1375
1 11776
2 2249
2 4973
1 12857
1 12584
2 5418
2 12733
1 6081
2 5346
2 6198
1 3033
2 12239
2 2902
2 11173
1 11385
2 682
2 10198
2 7579
1 4595
1 11411
2 11425
1 785
1 295
1 315
2 5579
2 1018
2 3050
2 12616
1 6947
1 5111
2 8319
1 3539
2 5163
2 2275
1 12281
1 6949
2 6660
2 9808
1 9387
2 9437
1 8608
2 11200
2 5217
2 10692
1 3326
1 4125
1 2988
1 2474
2 5649
1 5506
1 3769
1 4942
2 1065
1 4231
2 642
1 1825
2 12968
2 7185
1 2788
2 4171
2 6990
2 5848
1 9159
1 477
2 12750
1 10751
2 8529
1 2094
1 2535
2 807
1 1964
1 1551
2 9316
2 11724
1 9451
2 7454
1 12549
2 1454
1 2801
1 3166
1 6683
1 11802
1 12539
1 3965
1 4856
1 10903
2 10224
2 3077
1 12660
1 2649
1 8936
2 5332
1 6193
1 8433
2 1690
1 1156
1 11248
1 2763
2 3508
1 1116
1 6930
2 6127
2 4264
1 5101
1 4664
2 9569
2 6473
2 6062
1 12003
1 5585
1 5570
2 688
1 4437
2 3515
2 3655
1 12730
2 12246
1 4168
2 10962
2 8942
1 3808
1 4171
2 1727
2 8058
2 7179
1 10485
2 2385
2 4929
2 522
2 8785
2 4163
1 10224
1 10179
1 3793
1 6399
1 385
1 1459
1 9919
1 3402
1 434
2 6272
1 2557
2 2118
2 8279
1 6966
2 6310
1 10951
2 6636
2 8227
2 3546
2 1695
2 7909
2 7643
2 5358
2 8938
1 8230
2 9188
1 6233
2 3490
1 1530
1 3050
2 10136
2 12981
2 6240
1 6004
2 2283
2 9170
1 4386
1 4198
2 1574
1 4511
2 7645
2 2253
1 1026
1 726
1 4635
2 5942
2 9161
2 411
2 3468
2 7712
1 12173
1 10647
2 5384
1 4085
1 9970
1 10800
2 4575
2 8612
1 5759
2 8479
1 2777
1 5698
2 5057
2 10905
1 2142
1 3973
1 6159
2 2687
2 3632
1 12919
1 9487
1 10687
2 1844
1 4529
1 32
2 11984
1 9765
2 9422
2 12270
2 12633
2 4088
1 2995
2 3802
1 3891
1 2321
2 1902
2 11615
2 2858
1 5973
2 10924
1 3294
2 10136
2 4637
1 11177
2 7098
1 962
2 6986
2 11340
2 4133
2 752
2 1571
1 5584
2 2689
1 6434
2 104
2 1301
2 2000
2 4638
2 8595
1 2308
2 11380
1 67
1 6514
1 2222
2 800
2 2881
2 10895
1 5942
1 7285
1 3806
2 10616
2 12515
1 9454
1 11395
1 231
1 6351
1 1501
1 9325
2 7746
1 11675
2 763
2 7013
1 11268
2 2536
2 12364
1 5104
1 8810
2 2847
2 12736
1 2815
1 8135
1 5658
1 6156
1 3848
2 5913
1 10153
1 10223
1 6459
1 6594
1 12510
1 10357
1 2958
2 8152
2 12625
2 5471
1 5042
2 11525
1 7469
2 8585
1 20
1 480
2 11697
2 3995
2 1964
2 10170
1 432
2 1313
2 4737
1 12801
2 3601
1 1362
1 723
2 6313
2 11143
2 12109
1 9192
2 302
1 9466
1 1903
1 3312
2 523
1 7221
1 4822
2 12777
2 10310
1 878
1 1426
1 7012
1 5105
2 7626
1 6822
2 5453
1 11163
1 1742
2 5388
1 9023
2 4573
2 7150
2 1254
1 5686
1 5462
1 1914
2 222
1 10027
2 3903
2 284
1 2903
2 10932
2 3543
2 11691
1 8897
1 5817
2 937
1 5611
1 10288
2 2808
2 6201
2 2515
2 5086
2 10625
1 2938
2 3302
2 10301
1 3187
1 9851
1 8298
2 422
2 2453
2 10925
1 6348
2 453
2 12222
1 10631
2 4682
2 4434
2 5166
2 5067
2 10520
2 7050
1 1050
1 7422
2 5203
2 7804
1 8892
2 244
2 12529
2 4516
1 11513
2 7553
2 927
2 6763
1 5282
1 4377
1 7361
2 3725
1 12091
2 9521
2 1934
1 6657
1 5134
2 3291
1 12137
1 4093
1 12233
2 8694
2 9722
1 6808
2 4036
2 4348
2 4138
2 11214
2 380
1 338
1 2067
2 5144
1 5147
2 6164
1 11278
2 7113
1 8438
1 3479
1 1586
2 689
1 10301
1 5388
1 3284
1 1182
1 3495
2 12995
1 2369
1 12270
2 4867
2 11118
1 1942
1 1511
1 9456
2 3722
1 5232
1 9767
1 1381
2 5370
2 5581
2 4908
1 1442
2 6308
2 3657
1 4053
1 9270
2 4338
2 474
1 2071
2 6046
2 12473
1 885
2 4249
1 8852
1 5325
2 10165
1 912
2 9270
1 484
1 12939
2 2588
2 5299
2 1702
1 2337
1 4121
1 4777
1 2636
2 1495
1 12351
1 1026
2 9446
1 2598
2 795
2 11530
1 194
2 2271
1 4284
2 867
1 3020
1 1885
1 2766
1 6649
1 3881
1 4830
2 11138
1 487
2 6387
2 5255
2 3468
2 744
1 7041
1 8133
2 12091
2 6158
1 11260
1 4284
2 6957
1 8702
1 2738
1 244
2 3449
2 5018
1 966
2 399
2 1387
2 3398
2 6550
2 12820
2 2739
1 860
1 316
2 7895
2 6190
2 2944
2 9198
1 2511
2 5972
2 1140
1 1695
2 7647
2 321
1 9789
2 411
2 10518
1 5804
2 5396
2 318
2 2126
1 2738
1 9118
2 4182
2 4992
2 8636
2 10413
2 476
1 6503
1 12580
2 4645
2 240
2 7297
2 5405
2 8624
1 5018
2 1273
2 5952
2 10242
2 4537
2 12935
1 8984
1 10365
2 6447
1 822
1 5559
2 966
2 8883
1 7581
1 5206
2 2742
1 5094
1 5520
1 12497
2 3530
2 11039
2 3940
1 10568
2 12491
1 12136
1 6350
2 11423
2 487
2 5814
2 1148
2 9183
2 12847
2 1692
2 402
2 5811
2 1471
2 8393
2 6495
2 11020
2 11329
1 6997
1 10645
2 10654
1 450
2 200
1 8893
1 1857
1 1843
1 5883
2 2576
1 2416
1 12057
2 4229
2 1671
2 1517
2 2613
1 3952
2 7460
1 10043
2 12293
2 11138
2 5367
2 827
2 12369
1 5900
2 7818
2 6144
2 5479
2 3110
1 1661
1 6314
1 3584
1 6080
2 7595
1 9927
1 4497
2 2650
2 1939
2 10469
2 3499
2 12902
1 3488
2 7065
2 12971
2 6521
2 5081
2 3676
2 986
1 6622
2 8274
1 4720
1 5510
2 1226
1 2633
2 9471
1 8879
1 8977
1 2370
1 3405
2 8195
2 416
1 1595
1 4945
1 3066
1 2513
1 4537
1 1616
1 6515
2 9978
2 3057
2 2834
1 4590
2 12678
1 8831
2 5627
1 6624
1 6138
2 5755
1 2547
1 6274
1 1153
2 10079
2 1351
2 7738
1 3481
2 10706
1 8869
2 7984
1 12947
2 6361
1 4740
2 5698
1 9191
2 5000
1 1682
1 9328
1 5798
2 4181
1 12275
1 3833
1 5239
2 12198
1 6665
2 12148
2 2427
1 2798
1 6135
1 4056
1 6080
1 11124
1 1092
2 12685
1 4705
1 4547
2 2982
1 10961
1 9684
1 5499
2 2157
2 5140
2 9683
1 5407
2 908
1 3148
2 2164
2 8269
1 6603
1 5537
1 1753
2 161
1 1144
1 2322
2 1409
1 466
2 7289
2 3286
1 1445
1 5731
2 771
1 5620
2 803
2 12236
1 4583
1 11580
2 5055
1 5967
2 8743
1 3779
2 7701
1 11539
1 8853
1 5419
2 672
2 1508
1 4749
2 3393
1 1214
2 4409
1 942
1 4245
2 6113
2 8188
1 1541
2 11774
1 776
1 6814
1 12650
2 11571
2 6948
1 8056
2 4873
1 2587
2 76
1 10291
2 1906
2 4470
2 129
2 6009
1 1914
2 4177
2 2315
2 4738
1 12327
2 4278
1 10554
1 584
1 256
1 5362
2 4533
2 2275
1 1546
1 2157
1 11463
2 2126
1 11708
1 6365
2 3853
2 9112
1 1309
2 1116
1 5465
2 4116
1 10088
1 8845
1 5122
2 3106
2 12407
2 1947
1 9937
2 5963
1 1389
2 6986
1 1158
2 2856
2 6098
1 7324
2 8585
1 10868
1 7571
1 5133
2 1770
1 7878
2 2648
2 11288
2 7537
2 11224
2 6196
2 8888
2 6158
1 546
1 976
2 4951
2 7211
1 10872
1 11985
2 2131
1 5941
2 4343
1 5205
2 5523
1 6407
1 4268
2 3450
1 4190
1 2246
1 1574
2 6303
1 3245
2 5870
1 12279
1 3920
1 8404
2 4651
2 4071
1 8095
1 8574
1 12921
1 8809
1 2478
1 5982
2 1437
2 4219
1 9981
1 6958
1 12250
2 2362
1 2746
1 2563
1 3221
2 11820
2 12108
2 6559
2 3313
1 8445
1 992
1 3622
1 6980
1 5651
2 6460
2 10114
1 4431
1 49
1 2679
1 10719
2 2290
1 3632
2 12118
1 335
1 10582
1 11129
1 8408
1 7439
2 5514
2 852
1 3500
2 7936
1 10494
1 9084
2 3941
2 8183
1 499
2 6969
2 9541
1 6030
2 4817
1 3933
1 3295
2 4033
1 375
2 3999
1 9171
2 10921
1 9143
2 6099
1 838
1 11540
2 6414
2 2416
2 12336
2 8739
1 12873
2 11280
2 8692
2 435
1 11595
2 548
2 5859
1 4765
1 2544
1 5077
2 985
1 110
2 5230
2 7372
1 2775
1 2064
2 5462
1 11251
2 3255
1 6487
2 9831
1 1378
2 1723
1 3972
1 2259
1 12660
2 11775
1 181
1 6136
1 12663
2 2442
2 571
1 2760
2 12511
2 10649
1 995
1 2738
2 9491
1 12004
2 4478
1 4311
1 7302
1 8679
1 8081
2 7950
1 695
1 7234
2 8637
2 8872
1 2842
2 3385
2 3504
1 596
2 6469
1 6485
1 4490
1 7884
2 5884
1 12713
2 8337
2 183
1 10997
2 6590
2 5302
1 11829
1 7916
2 12519
1 2526
2 4918
2 11785
2 7262
2 3954
2 2859
1 10101
2 6205
1 6983
1 8811
2 3985
1 2726
1 10878
1 3360
2 12759
1 10116
1 2380
2 6839
1 11031
2 3975
2 4548
2 2043
1 7539
2 10796
1 12321
1 4203
1 3427
2 11707
2 2180
2 3815
1 746
2 1855
1 8588
1 7959
1 1150
1 12577
1 10225
2 1637
1 3900
1 2133
1 1087
2 11886
1 12210
2 4140
1 9762
2 12316
1 6140
1 12960
1 8636
1 39
1 3976
1 10331
1 6368
1 8839
2 10009
2 9249
2 4827
2 3388
2 5576
2 2409
1 910
1 4071
1 3326
1 9664
2 5821
1 5070
2 691
2 278
2 7171
1 7475
2 9042
1 1646
1 10516
2 11093
1 3419
2 10514
2 3417
1 4286
2 4040
2 11046
1 4103
1 8132
1 3600
1 12304
2 2024
2 4297
2 2295
1 8446
2 1169
2 6618
2 3684
1 5696
2 7811
2 1795
1 5905
2 10498
1 10250
2 5305
1 10359
2 4307
2 8592
2 10287
1 9720
1 6545
2 3
2 9970
2 4275
1 5042
2 12587
2 2661
1 4899
1 7420
1 12998
2 2598
1 4512
1 31
1 6739
1 6287
2 3316
1 5381
2 7042
2 12622
1 375
2 12417
1 12283
2 9341
2 8348
1 8829
1 2818
2 2411
2 7490
2 3226
1 4601
2 10136
2 6508
1 2244
1 9974
2 2437
2 6362
2 5996
2 2633
1 1986
1 3237
2 7980
2 4687
2 4606
2 12543
1 12262
1 5818
1 10067
2 8304
2 430
2 5526
2 10511
2 1658
1 3267
2 878
1 3444
1 7134
2 5746
2 12549
1 5441
2 11805
1 5514
1 8997
2 4239
1 3368
1 10313
2 11396
2 5564
2 4112
2 2798
1 530
1 188
1 3727
1 9005
2 9620
1 5403
2 9301
1 6903
1 8252
1 740
1 3412
2 9815
2 1782
2 5781
1 3388
1 2398
1 2532
1 8921
2 8360
1 5719
2 83
1 7604
2 7406
1 2196
1 5661
2 5122
1 7107
2 9935
1 5157
2 273
1 1573
1 722
2 4406
1 10507
1 1424
1 9624
1 10164
1 6389
1 6850
2 2937
1 12344
1 6330
2 10407
1 1682
1 5425
1 545
1 11573
1 9738
1 10566
1 2506
1 8504
1 3071
2 1749
2 11725
2 7247
2 1751
2 1623
2 10003
1 8686
1 2911
1 1761
1 9331
1 6178
1 8959
2 2237
1 11639
2 1000
1 12884
1 4535
2 5580
1 6567
1 4036
2 7321
1 5710
1 8673
2 5254
1 8615
2 6529
2 9069
1 3672
1 1379
2 9553
1 1200
1 2271
2 4186
1 4779
2 1664
1 8739
1 6765
2 12178
1 2447
2 7423
1 8865
2 1195
2 9510
1 6781
2 5152
2 10592
2 3744
1 11681
2 7334
1 10609
2 746
2 9417
1 5020
2 367
2 210
1 1675
2 664
1 12847
1 8653
1 4431
2 523
2 6261
1 8391
2 4408
1 10418
2 2054
1 4143
2 11872
1 2118
1 2093
1 4816
1 6041
1 10436
1 5399
1 6002
2 9613
1 7894
1 11527
1 7558
1 8527
2 10543
2 259
2 4302
2 2983
2 7131
2 1941
1 10170
1 402
2 805
2 5227
1 6180
1 9095
2 4703
1 11751
1 4477
2 7187
2 7621
1 4063
1 5022
2 8942
1 4330
2 12582
2 3368
1 10180
2 1130
1 2865
1 5932
2 3494
1 1823
2 8987
2 7500
2 3086
2 2764
2 1930
2 8992
1 4254
1 6261
1 11920
1 8322
2 8577
1 10813
2 5547
1 890
2 5665
1 12933
2 2221
1 11403
1 5463
1 5588
1 6325
1 4252
2 8430
2 666
1 788
1 2064
1 8641
2 4452
1 3896
2 4270
1 10080
1 915
1 7132
2 2009
1 10871
2 1445
2 6871
2 3729
1 2830
2 4098
1 2945
1 6281
2 10194
1 4152
2 5769
2 8407
1 4219
2 8919
2 9793
1 3032
2 3173
2 3958
1 2584
2 11937
2 8127
2 1541
1 79
2 8246
1 374
1 7752
1 2413
2 11295
2 2411
1 10067
2 6739
2 4838
2 5545
2 1952
2 3480
2 6274
2 5768
2 12482
2 9270
1 6583
2 5629
1 2366
2 1772
1 2508
2 5759
1 5213
1 3898
2 2380
1 8171
2 6291
1 8664
1 2029
2 3513
1 6683
2 6599
1 12340
1 181
2 9072
1 8718
2 8975
2 2680
1 10485
2 5199
2 8194
1 2620
1 9271
2 9007
1 6074
2 2667
2 870
2 9769
2 1613
1 4336
1 11688
2 5284
2 11280
2 1132
1 10981
1 10425
1 2007
1 11931
2 5996
1 4773
1 10633
1 5381
2 7276
2 1181
1 1921
2 6477
2 2532
1 3733
1 7591
1 3157
2 300
2 3824
2 364
1 7992
2 5233
1 5619
2 7354
1 47
2 869
2 5930
1 6370
2 7229
2 1660
1 12185
2 1731
2 3803
1 12777
1 11804
1 11930
2 2004
2 6095
2 12968
1 5468
2 8673
2 3585
2 272
1 6950
1 1831
1 11634
2 3993
2 2110
1 12500
1 6485
1 6238
2 5255
1 11710
1 7822
2 4333
1 12560
2 1044
1 7399
1 9391
2 7006
1 4531
2 3981
2 1436
2 2486
2 5154
1 6768
2 1157
2 5475
1 9398
2 12998
1 456
2 2870
1 5487
1 5488
1 10168
1 2001
2 4425
1 4500
1 10186
2 2812
1 3749
2 7938
1 753
1 11152
1 6669
1 5639
1 12779
1 454
1 5411
1 68
1 8642
1 12289
2 9618
1 7960
1 1148
2 6551
2 5115
1 6042
2 451
2 5661
1 8666
1 4264
2 9598
2 2792
2 3767
1 787
2 8317
1 4036
1 3061
1 11401
2 6617
2 4129
2 12094
1 11865
2 4530
2 3497
2 1613
2 9899
2 2975
1 11947
2 10051
2 6565
2 2322
2 7835
1 6483
1 62
2 3817
2 3552
2 1837
1 6232
1 2270
2 11813
1 4279
1 5534
2 832
1 2337
2 8071
1 5594
1 7784
2 6862
1 2922
2 457
2 6437
1 4413
2 3809
1 3397
1 11576
1 3345
2 2975
2 9202
1 8552
2 12800
2 7948
2 6497
1 11687
2 2413
1 1733
2 1832
2 5324
1 11960
1 2017
2 656
2 2583
2 1180
2 10325
1 7366
1 9216
2 1993
1 345
2 939
2 5248
1 1440
2 5809
2 8172
2 718
1 3793
1 549
1 3275
2 6819
2 1832
1 265
2 1764
1 2063
1 11691
2 2238
1 8320
2 2610
2 1942
1 12128
2 5965
1 3859
1 2168
2 10037
1 12020
2 741
1 5859
1 5276
2 9402
1 2493
2 4560
1 4916
2 10240
1 7541
2 7576
1 10673
1 9435
2 2612
1 620
2 1890
1 2861
2 4036
2 7014
2 6149
1 2721
1 3602
1 382
2 6210
1 4107
2 2578
2 7886
1 5276
2 8542
2 2072
2 12414
2 6595
1 340
2 12480
2 3097
2 9453
1 8433
1 8951
1 10526
2 10496
1 992
1 11344
1 10000
1 12545
2 1749
2 3192
1 2326
2 2953
2 9897
1 618
2 10564
2 3371
2 9754
2 5491
2 16
2 9463
1 2312
2 3463
1 166
2 4169
2 8489
2 4923
2 6324
1 2307
2 7550
1 4384
1 11991
2 1327
1 10868
2 9335
1 3996
2 1878
2 9611
1 3719
1 2519
2 3612
2 5234
2 2609
1 12960
1 3313
2 2745
1 10877
2 7537
1 11361
1 5230
2 1825
1 9658
1 12285
1 1777
2 1057
2 549
2 2416
1 1888
1 8290
1 2905
1 4403
2 7204
2 4654
2 3019
2 1754
1 497
1 12699
1 4153
1 6772
2 10362
1 7348
1 2094
2 5439
1 11163
1 11167
2 953
1 4858
1 2149
2 6205
1 8837
1 6633
2 365
1 10389
2 4682
2 4276
2 10957
2 12697
1 7651
1 10544
1 7434
1 10903
1 11014
1 3733
2 2237
2 6409
2 8279
2 7902
2 3498
1 12253
1 1869
2 10508
1 124
2 3062
1 9299
1 3444
1 654
2 3554
1 3121
1 396
2 5699
2 378
1 2753
1 1314
1 3528
2 6581
2 3386
1 5493
2 2693
1 7638
2 11008
1 2393
2 1440
1 1873
1 10658
1 7528
2 5201
1 5617
2 11786
2 8396
2 3126
1 10821
2 3329
2 8029
1 5697
2 542
1 8328
1 12961
1 10213
1 2539
2 896
2 5351
2 8677
1 10557
2 723
2 5220
1 12934
1 7651
1 913
1 11767
1 4672
2 4288
1 9236
2 7724
2 2600
2 5928
1 4460
2 6636
1 6032
1 1094
2 12868
1 938
1 6326
2 8377
1 6171
1 3896
1 4193
1 6083
2 6524
2 12641
2 1728
1 2576
1 5095
2 5228
1 1906
2 5285
1 4037
1 4479
1 4183
1 1999
1 2023
2 4154
1 3269
1 3599
1 11104
2 7144
1 6460
2 5948
2 4663
2 8289
2 3747
1 9113
2 8006
1 12618
2 9352
2 979
2 9813
1 12820
2 9413
2 3901
1 544
2 11049
2 4933
2 436
1 3380
1 2986
1 6667
1 1722
1 4366
1 8372
1 7723
1 7407
1 9165
2 11254
2 6407
2 4747
1 2763
2 4413
1 6251
1 6894
1 888
1 3336
1 8049
2 8721
2 3831
2 2140
1 6150
2 1602
1 5126
1 361
2 5235
2 7060
2 11266
2 371
1 1486
2 3572
1 7105
2 3898
1 782
1 645
1 2999
1 9794
1 12690
1 5509
2 7330
1 588
2 12923
2 2453
1 12213
2 12371
1 10517
2 4645
2 5377
1 12008
2 5490
2 9422
1 3055
2 9590
1 5975
2 6302
1 5063
1 463
1 11693
2 5472
1 3116
1 8405
2 1890
1 8754
1 10166
2 3618
2 5533
1 12445
1 10839
2 5025
2 4301
1 551
1 11430
1 1290
2 5275
2 8356
2 12607
1 8778
1 11955
2 10929
1 1521
2 5921
1 12007
2 10032
2 5542
1 442
1 2236
2 2056
1 12959
2 5222
2 12667
2 12738
1 2669
1 1338
2 265
1 3668
1 4145
1 1188
1 5511
1 12434
1 3710
2 12962
1 3387
2 704
2 761
2 6883
2 2070
2 10945
1 5944
1 243
2 12876
2 1859
2 1560
2 4771
1 615
2 288
2 7773
1 8015
1 5259
1 10919
1 3302
1 9047
1 2187
2 5769
1 886
2 735
1 347
2 11620
2 2708
1 5799
2 1693
1 4236
1 5516
2 10115
2 1932
2 3981
1 2700
1 732
2 4996
2 8858
2 10608
2 10293
1 12744
1 8929
2 8118
2 12943
1 786
2 5541
1 2843
1 4550
1 7918
2 6867
1 5428
2 10801
1 3671
2 10629
1 4573
1 5014
1 3561
1 6762
1 10438
1 2955
1 11973
1 2163
2 4545
2 2918
2 1537
1 5016
2 9542
2 2359
1 12893
1 10353
1 9367
1 6000
2 7103
2 1485
2 7436
2 4900
2 5304
1 8759
1 768
1 10365
2 772
1 5724
2 6289
1 4892
1 3846
1 4766
1 4692
1 2973
1 6874
2 6164
2 1999
2 1849
2 4561
2 10376
1 12238
2 114
1 417
1 8056
2 10199
1 1898
2 1450
1 533
2 1373
1 10893
1 1650
2 4791
2 2137
1 10490
2 3569
2 2526
1 7108
2 10166
1 3230
2 698
1 9222
1 3185
1 128
2 1245
2 8586
2 6567
2 4942
2 3748
1 7976
2 1520
2 10352
1 9882
2 3882
1 1368
1 6940
2 2037
2 9431
1 12104
1 9042
2 7422
2 1627
1 5579
2 12232
1 653
1 11229
1 10945
1 2438
1 8811
1 5879
1 11808
2 5315
2 7614
2 1714
2 87
1 6318
1 3513
1 6680
2 4593
2 1502
1 3049
1 3032
1 3856
2 4323
2 4841
1 3381
2 9191
2 6322
2 10439
2 9151
1 3342
1 4589
2 3125
2 2512
1 50
2 5009
1 1873
2 4568
2 3882
2 10542
2 965
2 3178
2 12995
1 434
2 6679
1 101
2 6926
2 5759
1 4866
2 6316
2 8469
1 10440
1 4756
1 4215
2 8433
2 3832
2 9566
1 5791
1 4015
2 6396
2 8663
1 7886
1 1901
1 6699
1 2665
2 6564
1 914
2 8293
1 3258
1 1163
2 2764
1 8201
2 956
1 2252
1 1816
1 5150
2 6950
1 11104
1 6182
1 12251
2 1985
1 10920
1 762
2 3262
2 5635
1 6493
2 10907
2 3625
2 1680
1 9017
2 816
1 5912
2 1492
1 780
2 10918
1 4061
1 10914
1 12400
1 11931
2 2317
2 4072
2 3637
1 5207
1 4584
2 1904
2 2430
1 1974
2 6100
1 2169
1 12057
1 1879
2 3442
2 8468
1 8603
1 12656
2 6856
2 144
2 915
1 3551
1 8061
2 1727
1 1882
2 12794
2 5936
1 9558
2 12897
2 10376
1 8514
1 3360
2 2787
2 710
1 1855
2 6427
2 4998
1 4908
1 6010
2 12242
1 190
2 8325
1 6846
1 1394
1 2914
2 2498
1 5597
2 1229
1 2790
2 6951
2 5724
1 11586
2 7911
1 1788
2 5653
2 7635
2 8290
2 9694
1 11988
2 4877
1 12846
1 3412
1 2514
2 4644
1 9109
1 10010
2 6373
1 2284
1 7334
1 17
1 8646
2 5321
1 8934
2 5573
1 7026
2 10832
1 6779
1 12598
1 9363
1 99
1 823
1 1832
1 6988
2 7345
1 5531
1 11427
1 223
1 412
2 3530
2 4179
2 12130
1 8082
1 12689
2 3312
2 4670
2 10020
2 1134
2 7439
1 11951
2 522
1 10422
1 3464
1 12047
1 3645
2 11605
1 1039
1 3435
1 1075
2 4370
1 1123
1 2004
2 1759
1 6128
2 5866
2 8151
1 11262
2 1743
2 2122
2 53
1 10219
1 5272
2 11761
2 11348
2 10956
1 805
2 6446
1 3668
1 4594
1 4014
2 2990
2 10747
2 6637
2 10117
2 400
1 6146
2 12262
1 8067
1 5962
2 2478
1 3796
2 5793
2 12170
1 168
1 12503
2 6816
2 4469
2 3869
1 3720
2 57
2 5147
2 2734
2 5599
2 8574
1 6104
2 11241
2 8131
1 8487
2 5797
2 4582
2 3390
1 12982
1 3270
1 5611
1 2974
2 6195
2 3754
2 2961
1 1677
1 7801
2 1662
1 7717
1 3121
1 4231
2 1145
1 4655
2 3549
1 6312
2 12441
1 4110
2 8559
1 2211
1 3693
2 3011
2 9944
2 5107
2 2721
2 10025
1 10623
1 11648
1 5038
2 9635
1 4510
1 7957
1 12039
1 8470
1 8027
1 745
1 11676
1 5963
2 3473
1 4438
1 5611
1 5791
2 10956
1 9788
2 12146
2 11810
1 7193
2 5190
2 8967
1 3531
2 6163
1 5484
2 3032
2 5242
1 4799
2 2392
1 1275
1 3069
2 6833
1 2049
2 3919
1 4668
1 9980
1 3939
2 3673
1 8637
1 10910
2 12773
1 4864
1 7936
2 618
2 6922
2 5898
2 12724
1 4661
2 3184
2 1117
1 3200
1 881
1 1180
2 2614
1 12635
1 605
1 4308
2 5589
1 4173
1 7322
1 5100
1 4278
1 1587
2 7776
2 833
2 11810
1 4367
1 4903
2 6313
2 629
2 5574
2 3583
1 12673
2 166
2 11817
2 5464
1 8885
2 225
2 9460
1 3442
2 756
1 5384
2 7938
1 4447
1 7321
1 11566
2 12542
1 5572
2 3268
1 3635
1 10931
1 5291
2 2055
2 4627
2 413
2 1852
1 7065
1 9230
2 1342
1 4304
1 4078
1 3817
2 7827
2 1692
1 5916
2 11580
2 10388
2 980
1 40
2 2682
2 5256
2 3357
2 2991
2 125
1 7054
1 1034
1 1574
2 11623
2 757
2 11064
2 3027
1 130
2 492
1 2866
2 4161
2 5368
2 11299
1 6309
2 2887
2 12316
2 10281
1 53
2 3154
2 3463
1 1859
1 10199
1 1895
2 3956
2 6587
2 5749
2 18
2 10973
2 7055
1 4381
1 6457
1 9667
1 10966
2 4242
1 4281
1 1202
2 4166
1 5305
1 1401
1 6578
1 3217
2 821
1 5938
2 5631
1 3075
2 2780
2 6061
1 7818
1 4022
2 6640
1 5541
1 12943
2 2982
2 11983
1 6080
2 3757
2 12966
1 9507
2 5299
2 6952
1 11113
2 9338
1 4875
2 9722
1 169
2 10751
1 12636
2 1870
2 1043
2 4296
1 5822
2 5635
1 7617
1 10086
2 12595
1 1696
1 12959
2 2816
1 5498
2 5642
2 10791
1 9704
2 3623
2 3247
1 10125
2 12004
1 8633
1 2367
1 6459
2 4838
2 2211
1 1325
2 4606
1 11437
2 1580
2 4850
1 4311
1 858
2 1214
2 12579
2 4739
1 9260
2 1106
2 9878
2 11284
2 5436
1 5651
1 12457
1 10318
1 1049
1 12727
2 5003
1 2891
2 4501
2 6169
2 217
1 6367
1 6142
1 2025
1 6482
2 5852
1 711
2 770
1 1947
1 10327
1 6733
1 10060
2 9764
1 4425
2 4546
1 6208
2 8593
1 12759
1 3965
2 1454
1 1962
2 8962
1 3495
2 9546
2 1964
1 6368
1 1728
2 3658
2 3341
1 8546
1 2136
2 5562
2 8148
2 10404
1 12894
2 1881
2 6951
1 7848
1 3245
1 305
2 5987
2 8683
1 1970
1 883
2 9255
2 4158
2 1575
2 2192
2 8633
2 6758
1 8331
1 4145
1 160
1 5012
2 12344
2 5800
1 1576
1 2710
1 19
2 9053
2 12873
2 596
1 10864
2 10570
2 7112
2 11548
1 7835
1 7439
2 11541
2 5231
2 1640
2 10831
2 2067
2 2698
1 12436
2 537
2 11803
1 10006
2 2161
1 6128
2 7730
1 3472
1 6663
2 3611
2 6894
1 945
2 3373
2 5854
1 8109
2 4327
1 172
1 11591
1 4502
2 498
1 3325
1 578
1 7638
1 2496
2 3229
1 2093
1 10564
2 7170
2 1480
1 5677
1 893
2 5548
2 5875
2 5591
2 2201
2 153
2 137
1 11823
1 11068
2 3789
2 12647
2 11205
2 8206
2 7353
2 9592
2 4227
1 7691
1 6051
2 3586
2 3033
1 3980
1 323
1 775
2 10353
2 9564
1 11559
2 1189
2 4851
1 5020
1 6983
2 5502
2 7321
1 3552
2 7258
2 10576
2 3532
1 8160
1 327
2 4646
1 4006
2 1215
2 5213
1 3822
1 7822
1 6519
1 12748
2 9697
1 12359
2 9603
2 12866
1 8278
1 5057
2 1443
1 8527
1 1319
1 6279
1 3652
2 5433
1 442
2 4799
1 5526
1 840
1 57
2 2629
1 1516
2 8003
1 7282
2 3928
2 2008
1 1713
2 3288
1 2483
1 2588
2 1865
2 105
2 4278
2 873
2 1723
1 10694
1 5539
1 6740
2 6604
2 8878
2 2657
1 9644
2 4718
2 6979
2 3356
2 3278
1 6198
2 9331
2 7947
1 5777
2 1292
1 345
1 7848
1 8338
1 4575
2 5050
1 7268
2 4689
2 4574
1 5744
1 11216
2 4522
2 4784
1 11801
1 1773
2 12925
1 8021
2 3745
2 1437
1 8382
1 12018
1 10172
2 10744
1 12486
1 3585
2 9629
1 736
1 11664
2 6015
2 1123
2 3917
2 3389
2 5044
2 12486
1 3074
2 3025
1 2846
2 10086
2 3886
1 995
1 5791
2 12076
2 11012
2 4897
2 7554
2 6831
2 11124
1 2714
1 3770
1 9393
1 8111
2 7426
1 10939
1 6791
2 8614
1 9721
2 3967
1 10757
1 956
1 3188
2 1498
1 10159
1 5488
2 5594
1 4343
1 12681
2 10788
1 12129
1 145
1 5984
1 6736
1 6175
1 12394
1 5966
1 12600
1 12817
1 1448
2 8498
2 225
1 5432
1 2946
2 12030
1 3696
1 150
1 8351
2 3520
2 4412
1 10717
1 1320
1 2233
1 8863
1 7609
1 4042
1 2937
1 7977
1 3241
2 2661
1 281
2 11085
2 1122
2 2879
1 5183
2 6690
1 5020
2 8265
1 7245
2 3018
2 699
2 7120
2 10723
2 6430
1 6583
1 9910
1 6201
2 3017
2 5452
2 12087
2 1221
1 3433
1 2763
1 7485
2 5851
1 993
1 11767
1 10260
1 800
2 4930
1 3561
1 12550
2 10254
1 7213
1 3861
1 1072
1 4275
2 3162
1 5474
2 7203
2 5826
1 12764
2 2574
1 8540
2 10808
2 4403
2 8591
1 173
1 9064
2 10745
1 6611
1 1130
1 4680
1 285
1 1458
1 4916
2 6178
2 1963
2 6423
2 12313
2 3012
2 5202
2 10402
1 10410
2 2952
2 12036
2 11280
1 1132
2 2701
2 6794
2 5866
1 6088
2 2308
1 2877
2 11162
2 363
1 8907
2 4958
2 4265
2 4095
1 8397
1 8400
1 2756
2 9848
1 8528
2 800
2 7090
1 11687
2 5774
2 8076
2 4951
2 6282
2 4918
1 1265
2 4997
1 2562
2 344
2 2267
2 5238
1 12852
1 3283
2 4537
1 1138
1 5185
2 5835
1 3318
1 8495
2 6094
2 9091
1 2529
1 8492
1 2884
2 8360
1 654
1 9934
1 3689
2 4550
2 6355
1 3027
2 4021
1 2208
1 11180
1 10577
1 4094
1 5244
1 3047
2 4192
1 11173
1 8013
1 3769
2 2668
2 3639
2 12767
2 12727
2 2620
2 8141
1 4007
1 1661
2 6526
2 84
1 5281
2 7931
2 7849
2 8205
2 3495
2 2331
1 8040
2 10254
1 6608
1 2477
2 8790
1 12991
1 11039
1 811
1 4445
2 1830
2 6104
1 2485
2 8989
1 9795
1 2695
1 22
1 5195
2 9285
1 7441
1 5316
1 5256
2 8988
2 6504
1 8100
2 6518
2 6373
2 1011
1 2596
2 4222
1 1265
1 10428
1 4568
1 6357
2 8525
2 256
1 4078
1 7746
2 8051
2 10603
2 8353
2 9009
1 11952
1 12993
1 9506
1 3467
2 1365
2 2974
1 3890
1 10524
1 3966
2 279
2 12177
1 604
2 4606
1 391
2 3978
1 1191
2 6081
1 9971
2 3573
1 3421
1 12424
2 4470
2 9188
2 4010
2 104
2 6125
1 9686
1 183
1 7811
1 9156
2 9807
2 12183
1 10238
1 2024
2 9814
1 1091
2 5202
1 4819
1 5085
2 12974
2 9939
2 339
1 7261
1 3378
1 8796
2 8347
1 6256
1 5345
1 2944
1 9696
2 5829
1 7333
1 4194
1 2781
1 7327
1 4049
2 9207
2 2464
1 1446
1 1701
2 959
2 5339
2 4324
2 10422
1 2919
1 10924
1 6569
2 11
1 3938
1 7581
2 4008
1 4018
1 1379
2 1364
2 6904
1 11905
1 11668
1 11204
2 1972
1 11165
2 4619
1 7106
2 12876
1 2534
1 168
1 6138
1 809
2 12369
2 11432
2 3672
2 10653
1 12589
2 5565
2 7406
2 672
2 10870
1 4771
1 2805
2 11476
2 157
1 10661
2 996
1 2834
2 3974
1 1078
2 12410
2 4827
1 1361
2 1024
1 11874
1 8088
2 682
1 1841
1 6274
2 6682
2 3913
2 1857
2 11931
1 539
1 5482
1 11765
2 1532
2 6451
2 3214
2 4623
2 464
1 4236
2 10520
1 9027
1 9163
1 1694
1 5913
2 1771
2 9880
2 1964
2 4852
1 2444
2 6918
1 4364
2 2842
1 5976
1 4190
1 5947
2 11848
2 2266
2 7351
2 11064
2 4277
2 621
2 1706
1 1572
1 9052
2 11805
1 9911
1 6600
2 12328
2 9436
2 12534
1 4015
1 2978
1 4998
2 6110
1 2463
1 4741
2 3357
1 10970
1 10876
2 435
1 2270
1 1247
2 6005
2 4525
1 1322
1 4599
1 5742
1 7463
2 9631
2 7641
1 684
1 6050
1 10436
1 5623
2 1812
1 6360
1 3000
1 1358
2 549
1 10835
1 9228
2 2721
2 5393
2 11238
2 10844
1 11607
2 9639
1 491
2 4818
1 9849
1 2900
2 1963
1 195
2 7837
2 6318
1 4737
2 3712
2 6397
1 8047
2 5712
2 5054
1 1064
2 12360
2 7736
2 3431
1 5224
2 2548
1 2765
1 487
2 2739
2 12288
1 11488
1 2839
1 12050
2 4674
1 9676
1 3413
2 8533
2 3231
1 7161
2 5706
2 9253
2 7283
2 4293
2 12779
1 3512
2 12021
1 11422
2 6641
2 33
1 3824
2 2162
2 12577
1 10925
1 1524
2 5527
2 6581
2 10903
1 8986
2 1851
2 8712
2 12069
2 4732
2 4422
2 4958
2 12624
1 6706
1 8282
2 1402
1 8616
1 11862
2 2602
1 2726
2 1766
2 10889
2 4592
1 7431
1 7480
1 7220
2 9909
2 7525
1 4801
2 6112
1 1461
2 6551
2 5143
1 4990
1 11464
2 5014
1 10435
2 8880
2 2211
2 10045
1 11516
2 2406
2 2389
2 1424
1 6468
1 7258
1 666
2 354
1 7737
1 2540
1 6507
2 7892
2 3125
1 10199
1 4484
2 173
2 3334
2 4866
2 8141
1 6629
2 4919
1 6408
1 5945
1 10481
2 7022
2 10960
1 8202
1 6474
2 1748
2 669
1 659
1 8934
1 5328
2 992
2 8525
1 693
2 4684
1 5481
1 10355
2 6501
1 10854
2 3354
2 4030
1 4910
1 5913
1 11308
2 7905
1 4183
2 3513
2 2063
2 4446
1 7600
2 450
2 4750
1 1031
2 12254
2 10482
2 3713
1 7782
2 8554
2 11618
1 5410
2 3093
1 745
1 1138
2 11480
2 3351
1 1605
2 9298
1 3375
1 4421
2 1851
1 849
1 7846
1 8098
2 12564
1 12330
2 10696
1 9712
1 9484
2 4610
1 11764
1 6768
2 4470
2 7307
1 11868
1 8286
1 3142
2 12828
2 10449
2 6394
2 12765
2 11438
1 1238
2 12025
2 3464
2 3729
1 9784
2 9233
1 6385
2 12181
2 93
1 6393
2 12405
1 2449
2 5106
2 3863
2 7788
1 2496
1 1995
1 7608
2 3253
1 6063
1 5071
1 6667
1 351
2 6320
1 8569
2 126
2 9497
1 1211
1 2985
2 2544
1 10467
2 2519
2 2977
1 7349
1 11922
2 1501
2 1200
1 6694
1 336
2 1821
2 4402
2 9878
2 7706
2 4767
2 1141
2 4253
1 3136
1 5148
2 7150
1 2681
1 1512
1 10698
1 7938
2 12088
1 9044
2 7171
1 11814
1 11119
2 9591
1 5703
1 1752
2 11655
2 2636
2 1485
2 2299
1 11347
2 11335
1 11702
1 6870
2 11867
2 11682
2 9091
1 1918
1 11868
1 6450
1 6530
2 11576
2 7421
1 1543
1 12333
2 560
1 12403
1 4439
2 5490
2 4468
1 2126
2 8195
2 3692
1 9177
2 7450
2 10545
2 456
2 10798
2 535
1 401
2 9649
1 6724
1 10682
1 10072
2 9733
1 12324
1 11505
2 264
1 10014
1 1409
2 12739
2 4181
2 3618
2 3417
2 7062
2 8793
2 7555
2 4169
1 5095
1 8289
2 6263
2 1382
2 3957
2 4302
1 5561
1 10852
1 3918
2 3630
2 2543
1 5323
2 3841
2 11504
1 11402
2 7925
2 1098
1 6348
1 6609
2 12705
1 8745
1 6768
1 9462
2 2027
2 2715
1 7132
1 991
2 4754
1 792
2 1823
1 3166
2 11609
2 11227
2 7007
1 6226
1 8247
2 9678
2 1549
2 6076
2 4414
1 11939
2 8966
1 5882
1 2375
1 7612
2 7540
2 7520
1 957
1 2027
1 1763
1 3730
2 310
2 10106
1 4036
2 8923
2 12541
1 1941
1 4613
1 1297
2 9130
2 2075
1 6183
2 7599
2 12592
2 5889
1 3615
1 1433
2 6319
2 695
2 12662
1 2452
1 6824
1 7849
1 11057
1 1011
2 9387
2 7504
2 3018
1 8931
2 3492
1 2982
1 1301
1 5344
2 9281
2 11957
2 7291
2 270
2 5566
1 640
1 1786
1 2729
1 5634
1 8528
2 11811
1 7741
1 751
1 6553
1 11291
1 11630
1 11398
2 1874
1 2827
1 985
2 5656
1 3065
2 4024
1 7850
2 4942
1 9325
2 2300
1 3411
2 3818
1 3626
2 12794
1 6620
1 5916
2 1048
2 8606
1 5293
2 2870
2 12188
1 1499
1 1166
2 272
2 1382
1 5259
1 5792
2 4797
1 7537
2 290
1 105
1 10972
2 1391
2 4539
2 5123
1 4336
1 12386
1 11906
1 10701
1 2705
2 8731
2 128
1 1353
2 6608
2 12703
2 2227
1 11805
2 4590
1 7053
2 3435
1 8562
1 9838
2 7578
1 2678
1 2104
1 8670
1 10485
1 1925
1 7336
1 4827
2 315
2 3557
1 5832
1 8378
1 3804
1 8446
2 8163
1 3975
2 1996
2 2287
2 10254
1 490
2 4763
1 865
1 4068
2 149
2 3878
1 10199
1 2531
1 3832
1 3187
2 3620
1 5869
1 3005
1 185
2 1405
2 7656
1 10836
1 10302
1 1899
1 2110
2 10855
2 5206
2 4346
2 12405
1 10335
1 10827
2 8581
2 7320
1 1766
1 6463
2 5976
2 3276
2 5731
2 12844
2 5484
1 2180
2 2113
2 12429
1 8926
2 3350
2 6088
2 6123
2 4616
2 2084
2 6987
2 6233
2 3375
1 9780
1 2624
1 5215
1 7580
1 2465
2 2979
2 7451
2 2835
1 12495
1 7179
2 7787
2 1823
1 2658
1 4515
2 11204
2 3556
1 10224
2 3243
2 6015
1 12115
2 10002
1 7557
2 5254
2 9
1 2127
1 2584
2 8843
1 5264
2 11697
2 11320
1 6866
1 4133
2 4358
1 9276
1 1922
1 12288
2 10601
1 9910
2 1368
1 2583
2 9462
2 5631
2 8860
2 1972
2 10089
1 9952
1 11786
2 12298
1 8632
2 458
2 12162
1 2500
2 11925
2 1383
2 4632
2 1431
1 3645
1 1999
1 1485
2 7251
1 7347
1 1620
2 12076
1 3141
1 9885
1 1183
2 11038
2 12192
1 12870
1 5512
1 4431
2 9463
1 2747
1 9025
1 6143
2 5908
1 10446
2 5116
1 393
1 325
2 5422
1 8193
1 4863
2 7001
1 2493
1 4649
1 3460
2 1792
2 8768
1 9629
1 3568
1 3185
2 3522
1 12656
2 8704
2 2713
1 1938
2 10353
1 796
2 6842
2 12009
2 6034
2 4727
1 1033
1 8173
2 4851
1 810
2 7128
2 408
1 736
1 11058
1 4674
2 4129
1 7878
2 5773
2 594
1 5098
1 9027
2 11017
2 5540
2 3048
1 851
1 5229
1 7754
1 11863
1 10811
2 7277
2 8544
1 12548
2 12874
2 1042
1 12176
1 6832
2 4571
1 12960
2 2935
1 5948
1 8909
1 4191
1 9814
1 12807
2 10386
1 3731
2 12699
2 5441
1 3563
1 7164
2 1173
2 7516
2 9035
1 7198
2 1812
2 350
2 192
1 12450
1 566
1 7857
1 11621
2 7635
2 9946
1 4291
1 8523
1 6010
1 7977
1 6846
1 4371
2 4219
2 12496
1 5664
1 2453
2 4997
2 1233
1 11556
1 5260
1 12982
1 8903
2 6663
1 9448
2 5229
1 2948
2 1444
2 3115
2 7518
1 8054
2 12225
2 3332
1 2905
1 2542
1 3144
2 703
1 539
2 12616
1 1895
1 6155
2 6547
2 3950
1 10864
2 4762
2 2207
2 9589
2 529
1 8053
2 1021
1 4262
1 3485
1 11933
2 4458
1 7174
2 1714
1 3579
2 5239
1 10814
2 121
2 12322
2 5406
2 6636
1 6769
1 8263
2 1809
1 57
1 12212
2 12824
2 12364
1 5865
2 8008
2 11778
2 3118
2 5878
1 8624
1 2225
1 1780
2 4005
2 12600
1 196
1 742
2 6166
1 5044
1 1598
2 6496
2 5016
1 7130
2 158
2 2850
2 5980
2 1475
1 1792
2 2840
1 2006
2 8535
1 4434
1 6603
1 7799
1 934
1 1368
1 7334
1 2157
1 1591
2 8248
2 106
2 3697
1 12476
1 10159
1 642
2 2687
1 9084
1 1450
2 1952
2 11130
2 9528
1 7597
2 10742
2 3318
2 10599
1 3232
2 10638
1 12572
1 51
2 12349
2 19
1 9298
1 12153
2 2836
2 9733
2 4840
2 4101
1 1103
2 5593
2 3268
2 4523
2 8342
2 4742
2 3191
2 11623
1 11508
2 12882
1 8126
2 6342
2 5535
1 131
2 5881
2 618
1 1124
1 6534
2 5815
1 2658
2 7233
2 4491
1 12336
1 6240
1 2898
2 5687
2 194
2 2641
2 5381
2 1873
1 173
1 6281
2 11181
1 3597
2 2431
1 8764
2 1147
1 7341
1 1064
1 5414
1 6136
2 3971
1 1263
2 3276
2 9556
1 6071
2 7604
1 4913
2 1986
1 12055
1 395
1 9994
1 9978
1 3218
1 9631
1 7818
2 726
1 6508
2 2829
2 630
2 4365
1 2542
2 5101
2 3266
2 7603
1 8491
1 1957
1 10195
1 6207
2 8900
2 3101
2 2819
1 3524
1 461
1 4892
1 10016
2 464
1 1717
2 9793
2 12325
1 1680
2 9338
1 4331
1 10143
1 12666
2 2474
2 12202
2 2713
1 4273
2 11763
2 2419
1 4673
2 1165
1 1340
2 2080
1 12928
2 8752
1 4266
1 774
1 7542
2 5842
1 7037
1 5469
2 9956
2 10302
2 7360
2 5651
1 1
1 1363
1 5164
1 3098
2 9918
2 6476
2 3565
2 11741
1 3793
1 12577
1 7532
1 11407
1 4701
1 1827
1 7579
1 6797
1 8864
2 1076
1 4788
1 9718
1 10756
2 10396
1 4298
1 7962
1 2919
1 12829
2 2215
2 8256
1 9260
1 9416
1 5989
1 335
2 8287
2 5974
1 4588
2 7550
2 1140
1 7872
1 10074
1 7131
1 713
1 4679
2 1582
1 1992
1 11175
1 4293
1 3236
2 1713
2 4989
1 6010
2 3021
1 3704
1 8389
1 4920
2 11812
1 9450
1 1822
2 3791
1 11282
2 863
1 6848
2 7498
1 7050
1 2117
2 2619
2 10864
2 5086
1 7029
2 5288
1 5907
1 7512
1 10621
1 8358
1 12253
2 9666
2 1316
1 3678
1 6726
2 5167
1 1233
2 1215
2 1495
1 2559
2 8877
1 7316
1 1091
2 1183
2 1316
2 12593
1 3968
1 2470
1 8841
1 11690
1 1026
1 11633
1 7255
1 11283
2 3520
1 7832
2 2336
2 6577
1 11310
2 4448
2 481
2 4264
2 10497
2 1439
1 4124
1 12370
1 798
2 2346
2 4109
1 8023
1 1908
2 6538
2 1461
1 6175
2 4293
1 2171
1 2259
1 1730
1 2984
1 12396
1 9126
2 3368
2 9098
1 11210
2 9692
2 2025
1 6513
2 11156
2 9582
2 5071
1 4887
1 6064
2 9833
1 1583
1 3461
2 1941
2 1774
2 5796
2 7566
2 1207
1 5171
2 811
1 6312
1 7943
1 5761
2 6456
2 4062
1 1616
2 1588
2 10344
1 80
1 2523
2 1270
2 10621
2 8961
1 6867
2 12452
1 3133
1 1096
1 10002
2 9799
1 3682
1 3600
1 1162
2 3948
2 11156
2 12113
2 597
1 2012
1 579
1 5164
1 4262
1 3173
1 4133
2 3083
2 3677
2 10999
2 30
1 5246
2 10047
1 5000
1 11163
2 4647
2 2699
2 7441
1 30
2 6711
2 9310
1 8943
2 8349
2 3071
2 2696
2 403
2 2475
2 8024
2 7925
1 9178
2 7133
2 963
1 2677
1 9197
2 11031
2 8418
1 11173
1 12178
1 12084
2 3749
2 260
1 3017
1 1921
1 10382
2 1302
2 1808
1 6299
2 2925
1 924
1 1192
2 6565
1 5061
2 6626
2 8958
2 731
1 12925
2 3416
2 890
1 5433
1 2352
2 8922
1 3795
2 6053
1 10749
2 4376
1 5074
1 2312
2 2232
2 11454
1 11170
1 3449
1 3991
2 292
1 3270
1 4002
1 5621
2 11375
2 4475
1 1249
1 3771
2 7279
2 5226
2 3576
1 4410
1 3288
1 5904
2 6254
1 7994
2 11025
1 1909
1 5316
2 6926
2 2567
2 1688
2 2369
1 5982
1 4195
1 769
2 7430
1 7660
1 4768
1 8518
1 5627
1 2335
2 4062
2 3831
2 992
1 12195
2 8410
2 1778
1 4356
2 6959
1 2995
1 5559
1 33
2 702
1 6614
1 9573
2 7974
2 7999
1 6931
1 10491
2 12341
1 12172
1 3662
1 6592
2 5850
1 7630
2 5095
1 3492
2 11314
1 3376
1 12859
2 8669
1 3633
2 159
2 7937
2 155
2 5067
2 3257
2 8629
2 12947
1 8116
1 1579
2 5456
1 11896
1 8288
1 569
2 8078
1 373
2 12100
2 3274
1 2463
1 4285
2 570
1 12433
1 11158
1 6395
2 10417
2 6742
2 5581
2 5138
2 1739
1 9899
1 3159
1 6991
2 5102
1 2759
1 5437
2 10849
2 10947
2 574
1 12410
1 7528
2 1642
1 406
2 1591
1 4019
1 11307
2 492
2 2535
1 1097
1 2223
2 541
2 6099
2 9553
2 5685
1 4902
2 7088
2 5370
1 7141
2 4517
2 1844
1 12916
1 2097
2 12669
2 4181
2 1700
1 8047
2 5277
2 12698
1 11604
1 10505
1 9530
2 3744
2 4216
1 3428
2 6065
2 8782
1 4634
2 1676
2 6566
2 153
1 11384
2 3783
2 9903
1 8865
2 3945
1 8517
1 9921
1 3402
2 3867
2 2943
1 11235
2 12156
2 5720
1 701
1 12974
1 8820
2 1164
2 870
2 11
1 3473
2 1257
1 5763
1 12893
1 2239
1 5859
2 8820
2 11026
2 8263
1 12757
2 1362
2 2271
2 9325
2 8794
1 372
1 11545
2 6241
1 724
2 11979
1 4916
1 1902
2 12928
1 1357
2 2096
2 12942
2 10528
2 1709
2 2487
1 356
1 3064
1 7586
1 1336
1 6897
1 1266
2 7828
2 3047
1 11656
2 10850
1 3546
1 11683
1 10113
2 5322
1 3486
2 471
1 1218
1 12735
1 11198
2 9338
2 9017
2 3538
1 9901
2 10230
2 7771
1 137
1 3073
2 916
1 3241
1 5699
1 5363
1 8495
2 4454
1 3303
2 3595
1 8317
2 9722
2 3702
1 5721
2 1761
1 6369
1 2804
1 3252
1 7275
2 2333
2 1651
2 3478
2 10647
2 9688
2 232
2 86
1 3234
2 12675
2 6420
2 5733
1 10056
2 9810
1 9300
2 4858
1 2128
2 4709
1 11977
2 3359
2 9670
1 3856
2 12561
2 6145
1 3096
2 8852
1 4557
2 10547
2 7650
2 8836
1 12881
2 6132
2 427
1 1769
1 4679
2 1228
1 6661
1 207
1 4228
2 5475
2 9569
2 8774
2 6249
1 12003
2 4968
2 201
2 8003
2 1169
1 3547
1 10154
1 1491
2 9471
2 1068
2 4996
2 207
2 10405
2 3435
1 10272
1 2135
2 11331
2 4018
1 6969
1 11161
1 8065
1 10146
2 8887
1 422
1 11935
1 4227
2 6096
1 1211
2 10958
2 9063
2 5258
1 3825
1 6693
1 11928
2 6746
2 7285
1 2308
1 5838
2 2233
2 7448
1 1861
2 6594
1 3617
1 3456
1 854
1 11245
1 10885
1 11661
2 6176
1 8714
1 3990
1 3341
1 1547
2 6287
1 8302
2 4817
1 2184
1 9977
1 12057
2 11125
1 9741
2 11821
1 6687
2 2260
1 2333
1 11743
1 2396
1 7498
1 1661
2 583
2 5984
2 8744
1 536
2 8303
1 6152
2 4676
1 5428
2 12055
2 10443
1 12206
2 3339
1 11273
2 6509
2 4732
2 7922
2 7861
1 479
2 4950
2 709
2 621
1 6717
1 4763
1 4650
2 4794
2 1774
2 8587
1 2370
1 2142
2 1416
1 6682
2 3299
2 1448
2 4066
1 6355
2 3424
2 10867
1 8344
1 8315
2 8607
1 7775
1 12082
2 12226
2 1458
2 4079
1 5285
1 1262
2 6687
2 4489
1 2801
2 9455
2 96
1 8793
1 241
1 996
2 1892
2 11086
1 1846
1 452
2 636
1 9163
1 3292
2 11422
1 7910
1 16
2 2284
1 11410
2 5070
1 8807
1 3624
2 9741
1 5560
2 9935
2 2555
1 4329
1 8791
2 2132
2 6926
2 2547
2 12953
2 8413
1 8963
2 11652
1 3080
1 4436
2 7254
1 3920
2 11059
1 4650
2 8079
1 10889
2 43
1 4536
2 2522
1 6757
2 12263
1 9951
2 3063
2 5116
1 2864
2 561
1 739
2 7171
2 534
2 678
1 4764
2 9436
2 10441
1 4584
2 2193
1 6980
1 12448
2 9256
2 3584
1 1475
1 2246
1 950
2 5693
2 12639
1 11824
2 8588
2 5802
1 10778
1 7424
2 1836
2 11593
1 6575
2 4045
2 3070
1 4908
2 5369
2 10584
1 7187
2 12350
2 2204
2 7929
2 11300
1 11696
1 922
1 1664
1 7204
1 10692
2 4408
1 7285
1 6258
1 6893
2 4478
1 328
2 7280
1 3413
1 11482
1 7545
1 3622
1 9726
2 381
2 226
1 11256
2 5770
2 7845
1 6560
2 6571
2 4010
2 145
1 6390
1 6821
1 1971
2 12825
2 6529
2 10946
1 7252
2 12707
2 7101
1 2375
1 3417
2 6759
2 2958
1 8811
2 9740
1 10060
2 9144
2 4057
2 4887
1 88
1 10664
2 12320
1 11411
2 9884
2 3977
2 602
2 10003
2 5221
1 728
2 4737
1 12409
2 573
1 4592
2 1285
2 2033
1 7864
2 3431
1 4375
1 4185
2 11400
2 2239
1 5097
1 12976
2 3345
2 7813
2 3156
1 6356
2 5309
2 5429
1 6993
1 10665
2 1249
1 11005
2 2400
2 5801
1 14
2 9661
1 372
2 94
2 9209
2 3086
2 5533
2 12762
2 7628
1 2048
2 1485
1 8280
1 5307
2 3954
1 267
1 11864
2 5455
2 11718
2 1523
2 4127
1 6630
1 1346
2 4916
1 589
2 5625
2 1536
2 2952
1 5989
2 8373
1 8542
2 3736
2 4224
2 7187
2 3807
1 3837
1 458
1 929
2 1321
2 6240
2 4108
1 12670
1 6837
2 2476
1 7376
2 6753
1 8962
2 10150
2 4576
2 12946
2 11026
2 420
1 3248
1 5927
1 5435
1 6563
2 5903
1 4329
2 12663
1 8183
1 11178
2 5253
2 12333
2 9511
1 1625
2 12436
2 2862
1 2494
2 432
1 10651
1 5737
1 8059
2 1871
2 4211
1 3351
1 2162
1 8602
2 10418
1 3471
1 3169
1 4690
1 10096
2 5036
1 404
2 562
2 163
2 5274
1 11257
2 683
2 4356
2 5932
1 2781
1 4704
2 11296
1 9353
2 3829
2 9331
1 5872
2 658
1 3149
1 5198
1 6497
2 3486
2 8805
2 5091
1 5844
1 5367
2 1831
1 11085
1 11671
2 1882
1 3851
2 5724
1 1978
1 8770
1 4011
1 9445
1 11419
1 3510
1 5239
1 11392
2 4722
1 9542
1 9226
1 656
1 10294
2 8658
1 6410
2 9286
1 1295
1 108
1 2996
2 3022
1 5202
1 4873
1 2910
2 9425
2 12312
2 4043
2 6692
2 4873
1 1958
2 2210
1 1108
2 4048
2 10047
1 1102
2 3625
2 890
2 6389
1 5103
1 3596
1 2878
2 2132
2 3614
1 7614
1 3505
2 8655
1 10225
1 7591
1 6051
1 2353
2 1810
2 2610
2 12623
1 8190
1 10585
2 7423
1 7679
2 1975
1 157
2 4496
2 2095
1 2649
1 5855
1 12700
1 6181
2 7142
2 2752
2 1247
2 1272
2 6619
2 5933
2 12872
2 1605
1 9137
1 9578
1 1194
2 803
1 3172
1 3877
2 1091
1 1336
2 2543
1 1910
1 5952
2 3034
2 12429
2 11158
2 10543
2 1743
2 2345
2 4637
1 451
1 5797
1 11960
1 4065
1 8308
1 8492
1 1722
2 12894
2 9028
2 7583
1 5340
2 4729
1 2923
1 5726
2 8905
2 1324
2 2828
1 10558
2 252
1 2054
2 3246
1 12703
2 6047
1 1008
2 596
2 12205
1 12576
2 512
2 3318
1 4193
2 4783
2 5257
1 8309
2 8877
1 5489
1 11241
1 5691
2 11267
1 5624
1 6482
2 2968
2 431
1 11097
2 3602
2 5222
2 2168
1 988
2 283
2 2230
1 1091
2 2919
1 8116
1 7777
1 9096
1 12595
2 2014
1 3504
2 9170
2 12366
1 8720
2 12948
2 3915
2 10264
2 12411
1 7279
2 847
2 1222
1 12398
2 6761
2 10876
1 1306
1 1923
1 8220
1 9576
2 3584
1 1280
1 9928
2 1547
1 1322
2 12576
2 12264
2 2337
2 11350
2 1735
1 5019
2 8609
2 6603
2 11762
1 8483
1 5881
1 12687
1 3164
2 4482
2 6719
1 10148
2 7642
1 4880
1 601
1 6990
2 8936
1 10046
1 838
1 6839
1 7473
1 783
1 2627
2 11115
1 6644
2 3281
1 4863
1 9460
2 8169
1 3408
2 2920
2 9335
2 5504
1 1692
1 12420
2 1333
2 931
2 6494
1 4136
1 11044
2 7686
1 11350
2 1492
2 5947
2 8110
1 5784
1 11189
2 1777
1 11872
2 10691
2 3522
2 11447
2 8237
2 5809
2 2575
1 385
2 5420
2 369
1 2429
1 8569
2 5648
2 1528
2 544
2 9516
1 6398
2 1132
2 5856
1 7203
1 2353
1 4343
1 9121
1 1555
1 2670
2 5370
2 810
1 8254
1 1592
2 5048
1 5738
2 184
2 2836
2 991
1 5678
2 7202
2 12470
2 12298
2 9796
2 6474
1 5954
2 7737
2 2012
1 11201
1 980
2 3103
2 2530
1 2452
2 6706
2 3827
1 3093
1 11476
2 5940
1 12760
2 9634
1 8262
2 11954
1 742
2 6562
1 5580
1 12014
1 7342
2 6528
1 7193
1 12614
1 2090
2 10980
1 2561
1 5812
1 6402
1 1515
1 2311
1 7510
2 8240
2 7460
2 7293
2 286
2 7997
1 7116
1 784
2 6402
1 6346
1 2995
1 11032
1 5525
2 12552
1 10862
1 5516
2 2924
2 7744
1 11555
2 8517
2 618
2 7188
1 223
1 4639
1 9837
1 12516
2 5643
2 3131
2 2751
1 3122
1 4643
1 9975
2 5430
1 1118
1 6238
1 9396
1 5764
1 5923
1 1856
1 8070
2 2080
2 2408
2 6739
1 12904
2 4555
2 912
1 1602
2 3822
1 5651
2 1578
2 11445
2 5577
2 4868
2 3026
1 2336
1 3735
2 5522
2 8182
2 6340
2 10600
1 1928
1 1609
1 8868
2 2394
2 11444
2 1996
2 2192
2 678
2 3768
1 9744
1 4758
2 4720
1 6179
2 2117
1 5884
2 971
1 2558
2 4950
1 6808
1 4067
1 1056
2 6059
1 5272
2 7353
1 5234
1 2910
1 5762
2 12850
1 7299
2 6846
2 6053
2 4040
1 4830
1 3863
1 2102
2 1648
2 1663
1 10112
1 2556
1 459
2 9497
2 9708
2 9604
1 12989
2 8523
1 5426
1 8374
1 2033
1 9750
1 2092
2 8510
2 3755
1 5673
2 2619
2 8461
1 2356
1 182
1 10978
2 549
1 4201
1 6954
1 4191
1 7920
2 5444
1 3329
2 2269
2 569
1 434
1 1351
2 8860
1 4945
2 4907
2 3072
1 5143
1 8404
1 822
2 9089
1 2669
1 6306
2 6738
1 196
1 5913
2 11895
1 10006
2 7192
1 8307
2 282
2 1178
1 2951
1 9285
2 5058
2 12155
1 12118
2 4974
1 5460
2 115
1 12449
2 12362
2 4646
1 7295
1 5852
2 10479
2 9824
2 6807
2 6459
2 6066
1 1709
1 10241
1 3931
1 7336
2 7623
1 1815
1 9575
2 606
1 12528
1 1092
1 9148
1 11322
2 2929
2 5331
1 11469
2 9271
2 3103
1 2160
2 1576
1 11108
2 1809
2 3277
1 4294
1 6758
1 11324
2 2463
2 7127
1 4594
2 1807
2 2862
2 6012
2 11804
1 760
2 2424
2 6027
1 2994
1 3885
1 4446
2 5719
1 6513
2 2595
1 3902
2 12229
2 2712
2 2442
2 6176
2 513
2 5456
2 6814
2 1817
1 2190
2 1354
1 9720
1 7003
2 121
1 7225
2 1211
1 714
1 7823
1 3443
1 7360
1 11856
1 10162
2 12605
1 6643
2 12626
1 11433
2 3132
1 3036
1 1898
2 4541
1 1596
2 3126
1 9171
1 6972
1 9677
2 707
1 4688
2 7009
1 2513
2 12470
2 3109
1 5746
2 4159
1 6328
2 515
1 5337
2 12915
2 4068
2 1513
1 6668
2 9652
1 11099
1 10726
2 5798
2 1565
2 10296
1 8792
2 355
1 11085
2 3404
1 4048
1 6103
2 11894
1 76
1 4787
2 7064
1 10265
1 3534
1 11995
1 11967
1 2265
1 12968
2 1404
2 643
2 10748
1 4385
1 1887
2 7895
2 12829
2 502
2 938
2 12007
2 3228
2 486
2 12022
1 8118
2 7933
1 6574
2 176
2 2155
2 805
2 12934
1 4929
2 7623
2 9136
1 8242
2 7487
2 3041
2 11909
2 6578
1 3073
1 6547
2 2080
2 4587
2 7382
2 4130
2 10567
2 7027
1 6574
1 201
2 6118
2 505
2 10919
2 3335
1 6028
1 5907
1 11914
2 3476
1 11803
2 12949
1 6724
2 9504
1 2164
2 3953
2 1958
2 2396
2 6896
1 6810
1 5693
2 1823
2 6192
1 2647
1 2051
2 11291
2 10550
1 6222
2 10179
2 11374
1 1610
1 7775
1 417
1 9745
2 1014
2 11221
2 7768
2 2531
2 4827
2 1289
2 3722
2 7071
1 9657
1 3974
1 5459
2 5994
1 1578
2 3637
1 7862
2 6871
1 2368
2 4347
2 2607
2 715
2 11
2 6630
1 3671
2 10593
2 12580
2 7388
1 8012
2 6854
1 12324
1 2996
1 11638
1 2398
2 3438
2 3106
2 10179
1 7790
1 1712
2 4016
2 9612
2 5792
2 1359
1 10656
1 2790
2 10834
1 9688
1 10851
2 826
2 8111
1 2359
2 5501
1 6420
1 6636
1 4716
2 5102
2 5528
2 5764
2 2689
2 1514
2 8712
1 5509
2 1702
2 5978
1 12543
1 6184
1 2389
1 9305
2 1234
1 8757
1 2694
1 8320
2 3138
2 1301
2 9387
2 7547
1 1739
1 847
1 445
2 7001
1 344
2 2795
2 11366
1 12608
1 7333
2 3890
1 1205
2 12951
1 9131
2 428
2 12085
2 4114
1 11031
2 4816
2 10654
1 6321
1 5356
1 12976
2 3251
2 7041
1 5860
2 4162
1 4162
1 5050
2 6467
1 256
1 839
2 12119
1 2484
2 8241
1 9417
1 3417
1 3834
2 3990
1 3427
2 11085
1 1
1 12397
2 7061
2 9985
2 5842
1 2129
1 9289
2 1315
1 3034
1 6177
1 11710
2 4314
2 8147
2 4493
1 8560
1 3458
2 7138
1 2348
1 11590
2 7669
2 12919
1 4320
1 4962
1 6229
2 1816
1 9840
2 4861
2 1811
1 11559
1 8373
1 1736
1 2731
1 7928
2 3462
1 3716
2 4861
1 9635
2 2028
2 5739
2 9165
2 3240
2 1374
1 6781
1 9324
1 10142
2 5911
1 3932
1 1781
1 10762
1 2579
1 1601
2 793
2 5663
2 382
1 1853
1 44
1 6144
1 11852
1 2575
2 509
1 1167
2 3546
2 7404
1 6266
1 6002
1 10004
1 1987
1 2849
1 5641
1 7668
1 2189
1 7560
2 5945
1 4274
1 7396
1 8103
2 3412
1 5182
1 4368
2 2385
1 12278
2 200
1 12971
1 4654
1 3481
1 3640
2 990
2 1956
2 12259
2 4102
2 3049
2 6921
1 5155
1 11652
2 4624
1 3186
2 10959
1 9559
1 2537
2 6911
1 1601
2 3441
1 10615
2 5781
1 3669
1 426
1 2465
1 10555
2 3181
1 7715
1 2787
2 2262
1 11149
2 6937
2 2556
2 10101
2 9847
1 448
2 9007
1 2901
1 6800
2 5797
1 3387
2 6910
2 1706
1 7291
2 6434
1 5980
1 4456
1 2815
2 9950
1 2551
1 8109
1 9892
2 5767
1 2955
1 4245
1 3696
1 2982
1 3433
1 7753
2 1996
1 1189
1 1788
1 9687
2 5672
1 1829
1 11365
2 10777
2 6005
1 8847
2 10199
1 6330
2 529
1 3539
2 1652
1 10316
2 6375
1 4332
1 2911
2 9460
1 77
1 5658
2 5191
2 675
1 5180
2 12087
1 2130
2 5887
2 5867
2 11394
2 2872
1 121
2 12667
1 11727
1 4187
1 589
1 1364
2 949
1 5526
1 9205
2 432
2 7142
2 9091
2 10486
1 739
2 75
2 8708
2 2401
2 2737
1 5125
2 12699
1 1395
2 1495
1 12941
2 7641
2 3429
1 9313
2 4862
2 9203
1 10197
2 1571
1 6461
2 1856
2 11356
2 2216
2 3632
2 3604
1 12166
1 2894
2 12156
2 352
1 4685
2 5695
1 373
2 664
1 3062
2 3018
1 250
1 10556
1 10457
2 12824
2 6006
1 10608
1 3229
1 11144
2 768
2 11788
1 3811
2 7219
1 7996
2 684
2 9159
1 8592
2 9328
1 4057
2 4146
1 1513
1 2056
1 3262
2 11114
2 2757
2 5306
2 12156
1 152
1 1380
1 7635
2 1855
1 4000
2 38
1 7400
2 4990
1 5901
1 10164
1 7549
2 2359
1 9619
2 3173
1 12186
2 10440
2 483
2 12674
1 10313
2 2239
1 4371
2 1795
2 12290
2 9228
1 3867
1 12584
2 9535
2 3538
1 6513
1 9297
2 6176
1 2937
1 1390
1 3222
1 6176
2 7518
1 2791
2 1927
1 1709
2 6721
1 8228
2 4973
1 716
1 2215
1 11300
1 7655
2 2627
2 6022
2 655
1 3839
2 9718
1 10148
1 283
1 11963
2 10491
2 736
2 5440
2 7532
2 4918
2 1422
2 3524
2 8242
2 3853
1 9311
2 5103
2 3806
1 2092
1 9127
2 6376
1 1358
2 50
1 7310
1 8623
1 10316
2 12082
1 2896
1 2928
2 11743
1 2676
1 10037
1 9222
2 1257
2 1266
1 10537
1 5798
1 1496
2 2459
2 4333
1 7704
1 7613
2 10507
1 3524
2 4994
2 8472
1 4345
2 11975
1 10308
1 5330
1 4864
1 1001
1 4781
1 7921
1 9142
1 8468
1 580
2 9872
2 6608
1 6202
2 7472
2 12740
1 6228
2 12445
1 7393
1 2320
1 2093
2 12688
1 11828
1 642
2 3107
2 10691
1 12883
2 11468
2 5152
1 7371
2 9851
2 8716
1 4044
1 2311
2 708
1 7684
2 7586
2 6844
1 4413
1 8058
1 12553
1 1755
2 749
1 3705
2 10332
1 10550
1 355
2 4567
1 4867
1 11750
1 6294
1 1573
1 7792
1 3264
2 7510
1 10802
2 10962
2 6027
2 50
2 7584
2 11157
1 12803
2 1175
2 11085
2 8423
2 17
1 1855
2 6299
2 7276
2 2281
2 8832
1 5129
2 4004
1 1883
2 9393
1 8264
1 1752
1 4739
2 4544
2 10526
1 6025
2 4145
2 671
2 9407
1 9497
1 10777
2 4058
1 3991
1 8168
2 7011
2 3659
2 7601
2 7368
2 3813
2 3895
2 1307
2 873
2 9476
2 3686
2 7295
1 3262
1 10479
2 4678
1 4804
2 6598
2 412
2 10928
1 10611
1 6907
2 721
2 1698
1 5307
1 751
2 7900
1 1115
2 7366
1 2266
1 8891
1 3074
2 7609
2 21
1 6630
2 9552
2 7
1 3091
1 6775
1 1089
1 1263
1 6634
1 5153
2 5216
1 6641
1 11790
1 7062
2 7976
2 3677
2 7287
1 5287
1 5619
1 660
2 3758
1 296
1 8550
1 11677
2 10011
2 6209
1 2907
1 12610
1 10002
2 119
1 9542
2 6672
1 898
2 8017
1 184
2 2675
2 3173
2 12451
1 11456
2 2911
1 8563
1 3894
2 3149
1 9920
2 12958
1 8966
2 12669
1 1187
1 3175
2 8067
1 3345
2 5011
1 12647
2 8649
1 12990
2 4325
1 5087
2 10576
1 3637
1 12915
2 8530
1 3356
2 5292
1 2045
1 3094
1 4693
2 396
1 4628
1 10150
1 7681
2 11305
1 2133
1 6434
2 12933
1 10037
2 100
2 3245
1 11048
1 8781
2 694
1 982
1 4232
2 4906
2 7342
1 4768
1 1579
1 6289
2 6553
2 6411
2 4191
2 4283
2 12442
1 1984
1 1882
2 1542
1 12047
2 8521
2 12795
1 5642
2 3970
1 3407
2 9223
2 12565
2 4424
1 2873
2 10118
1 9048
2 2533
2 8516
2 11011
2 2720
2 1639
2 4045
1 4575
2 414
1 951
2 12928
1 10270
2 1799
1 12283
1 5565
1 5328
2 2972
1 11966
2 5190
2 8362
2 6659
2 4774
2 2707
2 6074
2 1764
1 8957
1 4710
2 10687
1 5085
2 11361
2 3351
1 9447
2 12735
2 6956
2 6017
1 9943
1 10511
1 613
1 12315
1 4574
1 3670
2 2285
2 2088
2 10522
2 3792
1 12050
1 3215
2 3410
2 1217
2 9415
1 3052
1 12306
2 12627
2 11010
2 29
2 667
1 3450
2 5229
1 6445
2 2832
1 7024
2 2439
1 10493
2 8002
1 11033
1 12184
1 1310
2 12316
2 97
1 3288
2 9896
1 8255
1 5320
2 5176
2 5590
1 7520
1 6389
1 6542
1 10176
1 4245
2 2840
2 11798
1 3624
2 6612
2 7511
2 6156
1 12549
2 9324
1 9538
2 507
1 4380
2 5266
1 1463
2 6306
2 11073
1 13
2 3494
1 7953
2 11178
1 12451
2 6734
1 24
2 3509
1 4866
2 5094
2 12536
1 860
1 3063
2 861
1 6064
1 7880
2 9722
2 9355
2 4042
1 4812
1 559
1 3062
2 7459
2 2646
1 9183
1 2486
2 6966
1 3897
1 1982
1 864
2 1386
1 7181
1 9099
2 12287
1 6615
1 8949
2 1818
2 4598
2 3261
2 2720
2 11429
1 944
2 5198
1 1473
2 9103
2 560
2 10767
1 912
2 12648
1 5889
2 12923
1 1671
1 6812
2 880
1 10087
1 1613
1 6763
1 901
2 6327
2 6998
1 6354
2 773
1 10095
2 11592
1 9721
2 4731
1 10371
2 10872
2 740
2 3482
2 2824
2 1787
2 10426
1 5596
2 5841
2 5158
2 1440
1 3527
2 11723
2 9167
2 8679
2 12651
2 9833
2 5105
1 8114
1 12181
2 5289
2 4595
2 5201
2 6471
2 3460
1 12834
2 2376
2 6885
2 11394
2 7163
1 5729
2 9226
1 12340
2 3274
2 1222
2 3025
1 11688
2 10278
1 6416
2 3468
2 1529
1 5721
1 4491
1 3880
1 9084
1 4997
2 3623
1 1767
2 9084
2 10170
1 10896
1 5797
1 695
1 3889
2 4247
1 5036
1 6623
2 4173
2 9656
1 2281
1 7394
2 12900
1 11122
2 6092
2 1722
2 9171
1 10049
1 6787
2 12909
1 2143
1 1111
2 7823
1 8710
1 7124
1 7055
1 5357
1 155
2 8298
2 12369
2 6983
1 1301
1 8539
1 10905
2 6481
2 1091
1 870
1 271
2 11285
1 1455
2 12400
1 5952
1 11887
2 3591
1 5429
1 3748
2 4497
1 3869
2 8659
1 6230
1 1408
2 6464
2 7256
2 5304
2 3077
2 7681
1 3174
2 1852
2 2614
2 11623
2 10655
1 1723
2 426
2 795
1 1499
2 1570
2 2832
2 7876
1 7603
1 6560
1 4825
2 2444
2 513
1 4106
2 5785
2 8330
1 3221
2 3303
1 10762
2 1750
2 4451
2 3316
1 3449
2 1408
1 12568
2 7705
1 1959
1 8657
2 10832
2 3146
2 12385
2 1256
1 6498
2 6343
2 2305
1 11726
2 490
1 4637
2 12298
2 6067
1 12462
1 6483
2 7112
2 1463
2 6666
1 1645
2 8902
2 1105
2 2669
1 7940
2 8054
1 948
2 3177
1 5780
2 6317
2 4485
2 8415
2 6644
1 2420
1 4934
1 4672
2 9890
1 9560
2 2510
1 12877
1 6037
2 4514
1 2103
2 6265
2 6769
1 4248
2 9526
2 977
1 6558
2 3986
1 535
2 627
1 5177
2 4318
2 3798
1 9780
2 11354
2 2157
1 10967
1 1319
2 1708
1 36
2 4983
2 1517
1 10064
2 4188
2 6193
1 1656
1 4651
2 4642
2 5922
1 4992
1 2691
1 1263
1 2085
2 11030
1 4246
2 2897
2 10039
2 1059
1 3155
2 3368
1 10764
2 778
1 11695
2 10730
2 1600
2 7409
2 4393
1 2776
1 4623
2 4973
2 2342
1 4014
2 9111
2 1979
1 3294
1 10911
2 6264
2 8591
1 5077
2 11519
1 5411
2 12889
2 2115
1 10447
1 6216
2 3075
1 2964
1 9845
2 9005
1 5005
2 2793
2 4633
1 1406
1 9121
2 1805
1 4449
1 10160
2 1567
2 1057
1 9461
1 10653
2 10617
2 1465
1 2044
1 7227
2 9752
2 509
1 10390
2 1829
2 3438
2 504
1 1695
1 11281
2 5002
2 6732
2 274
1 5656
2 6303
1 12204
2 4076
1 4441
1 1189
1 1841
1 3237
2 10102
2 11807
1 5269
2 4171
2 8437
1 1107
2 5195
1 11614
1 8640
1 5117
2 4085
2 7301
2 5005
2 2172
1 37
2 5735
1 5951
2 6539
1 2349
1 1523
2 4452
1 11914
2 2582
1 1641
2 1181
1 9003
1 11861
1 6423
2 3977
2 7909
2 585
1 10485
2 12338
1 10836
2 2695
1 5440
1 5311
2 5807
2 11038
1 2555
2 1320
1 4720
2 4523
2 9809
1 5805
1 5728
2 3590
2 10748
2 9079
1 1552
1 12411
1 2810
1 1461
2 8289
1 4554
1 2523
2 3720
2 3381
2 4447
1 8868
2 5631
2 7308
2 2163
2 2599
1 12989
1 5361
2 10841
2 1489
2 6278
2 4754
2 2666
2 11218
1 509
1 1987
2 7250
1 2976
2 2297
1 3986
2 2728
2 9309
1 11276
1 2588
2 3642
2 12140
1 9762
2 4944
1 5455
2 1048
1 512
1 3191
2 2627
1 13
1 4570
2 10915
1 5790
2 4421
2 1076
1 4148
2 3549
1 861
2 12914
2 10724
1 7080
1 4389
2 2712
1 700
1 6586
2 3363
2 10843
1 3668
2 5396
1 8448
2 2453
2 6840
2 3842
2 7786
1 125
1 3078
2 7709
2 4424
1 9253
2 6873
1 2679
1 10842
1 11275
2 7640
1 2138
1 11406
1 704
1 5815
2 10578
1 9252
2 4716
1 6573
2 2126
2 4771
1 6744
2 189
2 7003
1 3841
2 4882
2 1878
2 3689
1 5047
1 9213
1 1882
2 11428
1 3634
1 5470
1 12971
1 10356
1 4548
2 10952
2 9481
2 3733
1 10185
1 1144
2 9013
1 3960
1 2627
1 7130
1 12898
2 6304
1 9742
2 3563
2 11310
1 1270
1 11380
1 2341
1 3701
2 9590
1 7970
2 238
1 5334
2 5015
2 6137
1 2233
1 10908
1 8967
2 3422
1 3867
1 9823
1 2285
1 8627
2 3535
2 2153
2 8837
2 3028
1 11731
1 3945
2 1391
1 6306
1 5993
1 4779
2 6952
1 1260
2 8183
1 1558
1 2127
1 1153
1 1855
2 10564
1 12050
1 2926
1 3120
1 10606
1 1471
1 2366
1 811
2 8494
1 1643
2 1806
1 2238
2 4450
2 9070
2 8557
2 780
2 6480
1 4117
1 3970
2 11132
2 3428
2 7183
1 1517
1 5014
2 2692
1 6665
2 12116
1 7689
1 8789
1 5698
2 176
1 7487
1 4795
1 9239
1 10966
1 10119
1 5181
1 1000
2 231
1 8394
2 5366
2 4256
1 2520
2 4118
1 10517
2 369
1 5314
2 79
1 6830
1 5623
2 4459
1 10897
1 9911
1 11472
1 3483
1 3367
1 6324
2 8667
1 2776
2 807
1 10163
1 2293
2 4083
1 5588
1 5489
1 5093
1 6265
2 7675
2 11627
1 1929
2 3915
2 12046
2 1566
1 2223
1 6454
1 3428
1 6607
2 7454
2 10027
1 2742
1 5027
2 6250
2 6632
2 11892
1 2153
1 1011
2 10509
2 2006
2 10907
1 334
2 1552
1 2651
1 11153
1 5914
1 6194
2 11894
1 2358
1 1237
2 11615
1 5380
2 4432
2 5437
2 682
2 2215
1 1052
2 4647
1 4343
2 4238
1 152
1 6747
1 3903
1 12395
2 5744
2 8510
1 8703
1 5899
2 1298
2 11703
1 5586
1 6338
2 8826
1 4658
1 7370
2 11949
1 1382
1 640
1 9443
1 5989
1 2034
2 7837
1 657
1 2674
1 6701
1 3617
2 6644
1 4966
1 11171
2 9408
2 10611
2 6702
2 8201
1 4058
1 4838
2 4349
1 3500
1 5299
1 5506
1 7321
2 6410
2 10532
2 17
2 4851
2 2615
2 2248
2 3312
2 11579
2 12858
2 7240
2 384
2 9842
1 998
2 519
2 9717
2 9150
2 4849
1 10647
2 3370
2 10210
2 9344
2 5842
1 9226
2 8123
2 5953
2 1274
1 808
2 1996
1 9735
1 12666
2 2025
2 7403
1 12098
2 7402
2 2797
1 2418
2 3892
2 9863
2 8073
2 271
2 9205
1 9793
1 7416
1 3036
1 5344
2 2987
1 5669
2 11247
2 9516
1 11854
1 202
2 5547
1 2917
2 5366
1 1077
2 2422
2 10456
1 10971
1 2942
1 12881
1 6506
1 3738
2 12858
2 7547
1 10657
2 2066
2 12227
1 1062
2 2193
1 1879
2 10966
2 6136
1 2664
2 2530
2 4627
1 8075
2 11554
1 9559
1 5072
1 5557
1 7655
2 8950
2 4711
2 6889
1 8848
2 9779
1 3435
2 12901
2 3142
1 2270
1 12215
1 8394
1 10947
2 7563
1 3991
1 5768
2 3999
2 4427
2 4533
1 11887
2 9132
1 753
2 4685
2 1902
1 2090
2 2302
2 7417
1 10775
1 6492
2 11709
2 7567
1 11289
1 2601
2 6496
1 774
2 8069
2 1180
1 5033
2 3652
2 7482
2 7828
2 746
2 6987
1 9081
1 5116
2 10270
2 2487
1 3466
1 3652
1 701
2 10786
1 4149
1 1247
2 7396
1 4544
1 2681
2 1027
2 3338
2 9107
1 7105
1 12636
2 4292
1 3712
2 5266
1 7306
1 5666
2 1656
2 5766
2 10406
2 5928
2 6001
1 9468
1 12712
2 2055
1 8002
1 6102
1 452
2 8137
1 866
2 4889
2 11529
2 7560
2 7210
1 2489
2 3153
1 12032
2 3238
2 970
2 7796
2 9488
2 5864
2 3184
2 3852
2 4245
1 6149
1 6696
1 12642
2 5326
2 11006
2 44
2 10568
1 4649
1 11368
2 12779
2 2076
2 5237
2 389
2 6463
2 4476
2 7062
2 193
1 5206
1 6389
1 4989
1 11877
2 8393
1 10618
2 2037
1 3079
1 11880
2 2939
2 1983
2 4008
2 1212
2 2619
2 12654
1 5437
2 11635
2 5561
1 6652
2 9855
1 7352
1 5624
2 2995
2 4259
1 1720
1 3120
1 12717
1 11123
1 1862
1 2626
2 10092
2 12219
2 1896
1 9376
1 2891
2 7244
2 735
1 3027
1 6635
2 3532
2 8139
2 1546
2 4439
1 5940
1 541
2 2034
1 1761
2 1217
1 828
1 2400
1 1202
2 8084
2 1752
1 9153
2 12382
2 11026
1 2442
2 658
1 3765
1 12332
2 12306
2 2424
1 3356
2 5776
2 9895
1 6554
2 1018
1 5150
1 771
1 8914
1 203
2 140
2 4860
1 9624
1 4320
1 11211
2 10140
2 11575
2 11117
1 3279
1 2561
2 9878
1 3690
2 12723
1 12158
2 12112
2 9146
1 3707
1 6017
2 2124
2 39
1 4992
1 2955
1 2310
2 2365
2 5080
2 7451
1 12300
2 2506
1 1051
1 7139
1 897
1 6268
1 11599
2 769
2 3798
2 5475
2 3525
2 3360
1 11876
1 12962
1 11801
1 10580
1 12099
1 5675
1 7654
1 170
1 2079
2 4704
1 2424
1 6365
2 5333
1 1115
1 6464
2 7354
1 3570
1 550
1 5499
2 2197
2 5908
2 876
1 6787
2 8329
1 7512
1 4902
1 7989
2 10980
1 3074
1 2135
2 1666
1 2169
2 5648
2 1617
2 3806
1 7941
1 2248
1 8869
2 6676
2 7698
1 8476
2 855
1 10912
1 255
2 10949
1 2647
2 5259
2 3661
1 10878
2 426
1 5250
2 11916
1 8525
1 11727
2 4815
2 2980
1 1373
2 12866
2 8007
2 1989
2 3310
1 11148
1 8570
1 12151
1 11987
2 1321
2 11703
1 850
1 3963
2 4832
1 6669
2 2576
2 6418
1 2783
2 10827
1 1910
2 10557
2 9909
2 11969
2 11886
1 12521
2 1654
2 5932
1 5240
2 5676
2 9347
1 206
2 11812
2 4250
1 4535
2 7196
1 1906
1 3745
1 7514
1 4022
1 3275
2 1910
1 12626
2 6282
2 11901
1 3662
1 1509
2 1130
2 715
2 12326
2 6057
2 12673
2 8098
1 4820
2 6092
1 8338
2 3957
2 171
2 12980
2 12529
1 6185
1 12275
1 9872
1 1416
1 1234
1 8526
2 9133
1 5020
1 3229
1 7540
1 1314
1 10725
2 7660
2 744
1 1004
2 6953
1 1533
1 5217
2 3995
2 1010
1 2715
2 7546
1 9091
2 3803
1 12739
2 4554
2 2700
2 5495
1 6648
2 1116
2 8067
1 106
1 9384
2 7080
2 6287
2 1054
1 11733
2 9969
1 7804
2 3791
1 7533
1 397
1 6547
1 8463
2 1506
1 4969
2 312
1 4275
2 5338
2 8578
1 466
2 6037
2 5256
1 2268
2 7455
2 8256
2 138
1 10959
1 8926
2 11183
2 4353
1 797
2 9195
1 182
2 388
2 11773
1 2262
1 7574
2 2949
2 7732
2 10540
1 9206
2 1082
1 11478
1 525
2 173
1 3933
2 8217
2 1485
2 4121
2 2989
1 10851
2 8483
2 6859
1 1635
1 3303
2 6332
2 7152
2 9981
2 2084
1 10809
1 9994
1 5151
2 6733
1 9260
1 821
1 6061
2 5114
1 10016
2 6282
1 8602
2 3813
2 4182
1 10575
2 5220
2 7255
2 10785
1 11405
2 10374
2 201
1 12379
1 10049
1 4613
2 5755
2 10525
2 10508
2 8299
2 2144
1 755
1 4228
1 6807
2 11359
2 4005
1 9672
2 5898
2 4364
2 4543
1 775
1 11419
2 2013
1 7218
2 6169
2 8101
2 3598
2 12257
2 597
1 12444
1 10118
1 1637
2 12329
2 948
2 551
2 4698
2 2469
1 2882
1 2858
2 4384
1 7633
1 6080
1 5065
2 9442
2 7138
1 10533
2 10602
1 7322
2 8346
2 7907
2 1211
1 7171
1 7876
1 4863
1 1000
1 12854
1 5540
2 2933
2 2855
2 2373
2 7581
2 11865
2 12541
2 6315
1 2497
1 3855
1 5213
1 12298
2 4172
1 7388
1 8880
1 4772
2 5265
1 4122
1 3560
2 7659
1 388
2 5464
2 7245
1 9649
2 759
1 8568
1 2480
1 960
2 7341
2 10408
1 3986
1 10826
1 386
2 4738
2 6966
1 3755
1 4992
2 2211
1 10915
2 9434
1 10843
1 5983
2 7819
1 116
2 8567
2 4571
1 1694
1 3249
1 6517
1 9794
2 4440
2 1125
2 10329
2 4753
1 12102
2 3792
1 10503
1 2427
2 8925
2 4271
1 7537
2 3454
2 2732
2 7120
2 2010
2 2004
1 11701
1 10546
1 7607
1 5363
1 4480
2 11459
2 10921
1 8997
2 4847
1 8239
2 12445
2 10792
1 483
2 1528
2 12187
1 6239
2 4894
1 4105
2 9002
1 6239
1 6607
2 5177
2 6322
2 6644
2 5985
2 7150
2 6681
1 1250
1 12148
1 5408
2 5871
2 12603
2 3211
2 12970
2 8657
1 279
2 2628
2 10004
2 5666
2 12784
1 2395
1 8908
2 2445
1 5722
1 2351
1 10936
2 6157
2 7057
2 5500
2 9317
2 9758
2 3307
2 7807
2 6076
1 6113
2 8993
1 7949
2 2495
2 6371
2 11962
1 4764
2 4904
1 4574
1 5792
1 2728
2 5171
1 10455
1 8841
2 4064
2 12303
1 7094
1 6544
1 9942
1 2673
1 8130
1 11953
2 7251
2 6649
1 8458
2 2161
1 10216
2 5563
2 3869
1 27
1 3902
1 8911
2 10314
1 636
2 256
1 5818
1 11593
1 840
1 8491
2 2514
2 6577
2 6210
1 3173
1 9606
2 11927
2 3777
1 5715
2 2435
1 5678
1 2629
1 8121
2 776
1 3137
2 9694
2 6053
2 6228
2 2970
1 11381
1 6621
1 10490
2 5223
1 3321
1 5709
1 12724
2 4592
2 8348
1 3425
1 3781
1 4178
1 8283
1 8858
1 4757
1 3951
1 8578
1 12776
1 1185
2 2387
1 6429
1 6285
1 7401
2 432
1 3776
1 12642
2 4304
1 4028
2 1768
1 4943
2 5151
2 3494
2 5399
2 11672
1 435
1 4556
2 10492
2 891
2 170
2 2384
1 4057
2 9131
2 5666
1 8342
1 6308
1 1007
1 1770
2 5152
2 5302
1 11459
1 2366
1 1066
1 3063
2 8398
2 5048
1 1062
2 2032
2 3603
1 4193
2 4209
2 1151
1 7793
2 7980
1 141
2 3510
1 6179
1 6580
2 2757
2 8693
2 264
1 3057
2 2356
1 1004
2 12427
2 10600
2 222
1 2545
1 9468
2 12535
2 2252
2 4640
1 7454
1 7293
1 9741
1 8790
1 11831
1 8839
2 7120
2 669
1 4019
1 2068
1 6707
2 10131
2 7785
2 9659
1 6711
2 9699
1 332
2 4727
1 10329
1 8226
2 5028
1 4042
2 11714
1 10651
2 11219
1 1863
1 3496
1 8012
2 10152
2 1190
2 4244
2 10927
1 6679
1 6188
2 1874
2 2570
2 12439
1 3393
2 8004
2 11503
2 218
2 8096
1 4927
2 9453
2 8793
1 8514
1 7084
2 10493
2 1478
2 6291
2 2160
1 9781
1 6231
2 2164
1 2589
1 7240
2 562
1 11887
2 7302
2 4876
1 1587
1 7022
2 3199
2 6955
2 4368
2 6197
2 5779
2 6283
2 3230
1 8939
2 3804
2 11271
1 8449
2 10901
1 2431
1 8171
2 4000
2 5723
2 8293
2 9339
2 574
1 609
2 1755
2 3893
1 5074
2 12847
2 1954
1 1698
1 4896
2 3649
1 9856
2 10386
2 4918
2 400
1 805
2 3829
1 6440
1 10543
1 7383
1 5658
2 6060
1 3327
2 3151
2 5556
1 8807
2 8187
2 11858
2 12495
1 10278
1 6381
1 7216
2 6304
2 4430
2 5327
2 3232
1 4250
2 11836
2 2363
1 1707
1 1034
1 11973
1 3348
2 5988
1 6172
2 12440
1 7074
2 2670
1 9804
2 8127
2 6602
2 9534
2 2806
2 7170
1 20
2 12901
1 3326
2 10772
2 7275
2 4000
1 6017
1 1580
2 5432
1 10887
1 4833
1 4004
2 3015
2 4097
2 1389
2 1718
1 5905
1 2286
2 9943
2 7234
1 12960
2 684
1 3788
1 6297
2 10950
1 4251
1 10520
2 2350
2 10599
1 11161
2 3223
2 9719
2 3402
1 2687
2 3933
2 1208
1 6404
1 5033
2 1175
2 7240
2 7436
1 3186
2 11224
1 6107
1 5624
2 5237
2 2229
1 11534
1 8975
2 2357
1 9433
1 4966
2 12918
2 8543
2 10329
1 4249
2 5011
2 10619
2 697
2 10339
2 3676
1 1575
1 2254
2 6179
2 7169
1 4827
1 3346
1 9364
2 12894
2 4982
2 7563
1 1748
1 7338
2 10911
1 2924
2 1696
1 8187
1 10925
1 4074
1 9718
2 1535
2 9128
2 3664
1 3609
1 5732
2 8549
2 11348
2 8745
2 12162
1 4230
2 5512
2 5248
2 8827
1 6240
1 5393
1 5406
1 8938
2 9259
2 7148
1 8566
1 11449
1 3486
2 11620
1 903
1 10233
2 4944
1 5997
1 11117
1 2886
2 8512
1 844
2 7085
1 8089
2 7725
2 180
2 10684
2 4068
2 8535
2 1475
2 4776
2 6153
1 9925
1 12915
2 8845
2 6660
1 7700
1 7986
2 945
1 2940
2 2534
2 11843
2 2065
2 9926
1 10873
2 9938
2 5730
2 4297
1 11548
2 10891
1 5560
1 11291
1 2270
2 2844
1 4299
1 5059
1 5894
2 9374
2 11629
1 10437
1 484
2 4728
1 7254
1 9354
1 3926
1 8548
2 512
2 933
1 11652
2 9297
2 1115
2 12791
1 53
2 3247
1 8954
2 6027
1 783
1 8726
2 12260
2 7091
2 2139
2 4671
2 4836
2 5817
2 12319
2 3993
1 5945
2 11255
1 1226
2 12789
1 966
1 4736
2 5228
1 2739
2 8475
1 9052
1 10539
1 7435
1 8251
1 4488
1 1175
2 4668
1 12460
2 6187
1 1903
2 3329
1 6482
1 843
1 9009
1 4039
2 1749
1 1094
2 9214
2 3248
2 12902
1 8033
2 10163
1 7827
2 6453
2 9332
2 2002
2 1585
1 3134
1 9244
1 8519
2 290
1 9816
2 1615
2 5987
2 7678
2 11981
2 8084
2 1197
1 12597
1 4837
2 6745
1 10484
2 5208
2 6978
1 11843
1 2958
2 2621
2 3533
2 3866
1 4188
1 454
2 4336
2 3353
2 3459
2 8802
1 9874
2 4562
1 12044
1 8771
2 6422
1 10624
1 5189
1 11783
2 3572
1 6564
2 2111
2 4535
1 6934
1 12097
1 1566
2 2427
1 9716
2 2464
1 6116
1 4316
2 7457
2 7348
2 11654
1 6760
1 4564
2 3583
1 6557
2 6505
1 9096
1 7115
2 2174
1 3687
2 10637
1 6138
1 98
1 42
1 2501
1 4623
2 223
2 8696
2 4655
1 1034
1 597
1 2877
1 5263
1 520
2 675
2 12422
1 4259
1 9656
2 4199
2 541
2 1016
2 4831
1 3041
1 3432
2 8179
1 5341
1 7505
1 1162
1 7993
1 10966
2 964
2 6169
1 327
1 99
1 10059
2 1638
2 5658
2 10670
2 1452
2 5968
2 4825
2 4009
1 7055
2 4728
2 2734
2 5959
2 8138
1 5158
2 6937
1 10089
1 4822
1 9084
2 10133
1 5379
2 12376
1 8462
1 1865
1 4085
2 529
2 1408
2 11752
1 4243
1 10334
2 6784
1 5609
2 1333
2 3904
2 5255
1 800
1 5279
1 7628
1 1076
2 5995
2 12393
2 10173
1 8193
2 10965
2 12408
2 9885
1 5900
2 1143
2 844
2 4152
2 9528
1 1906
2 465
1 834
2 2057
2 1958
1 4374
2 2275
1 6771
1 7415
1 4592
2 11402
2 6220
1 4530
1 2648
1 5223
1 11669
1 9516
2 7345
1 6816
1 8422
1 6692
1 6707
2 2557
1 8527
1 6492
1 7243
2 1460
1 3223
1 12115
2 2152
1 7973
2 4609
2 5582
1 3639
1 10439
1 6809
2 2179
1 1152
1 9
1 1468
1 5708
1 1351
1 1674
2 1782
1 5058
1 6468
1 2530
1 5273
1 3176
2 148
2 10767
2 6789
1 2060
1 2550
2 5129
1 10602
1 7697
1 454
2 2093
2 3159
1 9711
1 4861
1 12990
2 6679
1 1257
1 6911
2 2367
1 2391
2 5862
2 12516
2 4147
1 11561
2 7210
2 5935
2 8037
1 6620
1 11242
2 11834
2 184
1 12842
1 3371
1 2584
1 1313
2 3809
2 4163
2 210
2 4264
1 3442
2 10350
2 5419
2 7330
2 7285
2 6706
1 3204
2 5218
2 4939
2 5180
1 10832
1 12411
2 5162
2 12961
1 640
2 1951
1 7732
2 2342
1 7145
2 1996
2 5041
2 4513
2 7633
1 5930
1 6304
2 7469
1 4166
2 3206
1 4266
2 7610
1 2823
1 1650
1 4384
1 66
1 6129
1 9866
1 1864
2 11957
1 7795
2 1129
2 11739
2 3678
1 642
1 1210
1 1562
2 7580
2 2854
1 3303
2 3045
2 5218
2 3931
2 10438
1 3962
1 1919
2 6442
2 11126
2 6204
2 11062
1 11325
1 4510
2 2257
1 4695
2 3374
1 2359
2 9219
2 5381
2 2424
2 12014
2 1471
2 11702
1 6100
1 12739
1 3818
1 6767
1 2894
1 11324
2 1183
1 9437
1 1102
1 2234
2 7178
1 6260
1 4327
2 4866
2 688
2 11428
1 10147
1 3750
2 3165
1 5287
2 573
1 10210
1 3101
1 4100
1 11766
2 8616
1 3051
2 5680
1 11601
2 236
2 5373
2 2335
2 8734
1 3984
2 5989
1 775
1 9595
2 3393
1 3466
2 8870
1 6710
1 9160
1 965
1 6047
1 7284
2 11635
1 8908
1 4321
1 11558
1 1697
1 4731
2 11199
2 10039
1 8905
1 7662
1 3817
1 1751
2 6260
2 904
1 2961
1 730
1 9078
1 8911
1 9096
2 3162
2 417
1 7990
2 1951
2 8297
1 6978
1 5001
1 12598
2 7856
2 4578
2 317
2 2304
1 1603
1 2782
1 6157
1 1028
2 6330
1 5944
1 2062
2 7470
1 3769
1 5580
1 956
1 5756
1 9233
1 9979
1 7114
1 2610
1 6342
1 5235
1 4583
2 1839
1 6230
1 11741
2 9171
2 3389
1 3472
1 8718
1 5230
2 10957
1 3403
2 5135
2 5834
1 8073
1 11698
2 11429
1 12356
1 6135
1 271
1 1081
2 2702
1 2157
2 661
2 1833
1 10384
1 2215
1 1197
1 12381
1 4474
2 931
1 2274
1 4555
1 7500
1 6342
1 5940
2 10972
2 5503
1 8340
1 9209
2 5405
1 6977
2 10667
1 759
1 11095
2 1196
1 1312
1 907
1 2311
1 5039
1 7306
1 8270
1 1622
2 10812
1 12394
2 9995
2 8882
1 7961
2 7569
2 6778
1 2155
1 4087
2 2770
2 5287
1 5431
2 3390
2 5460
2 12372
2 1047
2 2567
2 9897
2 3979
2 3447
1 3984
1 2065
1 11253
2 6874
2 5700
2 2368
2 12877
1 2852
2 4664
1 9123
2 10134
2 5694
2 7399
2 1007
1 11665
1 2326
2 8087
1 7883
2 6496
1 4140
1 1210
1 3897
1 8990
2 4478
2 1134
2 5201
2 6756
2 1284
2 3101
1 4541
2 8102
2 6405
2 11541
1 4870
2 10595
1 5737
2 3025
2 8430
2 10945
2 3252
1 7998
2 12252
2 1519
1 7506
2 3391
2 4899
1 8185
1 6381
1 2010
2 4531
1 3487
1 792
1 713
2 3463
2 4142
2 6856
1 5690
1 1421
2 6478
2 1085
1 5919
1 5137
2 50
2 918
1 3623
2 3186
1 3347
1 11330
2 6771
2 7076
2 6526
2 4936
2 2730
1 1508
2 1233
2 11952
1 5797
1 6127
2 12218
2 3416
2 4131
2 2811
2 3736
2 3952
2 4622
1 3468
1 3583
1 2413
2 6172
1 129
2 11465
2 6770
1 7528
1 8164
2 680
1 3010
2 2286
2 9966
1 4220
1 10920
1 618
1 8496
1 1419
2 5407
1 12162
2 10323
1 11164
2 242
2 6312
2 9362
2 276
2 10877
1 6233
2 4098
2 10914
1 2306
2 11040
1 3065
2 4842
1 9310
2 8075
2 3948
1 101
1 8273
2 509
1 6719
1 7158
2 6625
2 1275
1 2545
2 4775
1 8152
2 3863
1 269
1 811
1 5017
2 4216
2 10514
1 4889
1 3271
1 11944
1 9123
1 11023
2 4902
2 9180
2 7457
2 5005
2 8232
1 2223
2 11020
2 1526
2 10626
1 512
2 12118
1 5618
1 11380
1 6832
1 4048
2 8110
1 1788
1 9645
2 642
2 6187
1 10059
1 185
2 12352
2 267
1 1271
2 1659
1 9512
2 3527
1 2247
2 853
2 3853
2 1740
2 9171
2 4756
2 8030
1 8913
2 3649
1 9044
2 12951
2 3627
2 5825
1 1978
1 1263
2 5865
2 6026
1 6079
2 17
1 1240
2 7906
1 836
2 1364
2 7320
2 522
1 3184
1 6323
2 4973
2 8591
2 5715
1 5133
1 423
1 2067
1 12815
2 1605
1 10554
2 12818
2 7362
2 10579
2 2623
2 398
2 758
1 4626
2 4753
2 9683
1 7817
2 3392
2 1305
2 10995
2 989
1 3569
2 634
2 2003
1 4208
1 11428
2 2582
1 5804
2 9541
1 5372
1 9959
1 10947
2 153
1 11041
1 3695
2 9938
1 6759
2 6517
2 7745
1 1061
1 8245
1 10783
2 9037
2 701
2 2005
1 11195
1 1896
2 2433
1 3757
1 8128
1 2554
1 9992
2 3911
2 2104
1 3998
2 4024
2 6201
1 1404
1 3837
2 4089
2 12550
2 10078
1 1180
1 9227
1 4892
2 5820
2 6153
2 4756
1 2692
2 644
2 5978
2 7731
1 8805
2 402
1 1910
2 3400
2 7505
2 8660
1 2201
1 5617
2 5446
1 7943
1 3844
1 2567
2 4046
1 11335
1 12419
2 10223
1 3408
1 4011
2 5494
1 8106
2 2661
2 11398
2 6433
2 933
1 4236
2 9903
2 10220
1 497
1 5310
2 8426
2 1531
1 11812
2 7058
1 581
2 3607
2 3415
1 9667
1 2404
2 2123
1 5702
1 11077
1 5997
1 2256
1 4122
1 747
1 11357
1 4370
2 7778
1 1500
2 3353
1 5880
1 2270
1 5937
2 9910
1 11136
2 12955
2 11873
1 1337
2 1936
1 1522
2 1854
1 5151
2 6534
1 1905
1 4405
1 10383
1 1418
1 6352
1 9977
2 7963
2 2574
2 11229
2 3529
1 995
1 11789
1 7977
1 2981
2 5418
1 169
1 6480
1 3837
2 6151
2 6707
1 6613
2 6059
1 2804
1 4623
2 3796
2 5340
2 7323
1 9190
2 2574
1 3251
2 7956
2 4266
2 8992
2 5093
2 5184
2 11477
2 1437
2 310
2 4722
1 11
2 8663
1 1298
1 9096
2 10291
2 4066
2 3869
2 6382
2 11058
1 5970
2 9860
1 8971
2 12536
1 11247
1 9858
1 3659
2 11313
1 6576
1 4556
2 5907
2 5557
2 8013
2 10277
1 12432
1 624
2 1908
2 4290
2 3280
2 770
1 12973
1 8687
1 911
1 1577
1 6549
1 12729
1 9772
2 4994
1 11175
1 11841
1 3962
1 5356
1 9806
2 3160
2 12303
2 12077
1 3973
2 1013
2 9664
2 7003
1 12567
1 6825
1 11291
2 5925
2 12583
1 1092
1 9715
2 11655
2 5402
2 6245
2 12816
2 11433
1 4184
2 445
1 2452
1 4264
1 4350
1 4316
2 12415
1 12747
2 6239
1 251
1 11020
2 6767
2 11398
2 9177
1 6482
2 3124
2 1438
1 5591
1 2165
2 9879
2 2890
1 6067
1 7754
2 3102
2 1413
1 9240
2 7862
1 10486
1 771
2 5588
1 6319
2 4752
2 6142
2 10377
2 11345
1 1680
1 4379
1 10405
1 3266
1 8013
1 1810
2 4602
2 4807
1 10148
1 769
2 11503
1 4461
2 7157
1 3906
1 7269
1 11120
1 2508
1 1048
1 12587
2 3264
1 12512
2 7710
2 6114
2 11543
2 6400
2 304
2 873
2 4933
1 9329
2 8072
2 10586
2 740
1 3817
1 12330
1 4259
2 10948
2 8176
1 824
2 10711
1 10648
1 202
1 10328
2 3347
1 3343
2 2734
2 8257
1 12881
2 10572
1 9306
1 7929
2 536
2 1870
1 6660
1 10370
2 12257
1 9048
2 5290
1 11296
1 5963
1 954
1 5683
1 2045
2 9329
1 4871
2 4284
2 4517
2 7223
2 8701
2 6933
2 9066
2 1544
2 5792
2 4017
1 4633
1 6763
1 3616
1 10801
1 8523
1 6106
2 11246
2 12841
2 1270
2 6754
1 4235
2 1505
2 10369
1 12061
1 5048
2 10206
2 6499
1 12643
2 2527
2 3719
1 3285
2 5244
2 3657
1 608
1 12635
1 5024
2 12150
2 8666
1 3471
1 2455
2 3104
2 6297
2 9326
2 8729
1 8080
2 9917
1 2121
2 6240
2 720
1 5298
2 1725
1 11625
1 8711
1 8552
1 5836
1 71
2 832
2 507
1 514
2 2543
1 1947
1 9419
2 10096
1 6053
1 5866
2 5629
2 12996
2 6542
2 1301
2 7073
1 3359
2 3179
2 5295
1 1899
2 1966
1 12069
2 4223
2 1794
1 1778
2 4267
1 8416
1 7708
2 6800
1 6222
1 9194
1 4223
2 3978
2 213
1 7839
1 12009
1 4556
2 12681
1 590
1 6689
1 5471
2 4163
1 3347
2 10108
1 11297
1 10505
2 4780
1 6537
1 4363
2 2533
2 5998
1 7758
1 1426
2 3221
1 8382
1 10761
1 5447
1 5948
1 9449
2 6023
1 3847
2 3695
2 10268
2 7328
2 9691
1 12729
2 1356
1 4840
1 7225
1 5456
1 10520
1 1512
2 713
1 7294
2 5402
2 7652
2 9849
1 6025
1 2058
1 755
2 338
2 10019
2 1155
2 12498
2 5032
2 11547
2 1276
1 5760
1 6086
2 2266
2 7240
2 2043
1 3904
2 8118
2 6366
2 522
2 10951
2 3315
1 5290
2 1281
1 6737
1 4885
1 346
1 10561
2 4814
2 7855
2 3881
1 2021
2 8116
1 4831
1 2528
2 7109
1 12916
1 11455
1 4168
1 287
1 6194
2 10486
1 6009
1 10585
2 1649
2 12517
1 2367
2 953
2 7325
2 411
2 1535
2 8845
2 12119
2 4977
1 7926
1 459
2 11460
1 5598
2 1899
1 7050
1 3079
2 7333
1 8088
2 6055
2 1642
1 9034
2 12196
2 65
2 3185
1 2808
2 4748
2 5517
1 1167
2 2862
1 2766
1 7716
1 4863
2 7382
1 5556
2 4552
1 5381
2 3340
2 9975
1 1954
2 1706
2 8877
1 1474
1 12190
2 6611
1 5613
2 9787
1 7653
1 10730
1 4368
1 3637
2 10514
2 2892
1 11130
2 920
1 9471
2 12545
2 3199
1 2759
2 5589
1 3128
1 1116
1 8417
2 1711
2 144
2 6691
2 3850
1 11792
1 11960
1 5131
2 9735
1 11656
1 3304
2 9558
1 12685
2 9603
1 21
2 6329
1 3306
2 5353
2 6841
2 6680
2 6066
1 2775
1 7409
2 232
1 707
1 3557
2 1549
1 8594
2 914
2 8894
1 8867
1 2375
1 9916
1 7284
1 757
2 358
2 7974
2 4705
2 4798
1 8783
1 8246
2 839
2 11657
2 4412
1 999
2 8208
2 3442
1 12531
1 10369
1 3287
2 6635
2 6678
1 7222
2 5829
2 1657
1 7298
1 7414
1 5941
2 5900
1 4811
1 5844
2 6369
1 5562
2 5543
1 4367
2 9226
1 4117
2 1982
2 5506
1 1476
2 4016
2 1985
2 10092
1 8079
1 5126
2 7752
2 472
2 1439
2 5475
2 12082
2 9734
2 1741
1 8417
2 12080
2 9641
1 6517
1 7180
2 8978
1 1048
1 4086
2 5382
2 1353
1 1029
2 5332
2 2468
1 980
2 10952
1 3017
2 3720
1 1476
1 12868
2 3904
2 7653
2 1807
1 2937
1 3032
1 11222
1 10200
1 9009
1 11040
2 3799
1 2997
2 10084
1 3317
2 8177
1 2296
2 12476
1 2365
2 4211
1 10231
1 10232
2 1840
1 2932
1 3805
1 11797
1 10793
1 12762
1 1126
2 7545
1 12449
1 3214
2 11902
1 11407
2 4709
1 9829
1 8403
2 3830
2 3971
2 1537
2 70
2 1897
1 10673
1 7318
1 6447
2 3176
1 1534
1 10989
2 4814
1 10957
2 6751
1 7525
1 170
2 1977
2 6435
1 4333
2 1365
2 9165
1 10303
2 467
1 8806
2 865
1 235
1 3399
1 4478
2 11312
2 5155
2 1281
1 6076
2 7737
2 319
2 3583
1 6986
2 3576
2 2852
2 712
1 677
2 10155
1 12528
2 12308
2 11504
1 11006
2 3130
1 3586
1 10290
1 4368
2 2488
1 6289
1 155
2 5459
2 8334
1 11526
2 10995
1 480
1 9934
2 620
1 4732
1 6929
2 10427
2 2663
1 7978
2 5708
2 4117
2 1953
1 6258
1 8567
2 7008
2 12118
1 89
2 4086
1 10052
2 10975
1 4624
2 7855
2 4878
1 7706
1 3703
2 10951
1 3462
2 1584
1 9142
1 10698
2 5975
1 3198
1 10517
2 110
1 4258
2 2444
2 9878
1 1680
2 9860
2 4713
1 11950
2 5175
1 4787
1 4390
1 2048
1 2308
1 5885
1 6982
1 2698
1 5576
2 4009
2 8677
1 8813
2 7422
1 9524
1 6350
1 5137
1 10813
2 205
1 12386
1 7911
2 11207
1 929
1 1656
1 6813
2 9860
2 7536
1 5752
2 214
2 9680
1 8102
1 1551
1 11375
2 10184
1 1371
1 9022
1 1363
1 5321
1 12147
2 6674
1 9904
2 690
2 383
2 11022
1 5791
1 4941
2 3906
2 1292
2 3704
2 9962
2 6717
1 6016
1 5428
1 3467
1 1052
1 3694
2 9474
2 10449
2 7943
1 4574
2 5187
2 1582
2 7489
1 4215
2 10325
1 8937
2 2524
2 3825
1 8363
2 9813
1 2307
1 2642
2 12955
1 4338
1 2846
1 466
2 967
2 6331
1 11018
1 11766
1 4901
2 11022
2 7079
1 11409
1 7815
1 7111
1 4048
1 8950
1 4940
1 11445
1 3807
2 2024
1 5629
2 4500
1 6438
2 6827
1 2720
2 5481
1 7286
2 12928
1 11361
1 3537
1 2028
2 10020
1 252
1 1514
1 10615
2 1313
2 8828
1 6824
2 5236
2 7316
2 4071
2 234
2 2290
2 1581
2 4271
1 5618
1 11006
1 7987
2 9571
1 337
1 3072
2 11901
2 10684
1 2624
2 6748
1 122
2 5097
1 1016
1 5082
1 11306
2 979
2 4700
1 822
2 490
1 8810
2 7129
2 7593
1 3324
1 8246
1 12341
1 9550
1 6636
1 6710
1 12989
1 2430
2 6005
1 381
1 11317
2 6629
2 442
1 3040
2 6460
2 10834
2 11853
1 7953
1 2765
2 603
1 4756
2 5143
2 6359
2 7951
1 10087
1 4531
1 7822
2 5122
2 2187
2 1029
2 480
2 6532
2 11034
2 7477
2 5112
1 11338
1 5808
1 8163
1 2759
2 8499
1 10695
2 5647
1 1454
1 11773
1 2877
1 7937
1 3766
2 8502
1 8377
2 7115
2 2648
2 2803
2 4697
2 162
2 9173
1 11549
1 10247
1 12641
2 4575
1 3902
2 327
2 7157
1 9477
2 4336
1 667
1 11394
2 10291
1 7591
2 10527
1 7692
2 4936
1 11346
2 12357
1 5887
2 1895
2 4374
1 1931
1 4472
1 9127
2 1171
1 5656
1 8234
1 9083
2 6069
1 1370
2 3306
2 7274
2 8684
1 3147
2 619
2 3015
2 3596
1 2743
2 9363
1 6114
2 6990
1 10063
1 2252
1 10646
1 4917
2 3338
1 643
1 5761
2 11434
1 3775
1 10068
1 9119
1 5289
2 7396
1 2237
2 2727
1 3553
2 3418
1 1758
1 6260
2 4896
2 11510
2 11880
2 8094
1 1244
1 3297
2 4859
2 1047
1 6715
1 8185
2 5662
2 5838
2 11397
1 8679
1 4691
1 11559
2 309
1 9703
1 5512
2 7857
1 6379
1 7115
1 11311
2 3222
1 12220
2 6448
2 6902
2 7671
1 6673
1 5847
1 216
2 1526
1 11772
1 3237
2 6803
1 3217
1 1806
2 2060
2 6904
2 6726
1 12924
2 4719
1 9918
1 6642
1 4309
1 8354
1 431
2 8800
2 909
1 5936
2 11409
2 10464
1 9646
1 9467
1 5582
1 453
2 258
2 8344
2 2061
2 4678
2 12777
1 6440
1 7591
2 11838
1 1961
1 6824
1 5147
1 12540
1 12257
1 409
2 10914
2 4956
1 11734
2 4097
2 915
2 10436
2 1862
2 10776
1 7880
1 984
1 9943
2 3964
1 10296
1 9974
1 5849
1 230
1 4699
2 139
2 6640
1 7027
1 689
2 3852
1 6659
2 8843
2 4179
2 11238
1 416
1 3389
2 7064
2 1646
1 12406
2 9474
1 10898
1 3793
1 2808
1 7917
1 6054
1 2750
1 3809
2 8553
2 2527
2 10415
1 8019
1 6635
2 4820
1 11860
1 2222
1 4956
2 5165
2 6064
1 12151
1 5521
2 11842
1 11378
2 9263
2 7090
2 12661
1 10452
2 8936
1 3438
1 9859
1 10736
1 4139
1 4229
1 4782
2 1678
1 7893
1 7629
2 3582
1 5263
1 285
1 3374
1 2243
2 2942
2 5663
2 6110
1 6173
2 12513
2 8844
1 582
1 5797
2 4020
1 8800
2 4002
2 2729
2 11358
2 5915
2 4829
1 867
1 10059
1 6705
1 1626
1 7450
1 11088
2 34
1 8805
2 112
1 12362
2 7418
1 5368
2 1667
1 2967
2 4042
1 7078
2 2285
1 7099
2 8949
2 5236
1 4003
2 11173
1 716
2 12658
2 9329
1 10792
2 3906
1 11727
1 8941
1 4282
2 11329
1 8554
2 10711
2 480
1 2291
2 7922
1 10144
2 3904
1 1978
1 11175
2 512
1 2053
1 3897
1 11814
1 4557
1 4543
2 5752
2 8889
1 7523
1 2272
2 2404
1 9173
1 10039
1 10465
2 1452
1 5122
1 2115
1 6475
1 8174
2 2871
1 3918
2 5950
2 4064
1 9451
2 3792
1 8829
1 343
1 3981
1 11858
2 6231
2 2779
1 9469
1 7292
2 4272
2 9993
1 3104
1 653
2 8518
2 4632
2 7112
1 215
2 3461
2 12404
1 7769
1 392
2 3395
1 4750
1 2990
1 6122
2 13
2 3458
2 226
2 10252
2 10616
2 5064
2 1015
2 2255
1 6296
2 3196
2 6539
1 3129
2 6269
1 4862
2 11429
1 4846
2 10689
2 8450
2 3453
2 7202
1 3268
1 3817
2 10737
2 5000
2 9816
1 9406
2 6721
1 6022
1 5053
2 1457
2 9732
1 7167
1 11574
2 6696
2 10200
2 1383
2 1850
1 12657
1 12894
2 467
2 5924
2 9266
1 3484
1 4414
1 8067
1 6730
2 1649
1 717
2 3362
1 5700
1 7693
2 6372
2 857
2 3595
2 5070
1 3598
1 4107
1 552
2 7804
2 3578
1 8982
2 12342
2 5134
1 1752
2 4334
2 6511
2 3586
1 6672
2 6139
1 2020
1 6353
2 7571
2 12206
1 1121
1 12088
2 12480
1 12824
1 4575
1 7641
1 5297
1 6194
1 4256
2 7808
1 9179
1 2662
2 334
1 5334
1 1418
2 4717
2 2604
1 4250
1 11018
1 4271
2 8484
2 11363
2 2231
2 4694
2 6839
2 12791
2 12022
2 7051
1 11016
2 4807
2 4402
2 5952
2 3178
1 472
1 2016
2 11588
1 10437
2 995
2 130
2 1242
1 3245
2 12166
2 3488
2 978
2 555
1 3602
1 12947
1 646
1 8634
2 11371
2 11224
1 9926
2 3346
2 8739
2 4035
2 2365
2 8769
1 1839
1 1561
1 11306
2 8053
2 8520
1 637
1 10352
2 4772
1 11371
2 2556
2 5559
1 6972
2 2993
1 2377
2 6177
2 12483
1 12216
1 850
2 10717
1 624
2 2097
2 4057
1 4047
1 3168
1 2096
1 9156
1 2573
1 1315
1 6430
1 285
2 3444
2 3772
2 9906
2 6962
2 3009
1 4460
2 8140
2 3110
1 6753
1 3783
1 441
2 1790
1 5017
2 6221
1 4458
2 12813
2 9287
2 5099
1 9557
1 2129
2 3871
1 7064
2 12658
1 2236
2 3918
1 12584
1 5271
1 692
1 1219
2 2852
2 10221
2 12947
2 11177
1 5936
1 7785
2 11816
1 8111
1 1948
2 3932
1 8500
2 5344
1 9315
2 4187
2 10021
1 4931
1 4375
1 135
1 9598
1 2244
1 3371
1 2941
1 5878
2 8889
1 3240
1 4208
1 6661
2 12413
1 7337
2 6291
2 4330
2 1721
1 5039
1 3815
2 2375
1 12430
2 6733
2 8115
2 9331
2 10716
1 11845
1 5774
2 3871
1 12935
1 6785
1 9959
2 1402
1 2580
2 12939
1 1150
2 277
1 12336
2 6429
2 6433
1 6191
1 10762
1 2442
1 2120
2 5282
1 12300
1 1339
1 1769
1 2413
1 10085
2 2643
2 12764
1 9768
1 9914
2 6716
1 1456
2 2331
2 4545
2 2559
2 1468
2 11903
1 1252
2 10992
2 2799
2 12235
1 5932
1 8335
2 2249
2 1473
1 5236
2 11089
1 5784
1 1622
1 5170
1 1036
1 8084
2 9741
1 2193
1 4047
1 3634
1 6669
1 9169
1 5744
1 7237
1 8479
1 3493
1 4124
1 448
2 3793
1 12164
2 11954
1 7662
2 429
2 3106
2 1120
1 2826
2 10442
1 12268
1 9373
1 7791
2 8266
1 1999
1 9709
2 2058
2 6034
2 9873
2 11776
1 1171
2 2294
2 10630
2 9604
1 7431
2 12978
2 11748
1 8574
1 12785
1 1242
2 2648
1 45
1 8652
1 3003
2 1295
1 2207
2 4850
2 11360
2 3222
1 4969
1 777
1 94
2 9787
1 11708
1 12521
2 11280
1 529
1 5339
1 775
2 4980
1 784
1 11798
1 3373
1 811
1 10226
1 8234
2 6391
2 301
2 6911
1 1982
1 12576
2 6643
1 1010
1 5183
2 6475
2 6707
2 1810
2 10645
2 3450
1 6296
2 1642
2 1724
1 4307
2 575
1 2537
1 1380
1 1029
1 5059
2 2114
2 3874
2 3000
2 12322
1 9197
2 7620
2 12994
1 7318
2 3517
2 7081
1 9059
2 10285
2 7433
1 6199
2 12930
2 7649
1 7523
1 859
2 3173
1 4193
1 6891
1 6212
2 9957
2 7382
2 2324
1 6720
1 4152
1 9726
2 11486
1 46
2 829
2 12996
1 11963
2 1594
2 7483
1 6846
1 10491
2 2380
1 6259
2 150
2 2120
2 9369
2 8129
1 8890
2 2937
2 5841
2 10015
1 3613
1 2819
2 5079
1 5690
1 2203
1 644
1 6469
2 2555
2 2216
1 12615
1 4837
1 7968
1 1698
1 1147
2 513
2 3280
1 10402
2 4827
1 4395
2 2290
2 9183
1 3191
1 8829
2 1239
1 1099
1 8569
1 2475
2 5915
1 4997
1 11898
1 1372
1 3384
2 9733
2 2611
1 5397
2 4051
2 3563
2 2788
1 126
2 6973
2 480
2 9936
1 11411
2 6491
2 12795
1 12254
1 5205
2 3127
2 901
2 5146
2 1790
2 5941
2 4350
1 8979
1 4104
2 158
2 8270
1 2250
1 2622
2 1880
2 3564
1 4705
2 9641
2 8972
2 6131
2 530
2 6285
2 4663
2 7712
2 3659
1 11513
1 1394
1 2237
1 1633
1 5627
1 6842
2 4169
1 9321
2 12626
2 10960
2 5574
1 1209
1 6442
1 12730
2 6745
1 6613
1 955
2 1320
2 3918
2 4395
2 10722
2 4568
1 6705
1 6600
1 11879
1 331
1 1774
1 12288
1 8829
1 11086
2 4474
1 9977
1 2806
2 5314
1 10936
2 4664
1 2284
2 292
1 12661
1 316
1 5968
2 2293
1 8276
1 10686
2 7863
1 2179
1 1386
2 11007
2 2520
2 718
2 5915
2 1690
2 10232
2 444
1 684
2 438
2 5702
1 5862
1 2246
2 11749
2 10735
1 3192
1 6826
1 12079
2 5099
1 3149
1 103
2 12840
2 12798
1 729
1 5654
1 2285
1 3504
1 1253
1 10319
1 2635
2 5718
2 1351
1 8904
1 7689
1 2318
2 3423
2 2749
1 8601
1 1527
2 4819
1 6843
1 5763
2 4575
1 12652
1 3516
1 8393
2 6858
1 4310
1 4590
1 3684
1 6570
2 1396
1 12724
2 10350
1 505
1 11890
2 220
2 9662
1 1425
2 2049
2 9095
2 7191
2 2517
1 8998
2 1316
2 4801
2 3486
2 4891
2 6597
2 5047
2 1367
1 3621
2 10912
1 11663
2 6112
1 3869
2 11703
1 2085
2 1135
1 1079
2 10209
2 1128
2 5546
2 4238
1 3095
2 4540
2 9054
1 8661
1 9511
1 7262
1 5003
1 2807
2 5916
2 179
2 4694
1 6953
1 12789
2 873
1 12006
1 3963
1 5410
1 12796
1 9592
2 5930
1 8770
1 4379
2 4011
1 11297
1 9239
1 8536
1 8188
2 9523
2 7272
2 11132
1 9971
2 11403
2 126
2 12368
1 1780
1 1548
2 11600
2 2517
1 9895
2 4505
1 4407
1 12270
2 1224
1 198
2 8570
1 4584
2 5552
2 2325
2 10828
1 4465
1 10730
1 10675
1 5377
1 70
1 9423
1 11872
1 2244
1 8379
1 5955
1 10587
1 1988
1 4799
2 5174
2 7307
1 11187
1 7877
1 3099
1 4438
2 406
1 6244
2 2676
2 12038
2 12111
1 5752
1 11540
2 9567
2 9294
1 927
2 9339
1 5587
1 5107
2 1820
2 4622
1 7703
2 3381
2 10440
2 3045
2 11915
1 6455
1 11092
2 1755
2 525
1 10182
2 1313
2 12097
2 5214
2 6421
2 1792
1 1811
2 1836
1 5465
1 12874
1 4466
2 383
1 7188
2 4529
2 5921
1 7812
2 6742
2 5348
2 1040
1 9204
2 6119
2 10247
2 8027
1 2174
2 975
1 12649
1 1723
1 825
2 919
2 3005
1 596
1 5515
1 5293
2 4546
2 3070
1 2541
2 5660
1 7691
1 9869
1 861
1 7697
1 455
2 1841
2 6130
1 3415
2 3657
1 2726
1 2763
2 2316
2 9073
2 6405
2 5249
2 2889
2 6282
2 1553
1 9936
2 806
2 12170
2 6459
1 10922
2 8140
2 7133
2 3031
1 9348
1 3681
1 1450
1 12036
2 5783
2 5584
2 9764
1 3072
2 12016
2 4407
1 2955
1 3458
1 11561
1 11719
2 1041
2 5542
2 5638
2 6495
1 1549
2 2036
2 2176
1 12752
1 1539
1 1961
1 3918
1 7834
1 11626
1 1332
2 6143
1 1470
1 3572
2 7299
1 5433
1 4787
1 2130
1 4556
1 12357
1 26
2 8590
2 5836
1 3960
2 9281
2 10887
1 8355
1 7499
1 108
2 5272
2 12958
1 11804
2 8215
2 537
1 7988
1 11827
2 5501
2 4788
2 9090
1 12431
1 4940
1 4025
1 343
2 11502
2 2342
1 1803
1 952
1 9792
2 4666
1 6537
2 8341
2 9525
2 11665
2 8126
1 6962
1 12658
1 12857
2 6217
1 5959
2 2224
1 5510
2 718
2 8792
2 6477
1 4956
1 7947
2 7629
1 3658
2 11470
1 2180
1 7468
2 2171
2 10082
2 4991
1 7339
2 4473
2 10643
2 7921
2 1998
1 9603
1 10062
1 5007
1 1951
2 7169
2 7797
2 2182
2 12168
1 6768
2 9055
1 12763
1 7771
1 12561
1 2701
1 8435
2 5171
1 10490
2 4887
2 2541
1 712
2 2507
2 453
2 8715
2 9935
1 8218
1 12910
2 765
1 3551
2 10072
1 2573
2 12174
2 4222
1 1657
2 4031
2 11029
2 98
2 6088
1 11638
2 7717
1 9720
1 9793
1 8177
2 5189
1 3752
1 1021
2 2074
2 864
1 11375
1 9594
2 6023
2 5998
1 3372
1 3832
1 2785
1 3778
1 7251
1 3501
1 5384
1 738
2 12062
1 5233
2 3484
2 7658
2 12631
2 11595
1 12550
1 8169
2 574
2 3162
2 3485
1 6075
1 5337
1 2853
1 4145
2 541
2 12175
2 4732
1 4940
1 5292
1 1068
1 5389
1 2996
2 3846
2 2361
2 6472
2 1258
1 9135
1 12793
2 10098
2 2614
1 3614
1 1101
2 9278
1 2577
1 3854
1 8545
1 10207
1 5673
2 9917
2 5628
2 11656
1 6553
2 6912
2 284
2 3220
2 7262
1 557
1 2695
2 4902
2 1923
1 6623
2 8995
1 2323
1 54
2 10462
2 7583
2 12115
2 6977
1 10940
1 3784
2 939
2 3330
2 6322
2 1054
1 5374
2 5971
1 7393
2 2668
1 10671
1 2610
1 6609
2 6283
1 9217
2 602
1 5109
1 279
1 5015
2 11449
1 8748
2 7120
1 6428
2 7336
2 6146
1 2587
2 1996
1 12134
1 5141
1 5791
1 6601
1 2197
1 4425
1 6600
2 4872
2 10179
1 796
1 5616
2 6073
2 2866
2 1219
1 2856
2 3010
1 6185
1 11195
2 4251
1 2877
2 9385
2 10321
1 356
2 11973
2 1008
1 314
1 8107
1 3517
2 5570
2 9067
1 10356
2 3161
1 4483
1 2795
1 6352
1 5155
1 4790
2 8508
2 5234
2 7287
1 8353
2 9966
2 6171
1 776
2 12382
1 11732
1 46
2 401
2 3372
1 7781
1 4093
1 9284
2 6428
2 3892
2 5698
2 5750
1 2093
2 12072
1 4695
2 1065
2 4169
2 3140
2 12199
1 649
2 3965
2 8184
2 2786
1 6616
1 3244
1 12191
2 6293
1 4802
1 500
2 303
2 2647
1 9337
2 10720
2 8876
1 2093
2 5866
2 9997
1 3086
2 1287
2 2702
2 1413
2 2782
2 11874
1 9851
2 5775
2 12453
1 12308
1 48
2 525
1 6572
2 4394
1 12444
1 2900
2 10221
1 4997
2 5904
2 2968
2 7857
1 7305
1 2576
2 4581
2 432
2 6197
1 1390
2 10231
2 5516
1 470
1 12815
1 6267
1 446
1 6627
2 12780
1 1171
2 800
1 4298
1 5394
1 5974
1 12273
1 10218
2 4827
2 2182
1 884
2 5839
2 7379
2 8385
1 1201
2 5970
1 8627
2 5448
1 4274
1 8110
2 3458
1 9707
2 3359
1 4284
2 9255
1 6883
2 4899
1 2495
1 5039
2 1238
2 12813
2 8825
1 781
2 9151
2 1905
1 4540
1 9653
2 6227
2 12196
1 7618
1 3377
1 301
2 3747
1 6046
2 3437
1 12203
1 8500
1 8840
2 4010
1 2559
2 595
2 5701
2 6374
1 8374
2 4942
1 756
2 9866
2 28
2 122
2 12642
2 8715
2 1119
1 5060
2 6207
2 9354
2 5648
1 6673
2 4783
2 9980
1 453
2 3806
2 9778
1 594
2 1889
2 3449
1 11445
2 2218
1 2754
1 11414
1 7127
1 3356
2 2554
2 5050
2 7220
1 6870
2 2695
2 4420
2 9077
1 9009
1 11635
2 7431
2 12230
1 7097
1 9268
2 9370
1 6183
2 6529
2 7109
2 12296
2 60
2 4413
1 5724
2 768
1 6125
1 4222
2 11642
1 11430
2 11550
2 8706
2 4054
1 5088
1 3967
2 2121
1 4074
2 3793
2 2893
1 11177
2 4397
1 4954
1 7632
2 9619
2 8287
1 156
1 12499
2 7131
1 12128
1 9847
1 7616
2 2188
1 601
1 6351
2 2321
1 6306
1 9192
1 7665
2 1928
1 5086
1 10569
1 9210
2 5488
2 4733
2 3968
1 1049
1 12113
2 12682
1 1840
2 12360
2 12328
1 1839
2 2591
2 12014
2 3116
1 11248
2 5720
1 7544
1 1002
2 5072
2 5752
1 212
2 5450
1 3362
1 8801
2 12565
1 7136
2 162
1 1930
2 5930
1 6380
1 4697
1 2828
1 8230
1 3075
1 1516
1 1047
2 7977
2 1932
2 3957
1 7491
1 9597
2 283
1 4321
1 9008
1 2226
2 12913
1 10064
2 2750
2 3459
2 8746
2 7865
2 9885
2 3567
2 10478
2 6931
1 12543
2 4978
1 6152
2 6637
2 3321
2 5841
1 11754
2 1183
1 8965
1 9777
1 9671
2 7422
1 2923
1 10864
2 6480
2 788
1 3284
2 4810
1 6136
2 1166
1 6525
1 830
1 11487
1 12388
2 2650
2 3614
2 10283
2 11764
1 816
2 98
1 11410
2 696
1 1738
2 550
2 1706
1 3467
1 11205
1 2368
1 7473
1 8520
1 372
1 5523
1 2325
1 1436
2 7612
2 5391
1 8589
1 11630
1 7089
1 2846
2 878
2 4838
2 6872
1 4216
1 2687
1 1387
2 10467
1 1640
2 10085
2 3947
2 11288
1 6677
2 6576
1 7536
1 9218
2 6626
1 5212
1 4541
2 12734
2 5790
1 5577
2 5069
2 4359
2 9756
1 6164
1 10620
1 3515
2 9316
2 8548
2 3092
2 1164
2 6241
1 10349
1 10881
1 12160
1 11626
2 6744
1 2613
1 2937
1 249
2 9241
1 7206
1 11357
1 10254
2 3919
1 1715
2 12431
2 7397
1 5472
1 7362
1 5213
1 11075
1 8491
1 11573
2 4784
1 1149
1 5004
2 7728
2 1111
2 5322
2 2724
1 9092
1 10148
1 1148
1 6078
1 5760
1 8117
1 5914
2 1506
2 6003
2 5412
1 12305
1 5454
2 1947
2 7232
2 1167
1 1768
1 6649
1 4674
1 9671
2 1437
2 6050
2 8561
2 9272
2 8486
1 160
1 9726
2 6989
2 4206
2 7359
2 2336
2 4398
1 4405
2 3008
2 2761
1 8797
1 903
2 11018
2 3623
2 12859
1 7206
2 4340
1 861
1 8289
2 6580
1 4196
2 8504
1 5903
1 1298
2 2835
2 8626
2 11176
2 1140
2 4878
2 314
2 1043
1 7986
1 4038
1 3577
1 5948
1 48
2 961
2 5207
2 2226
1 3191
1 5760
1 3644
1 2342
1 5354
2 119
2 3639
2 2314
2 1690
1 560
2 7867
2 1064
1 10323
2 1127
2 1613
1 8030
1 7605
2 6919
2 11887
1 5721
2 3531
1 4732
2 928
2 10742
2 6031
1 2104
2 114
1 6083
2 5196
1 3671
2 3818
2 10332
2 12371
1 9954
1 1820
1 3551
1 6271
2 8143
2 10276
1 6289
1 11960
1 7215
2 3166
1 110
2 4772
1 2535
2 2383
2 1269
1 2633
1 6703
2 4370
2 3497
1 10412
2 2582
2 7172
2 6265
1 5046
2 2101
2 3495
1 12064
1 2929
2 6935
2 3491
1 10862
2 2311
1 4280
2 1625
2 4806
1 644
2 1251
1 9798
1 871
1 9095
2 1241
2 5342
2 11523
2 629
1 8057
2 10791
2 8722
2 10174
2 5299
1 12137
2 11848
1 966
2 6084
1 6732
2 5194
1 10301
2 7853
2 8266
1 5413
1 5376
1 12355
1 5089
2 2344
1 5534
1 7345
1 5083
1 1877
2 8619
1 1521
1 3782
2 5604
2 328
2 1423
2 10364
1 5784
1 5753
1 8255
1 9891
2 4343
1 12709
2 3505
2 12638
2 1966
2 9226
1 6508
2 9915
1 8195
1 11222
1 1640
2 5587
2 10570
