1000
2 42
1 335
1 170
1 479
1 963
2 706
2 282
2 962
1 996
1 828
1 392
2 903
1 293
1 422
2 719
1 448
1 772
1 870
2 668
1 36
2 704
2 323
1 674
2 142
1 254
1 548
2 663
2 38
2 724
1 530
2 317
1 191
1 289
1 41
1 265
2 447
2 891
1 371
2 7
1 394
2 630
1 85
1 757
1 967
1 932
2 945
2 627
1 538
1 119
2 930
2 834
1 640
1 705
1 978
1 674
2 22
1 925
2 271
2 778
1 98
1 987
1 162
2 356
1 656
1 32
1 351
1 942
1 967
2 108
2 8
2 458
2 754
2 946
1 210
1 222
1 423
1 507
1 414
2 901
2 763
2 411
2 625
2 549
2 596
1 603
1 292
1 375
2 597
2 349
1 669
1 282
2 54
1 419
1 901
2 128
2 729
2 649
2 808
2 311
1 814
1 310
2 936
2 601
1 520
2 799
1 225
2 845
1 990
2 196
2 94
2 524
2 315
1 449
1 459
1 581
2 799
1 590
2 10
1 473
1 539
2 39
2 191
2 959
1 816
2 157
1 203
2 273
1 329
1 363
2 876
1 870
1 845
1 882
2 323
2 22
1 558
2 893
1 76
1 601
2 4
1 862
2 402
2 256
2 3
2 183
1 89
2 618
1 833
1 170
2 722
2 977
1 369
2 426
2 435
1 442
1 146
2 719
2 140
1 280
2 688
2 550
2 867
2 194
1 298
2 287
1 489
1 456
2 115
2 317
2 787
2 314
2 186
1 913
2 833
1 314
1 322
1 647
1 482
1 197
2 130
1 536
1 174
2 45
2 293
1 254
1 155
2 746
2 187
1 475
1 169
2 788
2 959
2 203
1 478
1 315
1 335
2 373
1 834
2 488
2 519
1 774
1 764
2 193
1 103
2 214
2 803
2 528
1 544
1 24
2 62
1 4
2 506
2 726
1 493
1 223
1 65
1 188
1 414
1 271
2 236
1 712
2 897
1 286
1 141
1 696
2 20
1 577
1 659
1 372
2 679
1 852
1 19
1 120
2 801
1 61
2 11
2 171
2 577
1 44
2 165
1 883
2 566
1 578
2 626
1 630
1 424
1 903
1 124
2 738
2 196
1 265
1 203
1 31
2 12
2 412
1 154
1 791
2 189
2 941
2 663
2 901
1 959
2 366
1 478
2 59
1 304
1 358
1 478
2 114
1 802
1 461
1 994
1 406
1 112
1 836
1 73
2 824
1 557
2 627
2 527
2 338
2 870
1 897
1 618
1 718
2 586
2 424
2 230
1 560
2 297
1 54
1 585
1 655
2 458
2 533
2 608
2 912
1 68
1 676
1 224
2 755
2 742
2 460
1 222
1 627
2 206
1 851
2 280
1 194
1 638
2 557
2 177
1 963
1 882
2 414
2 856
1 143
2 612
1 425
2 753
2 297
2 41
1 876
1 819
1 18
2 113
2 170
1 41
1 686
2 498
2 991
1 354
1 652
1 45
2 336
2 193
2 265
2 504
1 776
2 293
1 550
2 562
2 468
1 130
1 814
2 602
2 216
1 214
2 825
2 393
1 671
1 28
1 76
1 499
2 288
2 605
2 222
2 707
2 11
1 490
1 165
2 620
1 592
1 819
2 751
2 976
1 304
2 99
1 585
1 972
2 914
1 546
1 547
1 770
2 520
1 290
1 866
1 246
1 319
2 602
1 133
2 153
2 571
2 902
2 424
2 601
2 16
2 29
1 348
2 944
2 410
2 50
1 589
1 609
1 222
1 955
1 147
2 950
1 431
2 749
2 537
1 36
1 186
2 854
1 225
2 924
1 258
2 945
1 319
2 412
2 356
1 550
2 585
1 965
2 76
1 143
1 949
1 427
2 174
2 405
1 627
2 376
1 566
2 737
1 815
1 257
1 937
2 483
2 16
2 231
2 626
1 638
1 691
1 663
2 894
1 417
1 9
1 234
1 304
1 304
1 149
2 318
1 110
1 201
1 319
2 51
1 362
1 904
2 644
2 903
1 490
2 283
1 675
2 403
2 832
2 879
2 9
2 972
2 946
1 505
2 686
2 699
1 723
1 38
1 462
2 509
2 960
2 516
2 938
1 59
1 972
2 118
2 556
2 331
1 213
1 83
1 86
1 485
2 381
2 952
2 116
1 111
1 74
1 978
2 957
1 114
1 942
2 724
1 29
1 779
2 72
2 975
2 334
2 154
2 169
2 677
1 651
2 310
1 687
2 117
1 668
1 680
2 422
1 827
1 517
2 667
1 682
1 341
1 22
1 722
2 310
2 903
2 125
1 746
2 424
1 807
1 319
2 908
1 482
1 137
2 115
1 85
2 291
1 997
2 55
1 709
1 492
1 132
1 440
1 723
1 996
2 270
2 239
1 919
1 660
1 487
2 463
1 159
1 147
2 38
1 648
2 603
1 99
1 293
2 279
1 353
1 883
2 316
2 763
2 337
2 419
2 829
1 817
2 450
2 659
1 521
2 561
2 163
1 676
1 362
1 399
1 715
2 189
2 639
2 76
2 522
1 616
1 235
1 906
1 558
1 162
2 550
2 331
2 351
1 926
1 738
1 338
1 394
1 715
2 592
2 136
1 338
2 338
1 665
1 609
2 282
2 153
1 653
1 877
1 397
1 250
2 175
2 944
2 942
2 420
2 806
1 217
2 616
1 65
1 894
1 510
2 696
2 590
1 173
2 359
1 269
1 511
2 775
1 911
2 183
1 496
1 875
2 903
1 461
2 973
2 123
2 578
2 606
1 595
1 344
1 482
2 673
1 429
2 763
2 409
2 909
1 760
1 205
1 320
1 946
1 167
1 368
1 788
1 557
2 448
1 284
1 332
1 584
1 724
1 19
2 221
1 183
2 491
1 325
2 678
1 644
1 678
2 69
2 197
2 829
2 427
1 698
2 704
2 409
2 509
2 239
2 444
1 502
2 129
2 651
1 193
2 870
2 466
2 714
1 635
1 973
1 902
2 178
1 771
2 365
2 591
2 238
2 180
2 170
1 43
1 183
2 927
1 671
1 652
1 214
1 784
1 743
1 473
2 435
2 719
2 868
2 939
1 258
1 615
2 459
1 64
1 808
2 490
2 366
1 587
1 834
1 331
1 929
1 434
2 767
2 811
1 838
1 983
2 353
1 245
1 609
1 648
1 536
2 265
2 244
2 16
1 190
1 813
2 524
2 475
1 892
1 855
2 698
1 781
1 932
2 341
2 900
1 484
2 493
2 253
1 561
2 841
2 786
2 541
1 792
2 211
2 579
2 972
2 74
2 621
1 827
1 791
2 579
2 419
2 160
1 925
1 381
1 968
2 478
2 371
1 197
2 723
2 20
1 57
2 164
1 717
2 453
2 955
1 863
2 461
2 905
1 137
1 199
1 388
2 241
1 7
1 242
2 250
2 759
2 622
1 297
1 679
1 580
1 578
2 8
2 82
1 679
2 754
2 785
1 94
2 173
1 930
2 169
2 192
1 923
1 652
1 145
2 578
1 630
2 875
1 470
2 147
2 92
2 950
1 641
2 237
1 488
2 163
1 184
2 181
2 66
2 514
1 579
1 879
2 612
1 446
2 976
2 751
2 334
1 215
1 8
2 897
1 523
2 811
2 232
2 706
1 322
2 352
1 209
2 277
1 190
1 667
1 456
1 615
2 254
2 349
2 862
2 83
1 198
2 753
2 297
2 22
1 948
2 319
1 377
1 860
2 75
2 923
1 644
1 154
1 748
1 927
2 451
2 962
2 856
2 717
2 562
1 474
2 551
2 182
1 700
2 644
2 173
1 982
2 477
1 248
2 672
1 373
1 990
2 166
2 659
1 207
1 949
1 172
2 397
1 21
1 530
1 110
1 970
2 618
1 627
1 169
2 929
1 119
2 200
2 487
1 421
2 272
2 416
1 319
2 332
1 388
2 187
2 361
2 75
2 153
2 269
2 886
1 312
1 678
1 769
1 414
2 543
1 39
2 356
2 648
1 94
2 988
2 494
1 502
2 448
1 754
2 85
2 526
2 965
1 873
2 657
1 594
1 81
2 412
2 969
2 217
1 769
2 532
2 780
2 260
2 937
1 366
2 721
1 681
2 456
1 72
1 560
1 603
1 906
1 376
1 886
1 81
1 798
1 509
1 341
2 59
1 741
2 475
1 98
1 336
2 401
1 956
1 142
1 482
1 316
2 226
1 13
1 456
1 44
1 22
1 513
1 19
1 718
1 651
2 336
2 170
1 304
2 980
2 106
2 662
2 653
2 34
1 988
2 254
1 421
1 719
2 64
1 653
1 770
2 6
2 595
1 327
1 324
1 680
1 589
2 272
1 222
2 184
1 956
1 780
2 263
1 488
1 34
2 936
1 994
2 963
2 2
2 808
1 670
2 672
2 999
1 598
1 839
2 373
1 29
2 802
1 491
2 602
1 198
2 772
2 302
2 722
2 422
2 611
1 742
2 813
2 16
1 394
1 280
