2000
1 1609
2 1823
1 246
1 145
1 1340
2 605
1 226
2 1725
2 331
1 224
1 1131
2 988
1 806
2 1751
2 1339
2 136
1 210
1 1225
1 738
1 1921
2 294
2 735
1 1057
2 185
2 383
1 742
2 685
2 280
1 668
1 126
1 738
2 120
2 738
2 557
2 61
1 794
1 137
2 876
1 1185
1 720
2 477
2 1352
1 291
2 1073
2 190
2 1491
2 894
2 1064
2 1904
2 177
2 1696
1 469
2 1084
2 1516
1 1994
1 1723
2 829
1 400
2 1892
1 944
2 244
2 703
2 503
1 688
2 1892
1 414
1 817
2 1163
1 1127
1 1878
2 261
1 706
1 664
1 196
1 361
2 589
2 246
2 426
1 1190
2 1064
2 503
2 1100
2 1227
2 49
1 1571
2 1459
2 457
1 1532
2 820
2 557
1 1496
2 592
2 1389
2 1451
2 273
2 1384
1 1776
1 1570
1 1955
2 1586
2 1334
2 491
2 751
2 723
1 1612
2 339
2 1259
1 353
1 480
1 684
1 3
2 423
1 136
1 362
2 195
1 1189
2 43
2 1942
2 1470
2 381
1 965
2 62
1 74
2 1463
2 103
2 1155
1 1553
1 1150
1 245
1 1050
2 66
2 1553
2 471
2 748
1 1870
2 499
2 1353
2 54
1 523
1 1564
1 1851
2 1241
2 1493
2 581
1 1617
1 1179
1 616
2 799
2 1636
1 884
1 903
1 1421
2 1023
1 1842
2 889
1 1718
2 1699
2 1750
1 390
2 1620
1 4
2 1029
1 590
1 631
2 1865
1 296
1 1682
2 611
1 1072
2 460
2 841
2 1038
1 631
1 994
2 204
1 291
2 308
2 1152
2 891
2 641
2 1567
2 1662
1 246
2 652
1 1602
2 1210
1 1284
2 59
2 176
2 788
2 288
2 505
1 139
2 531
2 119
1 1541
1 460
1 399
2 1099
1 482
2 1568
2 597
1 1747
1 1671
2 1477
2 918
1 761
2 1759
2 256
2 727
2 1035
1 394
1 1274
2 194
2 138
2 1691
1 1695
1 628
1 990
2 1880
2 1150
2 670
2 1599
2 1437
2 124
1 1732
1 862
2 1386
2 817
1 705
1 954
1 224
2 793
2 49
2 1931
1 1815
2 1428
2 1605
2 475
1 507
1 1590
2 1810
1 1448
1 1819
1 1976
2 1090
1 67
1 841
2 677
1 642
2 1652
2 188
1 1086
1 1251
2 756
1 129
1 278
2 425
1 1873
1 886
2 647
2 479
2 926
2 1261
2 779
1 1856
2 928
2 1135
1 676
2 335
1 738
1 1975
2 357
2 81
1 146
1 1826
1 1574
1 1038
1 1906
1 1718
2 1540
2 947
2 232
1 840
2 830
2 1395
1 1646
1 676
2 73
1 481
1 898
2 1609
2 1278
2 135
1 1079
1 170
2 1479
2 1139
2 1427
2 1678
2 725
2 1701
1 863
2 449
1 685
2 1138
1 1994
2 945
1 822
1 644
2 678
2 1858
1 892
2 1624
2 73
2 842
1 1616
2 958
1 701
2 1094
1 1830
1 1228
1 225
2 275
1 886
1 171
1 630
1 1910
2 924
1 1401
2 194
2 1413
2 1768
1 678
1 705
2 1835
2 622
1 1735
1 543
1 87
1 1622
1 598
2 255
2 109
1 494
1 367
1 439
1 820
1 291
1 340
1 1809
1 1479
2 1788
1 75
1 828
2 1989
1 799
2 1003
1 105
2 1057
1 1834
2 1762
1 687
1 386
1 843
1 162
1 344
2 1188
2 1064
2 1935
2 657
2 1013
2 1960
1 739
2 125
1 8
2 952
1 490
1 1442
1 1014
1 856
1 1094
1 1403
2 1544
2 267
1 1276
2 533
2 1470
2 730
2 1893
1 1954
2 571
2 1473
2 495
2 441
2 263
1 608
2 361
1 1172
1 1948
2 524
1 490
1 1888
1 633
1 1740
2 523
2 161
2 706
1 1260
2 1688
2 43
1 46
1 1389
1 1155
1 1834
2 920
2 739
1 1777
1 315
2 1054
1 470
1 1723
2 1008
2 261
1 1794
2 718
1 1377
2 627
1 1335
1 172
1 965
2 867
2 665
1 1001
2 1101
2 1477
2 944
2 1790
1 1386
1 1435
2 1562
1 505
1 1889
1 158
1 1124
1 75
2 1838
2 1319
2 293
2 1833
2 462
1 1462
2 499
1 1292
2 180
1 318
2 1596
2 1937
2 1029
2 1910
2 1982
1 570
2 1884
1 1386
2 1231
2 682
1 311
2 1688
2 1478
1 765
2 1672
1 116
2 1312
2 1406
1 1172
1 741
1 1676
2 1791
1 999
2 1605
1 1632
1 389
2 719
2 260
2 610
1 1480
1 301
1 854
2 831
2 807
1 855
1 161
2 55
2 147
1 472
2 560
1 1422
2 367
1 686
2 1330
1 861
1 983
1 507
2 1980
1 1888
2 470
2 1541
2 1267
2 1510
1 318
2 54
2 259
2 1844
2 467
1 141
1 938
2 513
2 1552
1 1818
2 1293
2 1531
1 1297
1 390
1 1810
1 1745
2 183
2 121
1 293
2 215
1 808
2 706
2 1012
1 694
2 204
2 1763
2 947
1 1049
2 625
2 1955
2 1128
1 241
2 1128
1 1818
1 143
1 401
1 1477
1 936
2 1832
2 1538
2 1923
2 30
1 212
2 881
2 1294
1 786
1 444
2 556
1 1271
2 1376
1 1641
1 41
1 835
2 1540
1 797
1 1263
2 732
2 465
1 249
1 171
2 1183
2 1294
1 1333
2 332
1 1005
1 1027
2 1739
2 1624
1 442
1 1696
2 1660
2 629
1 1089
2 614
1 570
2 1680
1 1838
1 1116
1 1724
2 1449
1 1154
2 396
1 509
2 1412
2 1666
1 1203
1 829
2 1706
2 24
2 1716
1 1806
2 1479
2 1841
1 1286
1 969
2 634
2 349
1 33
1 1911
2 983
2 307
2 1861
2 1528
1 344
2 234
2 1172
2 943
1 1880
2 513
2 531
1 1235
1 1927
2 1192
2 189
1 720
2 1225
1 436
1 95
2 868
1 6
2 687
2 541
2 851
1 1579
2 678
1 43
2 1812
2 1144
2 1017
1 805
2 369
1 336
2 1326
1 24
2 619
2 397
1 1087
2 1847
2 1523
2 281
2 359
1 871
2 1874
1 1414
1 1897
2 451
1 642
2 1526
2 825
2 696
2 595
2 68
2 641
2 42
1 535
2 1001
1 622
2 1294
2 1718
2 1944
2 640
1 926
1 1979
1 851
1 445
2 1624
2 37
1 1347
1 62
2 239
2 887
1 1300
2 1729
2 1752
1 1992
1 1718
2 1094
1 1422
2 868
2 445
1 1202
1 943
1 1769
1 642
1 1263
1 1245
2 1626
1 1585
2 985
1 1150
2 1696
2 1033
1 1538
2 364
1 1220
2 1918
1 1919
1 1253
1 1270
2 138
1 425
1 28
1 1994
2 1272
2 894
1 1015
2 485
2 1496
1 1294
1 799
1 1300
1 494
1 1550
2 1315
1 70
2 866
2 1239
2 1253
2 509
2 1089
1 232
2 107
2 369
2 1259
1 1648
1 239
1 1724
2 707
2 1157
2 352
1 1119
1 98
1 592
2 511
1 652
2 1845
2 1742
2 579
1 1706
2 1786
1 625
2 357
2 228
1 103
1 1469
2 980
1 490
2 1491
1 411
1 1090
1 1951
2 123
1 1673
2 278
1 1977
1 1086
2 1752
2 1752
2 436
1 1073
1 717
2 1512
1 1839
1 940
1 1057
1 903
2 589
1 587
1 1778
2 1980
1 550
1 1246
1 63
2 720
2 1092
2 1786
1 1407
2 1955
1 710
2 422
1 1466
2 1861
1 336
2 1678
1 1006
2 1389
2 1144
2 131
1 556
1 1254
2 1755
2 489
1 9
2 941
2 998
1 455
2 238
1 500
1 1614
2 683
2 1352
2 1138
1 601
2 1684
1 969
1 1969
1 642
1 438
2 500
2 1870
1 1257
2 1641
1 1013
2 1821
2 1664
2 1898
1 775
2 1554
1 879
1 1625
2 76
1 713
1 625
1 505
2 56
2 463
1 85
2 1123
1 1398
2 1751
1 1918
2 932
1 1506
2 358
1 291
2 986
1 1085
1 726
1 1856
1 1339
2 429
2 743
2 1507
2 1054
1 506
1 1610
2 1855
1 240
1 210
2 500
2 1037
1 1648
2 1014
1 1713
2 1910
1 131
2 1035
2 287
1 667
2 737
2 1417
2 1950
2 845
1 1286
2 591
1 326
1 1669
1 1730
2 542
1 1537
1 717
2 1385
1 329
1 205
1 1524
1 1412
1 251
1 1484
1 142
1 846
1 1089
1 1108
1 1858
1 200
2 156
1 991
1 859
1 918
2 1968
1 235
1 1463
1 240
1 1096
1 315
2 587
1 1777
2 880
1 1813
2 1165
1 571
1 313
1 562
2 201
2 1857
2 648
1 1809
2 1453
2 619
1 8
2 548
2 1676
2 710
2 643
2 337
1 1502
1 130
2 1437
1 898
1 799
1 1106
2 1033
2 517
2 1580
2 1728
1 1314
1 141
2 489
2 1590
2 260
2 272
1 365
1 1013
2 1760
2 1575
1 1060
2 1650
2 523
2 417
2 1053
1 1892
2 1311
2 1056
1 1225
2 440
1 649
1 1835
1 1442
1 669
2 1177
2 634
1 1746
1 1016
1 1253
1 957
2 967
1 145
1 1335
2 1877
1 1206
2 292
2 1466
2 472
2 1701
2 17
1 625
2 1506
1 1503
1 1276
2 1633
2 47
1 4
1 1902
1 1154
1 1650
1 406
1 1026
2 337
2 1794
1 1533
1 1897
1 1777
1 551
1 1796
2 1351
2 37
1 1761
1 730
1 51
1 807
1 1585
1 1618
1 1067
2 389
1 1102
1 451
2 622
1 1039
2 594
1 281
1 1168
2 346
1 1866
1 834
2 633
2 1840
2 1818
2 754
1 614
2 253
2 1862
2 319
2 1814
1 1555
2 618
1 1430
2 1967
1 1943
2 1523
2 1588
1 1159
1 1763
2 947
2 381
1 1947
1 1298
1 465
1 585
1 716
1 1207
1 1303
2 834
2 1068
2 646
1 355
2 920
2 1989
2 1593
2 198
2 653
1 659
2 860
2 1000
1 121
1 37
2 913
2 1954
2 742
1 1568
2 845
2 1682
2 1109
1 1260
2 1850
1 27
1 1608
1 885
2 547
1 482
1 150
2 1339
1 794
2 1106
2 218
2 642
2 134
1 680
2 1556
1 1955
1 253
1 280
1 871
1 73
2 702
2 87
2 1481
1 261
2 939
1 991
2 982
1 1243
2 71
2 62
1 782
1 834
1 1564
1 503
1 722
2 1448
1 407
1 687
1 1578
2 684
2 1241
2 465
2 338
1 1169
1 1256
1 859
1 1657
1 1202
1 1277
1 703
1 1024
1 313
2 1476
2 851
1 1489
2 102
1 799
1 849
2 246
2 463
2 259
1 872
1 173
2 442
2 89
1 1977
2 299
2 1284
1 1998
2 1770
2 918
1 1021
2 1443
2 390
2 1481
1 778
2 382
2 523
2 980
2 1714
2 1736
1 187
2 649
2 753
1 1261
1 637
1 1920
2 793
1 1279
1 1497
1 1012
2 1548
2 1203
1 703
1 1540
1 258
1 1921
1 1360
2 1299
1 1961
2 1592
2 34
2 137
1 1776
1 377
2 273
2 1087
1 1516
1 1496
1 457
1 438
1 627
2 1086
1 909
1 1361
1 1155
1 1753
2 707
2 631
2 1180
1 314
2 518
2 146
2 1970
2 309
2 1763
1 1682
2 1148
1 709
2 716
2 1067
2 664
2 1542
1 632
1 515
1 1989
2 169
1 656
1 1445
1 279
2 1428
2 1524
2 1328
2 1462
1 1935
2 1588
2 1464
2 127
2 1496
1 407
2 1860
2 497
1 224
2 1880
2 127
2 1586
1 1372
2 1108
2 88
1 520
1 1716
2 493
1 258
2 960
2 887
1 1866
2 20
2 314
2 1029
2 469
2 457
1 1579
2 1396
1 1275
2 1025
1 586
2 972
1 96
2 1039
2 659
2 1723
2 232
1 233
1 1591
2 1409
1 703
2 1819
1 1562
1 1029
1 1714
1 1093
1 468
1 1359
1 1988
1 984
1 1265
1 747
2 426
2 1164
2 1793
1 620
1 719
1 1949
2 1080
2 1767
1 1809
2 826
1 1519
1 36
2 1457
1 1157
2 1361
1 209
2 295
1 1525
1 1695
1 190
2 1420
1 1703
2 524
2 610
1 638
2 1417
2 1170
1 900
1 416
2 1437
1 379
1 1859
2 1847
1 1916
1 617
1 383
2 334
1 1057
1 63
2 525
1 1443
2 873
1 1397
1 583
1 776
1 666
2 760
1 1418
2 1555
2 825
2 423
2 1734
2 1918
1 1874
1 1176
2 1986
1 1623
1 1396
2 721
2 1989
2 1073
1 194
1 255
2 877
2 817
1 1091
2 290
2 1980
1 323
2 1603
2 655
1 1735
1 275
1 464
1 973
2 454
1 308
2 334
2 696
1 662
2 1660
1 1908
2 1473
1 1593
1 629
2 812
2 1836
1 1717
1 957
1 1750
1 1297
1 1121
2 407
1 1446
1 1692
1 539
2 105
1 354
2 1005
2 853
1 1612
2 725
1 136
1 147
1 1856
2 1742
2 1382
2 1103
1 693
2 1313
2 162
1 406
2 1570
2 629
1 1229
1 472
1 1441
1 149
2 746
1 1211
1 1617
1 816
1 227
2 1480
2 483
2 537
2 1106
1 733
1 1166
2 519
1 1033
1 1897
1 1979
2 246
1 170
2 1363
1 1050
1 468
2 144
1 1604
1 187
1 1604
1 1301
2 424
1 1397
2 1231
1 153
2 1618
1 787
2 1598
1 225
1 261
2 1426
1 1313
2 453
1 1563
2 212
2 891
1 65
2 961
1 768
2 788
1 566
2 89
2 816
1 838
1 1270
2 1831
2 641
2 320
1 1627
1 1412
1 1894
2 358
2 337
2 1951
2 406
2 335
1 1095
2 1271
2 1018
2 1254
1 978
2 1506
1 592
1 1577
1 73
1 1017
2 1194
2 1853
2 522
2 345
2 367
1 440
1 1108
1 1555
2 1433
2 21
1 1099
1 1917
1 1030
1 1060
2 584
2 1136
2 71
1 343
1 1878
1 296
1 404
2 1719
1 1286
1 679
2 102
2 365
2 1627
2 738
2 939
2 1097
1 494
2 1874
1 1110
2 382
1 1740
2 1924
2 732
1 1443
2 851
2 41
1 1224
2 468
1 1401
1 1607
1 1464
1 367
2 1686
1 230
1 1357
1 1176
1 1684
1 1620
2 191
2 470
2 342
1 546
1 1159
2 1795
2 1342
1 901
1 676
1 1439
2 581
1 1014
2 1254
1 286
1 1671
1 1282
1 550
2 1078
2 836
2 138
2 732
2 1234
2 1377
1 1732
2 343
1 1
1 917
2 1000
2 1241
2 1624
2 1132
2 1540
2 1576
2 364
2 727
2 425
2 1390
2 25
1 746
2 1484
1 393
2 1325
2 1741
1 469
1 844
2 1757
1 1115
1 1459
1 125
2 1312
1 1718
2 1591
1 581
1 991
1 1
1 276
2 1683
1 107
1 645
1 437
1 1593
2 839
2 1213
2 1447
2 1053
1 1257
1 58
1 251
2 1146
1 1149
2 1775
1 1430
1 764
1 1859
2 1302
2 656
1 1175
1 140
1 25
2 1576
1 1377
1 1425
2 538
2 526
1 852
1 795
2 1707
1 72
2 1885
2 1980
2 1159
1 846
1 1439
1 821
1 1767
2 958
2 272
2 1390
1 30
2 40
1 395
1 1649
1 1518
1 531
1 1149
1 991
2 1744
2 1302
2 1928
2 394
1 432
1 1136
1 1843
2 617
2 718
2 1921
2 167
1 1783
2 1007
2 1871
2 196
2 1764
2 1593
1 1218
2 1882
1 722
1 1323
2 231
2 1425
2 154
2 1795
2 1265
1 721
2 389
1 214
1 659
2 1754
2 1059
1 91
2 824
2 702
2 1559
2 288
1 27
1 210
2 936
1 532
1 1903
2 1072
1 1010
1 795
1 1737
1 1016
1 755
1 1934
1 1856
2 1946
2 543
2 488
1 1348
1 1390
1 1789
2 281
2 708
2 861
2 1847
1 183
1 1143
2 1637
1 1550
2 824
1 1252
1 1640
2 1363
1 1625
2 986
2 782
1 351
1 171
2 217
1 1727
1 1916
1 353
2 422
2 1129
2 330
2 83
2 987
1 736
1 667
1 1486
2 4
2 1897
1 151
2 1873
2 771
2 1166
1 121
1 129
1 622
1 1005
1 800
1 1270
2 236
1 345
2 383
2 396
2 667
1 711
2 1373
1 1907
1 1453
1 1906
2 22
1 576
2 1526
1 168
2 1784
1 794
1 1680
1 1275
2 630
2 461
1 1512
1 1825
1 1017
2 1802
2 1310
1 68
1 1226
1 1141
2 1656
2 450
1 761
2 837
2 271
2 1726
2 810
1 632
2 1808
2 302
1 1970
2 1165
1 125
2 1771
1 1998
2 1512
1 266
2 1380
2 29
2 433
2 161
2 667
1 49
1 405
2 1566
2 134
1 242
1 148
1 1955
1 1455
1 1722
1 689
1 117
2 181
2 538
2 390
2 1005
1 1385
1 1988
1 1053
1 1529
2 1473
2 959
2 984
2 824
1 1097
2 902
2 521
1 1473
2 1933
2 825
2 58
1 733
1 1168
1 1691
1 1927
1 1480
2 1704
2 834
1 911
1 1028
1 528
2 394
2 1864
2 566
1 1252
1 82
1 104
1 1239
2 1465
2 573
1 923
1 868
2 1299
2 1235
1 20
2 63
2 812
2 1406
1 1652
2 1899
1 1843
2 1085
2 501
2 1156
1 651
1 1940
1 18
1 949
2 1496
2 649
2 172
2 1696
2 1638
2 1801
1 135
1 1178
1 642
1 497
2 538
1 1852
1 1566
1 1446
1 195
2 179
2 929
2 1150
2 1313
2 1200
2 693
1 1796
2 568
2 377
1 743
2 104
2 48
2 966
2 138
1 332
1 54
1 53
2 1157
1 696
2 1930
2 279
2 753
1 1959
1 1055
1 209
2 172
2 504
2 175
2 108
1 600
2 1262
1 436
1 1733
2 668
2 368
2 1055
1 1213
2 130
1 1978
2 1013
1 890
2 648
1 490
1 1837
2 388
2 1504
2 483
2 1028
1 953
2 1647
1 1598
1 1033
1 1946
2 225
2 196
2 1633
2 603
2 1283
2 438
2 36
1 1655
1 1400
2 133
2 1294
1 650
2 1205
2 1706
1 751
1 229
2 1669
1 1775
1 652
2 1038
2 1190
2 1075
1 1851
2 1261
2 234
1 1162
1 1547
2 1264
1 1847
2 1595
1 1946
1 247
2 1255
1 1761
2 1420
2 617
1 1336
2 1019
1 1371
1 526
1 1645
2 1483
1 1106
2 1202
1 1307
1 1594
1 592
2 1224
2 701
2 323
1 763
1 1269
1 1153
1 1236
2 763
1 273
2 201
2 1520
2 1371
1 1146
2 715
2 80
1 283
1 1120
2 194
1 1517
2 1889
1 426
2 1770
1 1815
2 1971
2 1599
2 1399
2 1889
2 1054
2 1742
2 1663
2 82
1 1619
1 1095
2 539
2 1446
2 244
2 719
2 938
1 1500
1 555
1 32
1 430
1 1557
1 1876
2 1911
1 1133
2 523
1 1278
1 1349
1 1778
1 1176
2 126
1 1822
1 1641
1 1082
2 1548
2 908
2 1111
2 1078
1 404
2 541
1 575
1 370
2 486
1 49
1 574
1 1817
