3000
2 2374
2 1605
1 792
2 2011
1 2365
2 2995
2 24
2 1658
2 2286
1 2024
2 2829
2 1550
2 10
2 868
2 591
1 370
1 1605
2 2213
2 694
2 2621
1 1663
2 1101
1 1843
1 1090
1 1643
1 487
1 965
2 1272
1 467
1 446
2 2350
1 955
1 282
2 2758
1 1115
2 1833
1 2944
2 233
1 1240
2 2590
2 210
2 796
2 1913
1 936
2 1480
1 1231
1 1602
1 2044
2 2413
1 2624
2 2984
1 2687
1 1258
1 2440
1 277
2 1653
2 1036
1 1317
1 1368
2 2222
1 1521
2 566
1 259
2 532
2 1783
2 2163
1 924
1 1343
1 2197
1 1970
2 716
2 737
2 175
2 1155
2 1883
2 1770
1 1302
2 1605
2 162
2 2596
1 2486
1 2230
2 1719
2 2080
1 663
1 2575
2 1476
1 2344
1 533
2 2685
1 2473
2 2267
1 2152
1 2234
1 77
2 605
1 469
1 1418
1 2617
1 2067
1 1874
1 2511
2 942
2 1867
2 1021
2 949
2 2082
1 1826
1 1174
1 1310
2 1239
2 1740
2 2449
2 2055
2 1491
2 1057
1 590
2 537
2 889
2 2586
1 1168
2 2561
1 2582
2 1607
2 2785
1 961
1 2733
2 2844
2 1924
1 741
1 1444
2 920
1 2113
1 2846
2 2557
1 1365
1 2509
2 339
2 6
2 1194
2 944
1 1515
2 2417
1 340
1 2237
2 1275
2 2741
2 2184
2 829
1 438
2 1578
2 2723
1 1660
1 2369
1 1849
2 2291
2 2459
2 107
1 2002
2 1771
2 2508
2 1731
2 2804
1 2195
2 1665
1 49
2 2281
2 1765
1 14
1 171
1 767
2 417
2 1378
2 1538
2 2433
1 1106
1 2938
2 915
1 1291
2 183
1 2094
1 847
2 2457
2 1715
2 42
1 75
2 1345
1 1750
1 1598
1 1648
1 2044
2 1593
2 2270
1 1140
2 1482
2 269
1 667
2 1807
2 291
1 1685
2 2760
2 607
1 2094
1 2584
2 2558
2 13
2 1870
2 1904
1 792
2 150
2 119
2 389
2 712
2 2875
2 126
2 371
1 1728
2 337
1 1222
2 1800
2 2242
2 2713
2 2636
1 2831
2 337
1 1033
2 340
1 2671
2 869
2 1729
1 2538
2 1125
2 355
1 2495
1 2866
1 2701
2 2715
1 1795
1 2464
2 1749
2 352
1 4
1 1281
1 291
1 859
2 2554
1 2263
2 650
1 1056
1 890
2 2553
1 2641
2 2047
1 2045
2 1937
2 1155
2 2757
1 1392
1 2932
1 80
1 2177
1 1270
2 430
1 1003
1 1328
2 2761
2 1043
2 394
1 1929
1 2285
2 1799
2 2202
2 1089
2 2653
1 1751
2 2456
1 1631
2 532
2 166
1 128
2 441
1 390
2 2489
1 321
1 2822
1 4
1 2723
1 2855
1 2426
1 819
2 121
1 489
1 342
1 501
1 2223
1 1553
1 1517
1 2487
2 1738
2 2902
1 968
2 1266
1 1844
2 2509
1 859
1 122
2 587
1 1372
1 973
2 2074
1 1282
2 997
2 452
2 2805
1 2334
2 1505
1 2454
1 1334
1 2922
2 371
2 89
1 2298
2 1924
1 344
1 1732
2 649
2 254
1 694
1 452
1 1600
1 2213
1 850
2 2913
1 2210
2 181
1 536
2 2366
2 818
2 764
2 2607
1 1444
1 1594
1 2443
1 834
2 503
2 560
1 2008
2 1544
1 2752
1 396
2 2542
2 221
1 2945
1 1659
2 1739
2 1639
1 1636
2 1783
2 2081
1 1426
1 205
1 1413
2 2046
2 1245
2 2995
2 2133
2 1317
2 1762
1 931
2 2533
2 874
2 881
1 988
2 1590
2 2561
2 1598
1 1164
2 622
2 2816
2 1335
2 1138
1 2165
2 2512
2 847
2 2738
2 1656
1 352
2 1053
2 421
2 2361
1 274
2 2134
1 302
2 1388
2 1501
1 710
1 1062
2 1971
2 65
1 1051
1 1792
2 1444
1 1822
2 1299
2 1934
1 2710
2 1469
2 865
1 1850
1 1647
2 1445
1 2460
2 2886
2 769
2 2607
2 2536
2 1365
1 1352
1 626
1 347
2 2839
2 2222
1 2625
1 2816
2 2353
2 71
1 2920
1 488
1 1346
2 1045
2 1163
2 1116
2 503
2 1805
1 1734
2 1812
2 2225
2 984
1 846
2 827
2 2898
1 1372
1 2663
1 2585
1 2419
1 720
2 1219
1 960
2 2104
2 499
2 346
1 2431
1 26
2 2822
2 1236
2 1394
1 349
1 2693
1 801
1 432
1 696
2 754
2 2193
2 2820
1 2072
2 2562
2 1053
2 1524
1 957
2 62
1 524
2 1829
1 954
1 1683
2 158
2 293
2 1777
2 2843
1 661
1 2639
2 621
1 930
1 2142
2 2835
1 2271
1 1001
2 1365
1 1100
2 1666
2 2030
1 255
1 1320
1 111
2 418
1 2126
2 2411
1 2049
1 1970
2 1600
1 1156
1 2538
2 2207
2 2415
2 294
1 2588
1 86
1 1235
1 2016
2 1385
2 2649
1 2556
2 2782
1 428
1 2860
2 800
2 1702
2 1405
2 1216
1 651
2 84
2 297
1 779
2 2242
1 7
2 2671
1 1206
2 1079
2 985
1 140
1 1974
1 816
2 42
2 64
2 2067
1 584
1 2566
2 983
1 1236
1 2813
1 803
1 514
1 498
2 216
2 1908
1 419
1 1425
2 2184
2 329
2 1484
1 538
2 1350
2 884
2 848
1 2787
1 2410
1 501
2 840
1 2669
1 1486
2 1023
2 2736
2 828
1 62
1 2136
2 480
2 1907
2 2246
2 1837
2 2940
2 102
2 196
2 85
1 2356
1 1134
2 801
1 1689
2 876
1 305
2 844
2 1858
2 2876
1 191
2 1799
2 2347
2 81
2 1982
1 1720
2 2426
1 2771
2 2511
2 233
1 619
1 1238
2 710
1 2545
2 542
2 345
1 2142
1 1697
1 1684
2 1641
1 1571
2 2536
2 1446
1 415
1 1918
1 1319
1 2414
1 462
2 636
2 2646
2 1819
2 1334
1 247
1 789
2 1009
2 2836
2 2676
1 2051
1 1255
1 1391
2 980
2 2755
1 2023
2 2268
1 2411
1 1553
2 1978
2 371
2 2268
1 618
2 1066
2 656
2 2915
1 2138
1 2550
2 883
2 1593
1 2931
1 2521
1 2689
2 2635
2 2604
1 123
2 2761
1 1931
1 2424
1 1487
2 2639
1 1566
2 1363
2 2379
2 1852
1 1316
2 169
2 99
2 2532
1 2340
1 2831
1 2782
1 119
1 2701
1 1607
2 791
1 2400
1 486
1 1456
1 2445
2 2801
2 519
1 1948
1 2300
2 685
1 2133
1 2889
2 1298
1 141
1 2546
1 2728
2 83
1 1100
1 2731
2 1305
2 806
2 83
1 768
2 677
2 557
2 117
1 1287
2 2434
1 673
2 299
2 2938
1 810
2 2587
2 1442
1 324
2 2492
2 1100
1 824
1 672
1 2994
1 654
2 267
1 2114
1 1746
1 2489
2 2378
1 84
1 2806
1 1647
2 1442
2 99
1 67
2 2392
2 1466
1 2807
1 1397
1 1263
2 727
2 1894
1 570
2 1219
1 473
2 162
2 826
2 1495
1 196
1 1550
1 1702
2 562
2 2993
1 1949
2 2614
2 640
2 562
2 1411
2 1577
1 2223
1 2225
2 850
2 1913
2 2715
1 1809
1 982
2 2299
2 2146
2 1467
1 1449
1 1532
1 1696
2 2451
2 1952
2 1599
2 1676
2 1585
2 101
2 568
2 2010
2 2232
1 1899
2 388
2 1263
2 730
2 325
1 1967
1 928
1 1850
2 2543
2 397
1 412
2 49
1 2834
1 689
1 1669
1 2426
2 1845
2 2961
2 2923
1 2701
2 631
2 1431
1 2721
1 1528
1 406
1 426
1 1613
2 193
2 2939
1 2867
1 2172
2 965
1 27
2 1936
1 2252
1 2077
2 2160
2 597
2 1808
1 28
2 1806
1 838
2 1584
2 138
2 342
2 1622
1 1279
2 1435
2 1230
1 931
1 2731
2 633
1 2671
1 64
1 816
1 2510
2 1742
1 1409
2 1749
2 2779
2 2172
1 402
2 1173
2 2732
2 2671
1 1185
1 728
1 1689
2 198
1 2896
1 1952
2 1374
2 1720
1 916
1 2884
2 2860
2 597
1 2584
1 160
2 2062
1 1604
1 2939
1 1194
1 877
2 2739
1 781
2 79
2 1869
1 1674
1 1758
2 1420
2 2902
1 1217
2 2240
1 2126
2 1179
1 2717
1 1288
1 1739
1 1606
2 800
2 2408
1 1414
2 1786
2 1349
1 2800
1 2607
2 736
1 672
1 2600
1 848
1 2915
1 1508
1 2328
2 2321
2 1899
1 387
2 2553
1 2525
2 694
1 1689
1 297
1 1347
2 1738
2 2569
2 826
2 1222
2 2644
2 671
2 547
1 2253
2 2021
2 2477
2 526
1 2100
1 1775
1 678
1 1737
2 897
1 133
1 1789
1 5
2 1728
1 520
2 175
2 2362
2 2967
1 314
1 2781
2 2729
2 714
1 1224
1 732
2 232
1 633
1 1383
1 645
2 2458
2 2269
1 774
1 1420
2 1884
1 1783
2 2437
1 53
2 25
1 1297
1 2774
2 1306
2 359
1 2282
1 2571
2 1254
1 2360
1 2798
2 2719
2 2382
2 2153
1 1372
1 587
2 243
2 510
1 2663
1 2243
1 2593
2 621
1 230
1 2782
2 707
2 2351
2 1459
2 1906
1 2469
1 602
2 295
2 46
2 1040
1 1601
2 445
1 2526
1 218
1 2450
2 675
2 2186
2 59
1 2231
2 2212
1 271
1 1592
1 2662
1 2697
1 2101
2 172
1 2249
1 699
1 2759
1 1146
1 1439
2 2474
2 2494
2 405
2 1033
2 1905
1 2222
1 169
2 2621
1 2839
2 120
1 2567
1 2263
2 2832
1 2695
1 2012
2 1643
2 835
2 731
1 1042
2 1412
1 2738
2 1016
2 2118
2 3000
1 2644
1 783
1 1888
1 913
1 2838
1 1092
2 2719
2 1278
2 1853
2 1231
2 2002
1 2488
2 30
2 2988
1 328
1 478
2 847
2 83
2 840
2 170
1 1363
1 561
2 906
1 1721
1 2442
1 1340
2 125
1 1006
2 2990
1 1483
1 654
2 431
1 607
2 1788
1 328
2 2623
1 1408
2 2715
1 950
2 811
1 936
1 1786
2 2914
2 1477
1 2178
2 2923
1 2530
2 2628
1 1901
1 1976
2 1758
1 1097
2 2093
2 1252
2 1731
1 2548
1 1256
1 2536
1 147
2 37
2 2506
1 279
1 1282
1 300
2 593
1 809
2 1042
1 577
1 1658
1 2947
2 2633
2 1628
2 442
1 1638
2 2638
1 1751
2 1541
2 2828
2 1047
2 1839
1 899
2 222
2 1294
2 207
2 694
1 1817
1 1239
2 1676
1 422
1 1684
1 2100
1 2610
2 2669
1 396
1 929
1 333
1 2459
2 464
1 2432
1 1361
1 1450
2 1261
1 1174
1 707
1 2475
1 347
1 1821
1 1070
1 1928
2 1885
1 768
2 1031
1 2192
1 94
2 2810
2 41
2 223
2 1151
1 1263
1 1970
2 1002
1 306
2 288
1 1980
2 479
1 210
1 907
1 2644
2 1443
1 1984
2 818
2 710
2 498
1 1743
1 368
2 104
1 1756
2 1857
2 2263
2 651
2 2066
2 1128
2 2428
2 1277
1 676
2 1782
2 1816
1 1761
2 2582
1 2534
2 1785
1 1445
1 375
1 1536
2 1936
2 1787
1 321
2 2945
1 913
2 1497
1 2707
2 2217
2 134
2 1977
1 2666
1 1099
2 2620
2 25
1 851
2 2496
1 2076
2 788
2 2763
1 2509
1 1683
1 2496
1 936
2 1560
1 2139
1 2374
2 2061
1 2094
1 1407
1 2269
2 66
2 1128
1 1115
2 1751
2 1729
1 978
1 2026
2 2466
2 1954
2 2627
2 166
1 1128
1 1432
2 184
2 2724
1 2064
1 250
1 441
2 292
1 2699
2 2979
1 826
1 2270
2 224
2 403
2 83
2 2056
2 2808
2 331
1 112
2 345
2 2690
1 2757
1 2218
1 2049
1 2281
1 89
1 68
2 1174
1 49
2 1577
2 2599
2 1617
1 1981
2 662
2 1934
1 86
2 892
1 2289
2 787
2 560
1 911
2 291
1 1265
1 75
1 149
1 893
2 2159
1 2160
2 2840
1 449
1 1251
1 197
1 2109
2 1438
2 324
2 2042
1 2631
2 1401
1 2055
1 2205
2 2125
2 2582
2 828
2 1503
2 39
2 2835
1 1206
1 1733
1 637
2 1918
1 1478
1 1911
2 2409
2 2890
2 1392
1 1836
2 1040
2 70
2 2445
1 1196
1 396
2 1317
1 23
1 949
1 1773
2 1791
2 2048
1 2087
2 907
1 815
2 468
2 2512
2 654
1 1827
1 2930
1 528
2 1887
2 48
1 471
2 606
2 1972
1 1243
1 1843
2 2226
1 1719
1 2352
2 858
1 2976
1 2352
1 2751
1 2748
2 2291
2 1718
1 2761
2 1093
1 1200
2 850
2 2344
1 2445
2 2487
1 2365
1 1333
2 146
2 2710
1 748
1 320
2 1137
1 1245
2 491
2 547
2 1049
1 963
2 720
2 983
1 288
2 767
2 291
2 637
1 2996
2 1464
1 2621
1 134
2 956
2 1422
1 1502
2 917
1 1739
1 1398
2 589
2 471
1 2116
1 1466
1 1875
1 1338
2 849
2 2959
1 2672
2 683
1 1066
1 1821
1 2205
1 2198
1 2644
1 1979
2 2625
1 474
1 1679
1 720
1 1189
1 1322
1 1224
1 2187
1 1767
1 269
1 1877
2 1947
1 2754
2 1839
2 1323
2 2912
2 388
1 238
1 2579
1 1865
2 1695
1 366
2 1185
2 1107
1 1
1 1390
2 1412
2 1808
1 228
2 1944
2 113
2 1678
2 1207
1 436
1 960
1 1812
1 91
2 598
2 2108
2 2416
1 1095
1 356
2 2935
1 2612
1 404
2 1201
2 2661
2 2724
2 1033
1 1788
2 740
1 2138
2 2464
2 2802
1 914
2 315
2 1999
2 1599
1 1791
1 2375
1 449
1 185
2 1927
2 2236
2 1978
1 206
2 921
2 1459
1 2599
2 1809
2 2067
1 1506
2 291
2 2441
2 403
1 544
1 227
2 2058
1 1647
1 2669
1 2387
2 650
1 1814
1 2359
2 438
1 2876
1 1877
2 1430
2 2011
2 2785
1 436
1 2841
1 2530
2 2634
2 638
2 1446
1 995
1 735
2 2276
2 1926
1 1856
2 1379
1 1434
1 2726
1 1126
2 1190
2 936
2 720
1 615
1 314
1 2027
2 2728
2 2467
2 2966
1 2474
2 751
2 2954
2 1510
2 601
1 1612
1 764
1 1569
1 2961
1 1374
1 361
2 1386
2 1486
2 1947
2 1697
1 895
2 1120
1 628
2 462
2 2653
2 91
1 1966
2 285
1 954
2 111
2 498
1 1113
1 2257
1 2232
2 1502
1 439
1 1266
1 1470
1 387
1 2803
1 1472
1 1926
2 1709
2 138
1 1729
1 1832
1 294
2 2141
2 1689
2 2560
1 1531
1 2677
2 1639
1 1861
1 61
2 329
2 2054
2 1140
1 2729
1 2305
2 2397
2 1814
1 1392
2 2647
2 560
2 2774
2 2208
2 553
1 1461
2 2172
2 2721
2 1089
2 1376
1 2613
1 1650
2 629
2 584
2 128
2 1001
1 1991
2 1639
1 794
2 2374
1 909
2 2301
2 828
1 873
1 1290
1 2694
1 1000
1 1367
2 643
2 1568
1 1855
1 993
1 2227
1 1046
2 2549
2 445
1 1976
1 1848
2 99
1 1595
1 68
2 992
1 1269
1 2513
1 1813
2 1678
1 1618
1 48
2 2341
2 485
1 2815
1 2501
2 1683
2 371
2 1499
2 1865
1 2024
2 765
1 468
2 920
2 298
1 1666
2 889
1 814
2 1245
1 2851
1 1606
2 2429
1 421
1 33
2 1388
2 1465
2 381
2 1703
1 654
1 1228
1 955
1 1867
2 148
2 1138
1 313
2 2321
2 2556
2 1087
2 1742
1 1649
2 668
2 1147
2 2595
1 76
1 1730
1 509
2 495
1 1507
1 956
1 1445
2 1779
1 32
2 2304
2 529
1 590
1 2850
2 1789
2 2401
2 1515
2 45
1 2376
1 2107
1 398
2 2160
1 416
1 823
1 874
1 397
2 1106
2 2388
2 142
2 389
1 2278
1 753
2 1683
2 2586
2 2585
2 869
2 3000
1 1523
2 2713
1 1632
2 2455
2 491
2 1459
1 728
2 965
2 1906
2 1208
2 2397
2 1342
1 635
1 427
1 1612
1 870
1 2412
2 1805
1 504
1 1609
2 2041
1 938
2 2348
1 92
2 2161
1 2426
2 1331
2 1889
2 2639
2 1985
2 656
1 1503
2 762
2 1966
2 1502
2 2816
1 1054
2 1432
2 2090
2 945
1 1265
1 1628
2 1756
2 1886
2 239
2 2416
2 1057
2 1020
1 863
2 2780
2 2732
1 1252
2 499
1 139
2 1992
2 414
2 1452
2 2287
2 2143
2 2356
2 2659
1 962
1 375
2 539
2 2657
2 2374
1 32
2 1254
1 624
1 2037
1 1367
1 1547
2 1304
2 2953
1 1934
2 1483
1 243
1 1870
2 137
1 1806
1 2673
2 2956
1 2211
1 389
1 2869
1 1414
2 727
2 1086
1 830
1 1189
1 839
2 2916
2 223
2 1469
1 2144
2 29
1 2791
2 2742
2 348
1 82
2 2490
2 2404
2 391
2 2169
2 318
1 1168
1 2539
1 1926
2 183
2 629
1 397
2 2342
1 547
2 1028
1 1725
2 987
1 2398
1 2617
1 2345
2 1164
1 1016
2 2844
1 2218
1 2018
2 58
1 1537
1 701
2 1275
1 1829
2 959
1 1428
1 922
1 2090
2 44
2 2147
1 829
1 1219
1 1944
2 2028
2 1086
1 1673
2 1686
1 1067
1 355
1 2644
1 2151
1 2210
1 399
1 183
2 686
1 254
1 622
2 1112
2 1044
1 1624
2 2724
1 204
1 118
2 470
1 967
2 1585
1 2066
1 631
2 88
2 2946
1 2622
2 2466
1 159
1 2767
2 1497
2 704
1 1684
1 1715
1 416
2 925
1 726
1 1668
2 2250
2 219
2 359
1 1470
1 2476
2 1247
1 1518
1 2072
2 2502
2 626
1 948
2 2389
1 1244
2 2185
1 640
2 2261
2 254
1 2238
2 1972
1 498
2 1185
2 1100
1 941
2 2107
2 2499
1 2791
2 1126
1 996
1 2579
2 2202
1 1414
2 2547
1 479
1 2919
1 1685
2 1357
2 1459
2 1731
1 827
1 2767
2 545
2 103
1 2289
1 1422
1 636
1 2200
1 214
2 136
1 563
1 1303
1 116
1 1264
1 1093
1 2882
1 41
2 302
2 703
1 1897
2 1902
1 2980
2 1015
2 674
1 1067
1 986
2 1765
1 630
1 112
1 2323
1 2188
1 2498
1 373
2 1614
2 2349
1 2551
2 2660
2 2030
1 2325
2 322
1 1226
2 1410
2 882
2 2108
1 1914
1 686
2 2394
1 1795
1 1009
1 728
1 2708
1 2943
1 1651
2 2820
2 1484
2 1574
1 645
1 2376
1 2492
2 753
1 2225
2 2464
2 902
1 2956
1 597
2 252
1 1011
2 2154
2 1892
2 2253
2 2727
2 2135
2 131
2 1668
2 18
2 2012
1 909
1 2051
2 1216
2 2671
2 712
2 1681
2 570
1 2536
1 93
1 50
1 2595
1 445
2 2260
2 1957
1 892
2 2606
1 758
1 1029
2 1921
1 1130
2 90
2 2865
2 473
2 1409
1 1664
2 819
1 2178
1 1679
2 1465
1 1804
2 1627
1 2992
1 1493
2 1031
2 376
2 2494
2 163
1 538
1 889
2 2364
2 637
2 2520
2 1107
1 2751
1 641
2 2354
1 46
2 1127
1 2297
1 1881
2 1485
2 2195
1 2060
2 2557
1 297
1 730
1 2043
2 1537
2 95
1 1307
1 2380
2 636
2 1517
2 2174
2 2979
2 682
2 2233
1 2633
1 1532
2 1362
2 1954
2 2036
2 2538
1 534
1 1397
2 1036
2 435
2 1805
1 953
2 2332
2 2809
2 1732
1 1147
2 943
2 2331
1 48
2 1427
1 2615
2 1706
2 366
1 45
1 1058
1 717
1 1132
2 345
2 1536
2 989
1 141
2 835
1 766
1 2834
2 1529
1 1364
1 6
1 1132
2 1706
1 919
2 997
1 2834
2 2704
2 461
1 691
1 2647
1 1446
1 146
1 14
1 1111
2 907
2 2957
1 1480
1 255
1 1114
1 1444
2 516
2 91
2 2570
1 149
1 1205
1 837
2 2231
1 1310
1 1031
2 933
2 2103
1 407
2 2580
2 1211
2 38
2 819
1 713
1 719
1 290
1 34
2 1990
2 545
1 504
2 2570
2 2969
1 225
1 2389
1 297
1 2587
2 2833
2 2277
1 2092
2 2722
2 1110
2 2384
2 1588
1 2925
1 915
2 2856
2 707
1 644
2 2613
2 693
1 2219
2 1749
2 880
2 2449
2 1088
1 2880
1 584
2 188
2 2289
1 1396
1 321
1 2768
1 2355
1 447
1 2880
2 1294
1 1310
2 586
1 272
1 2128
1 942
1 794
2 1158
2 2157
1 467
1 1289
2 765
2 2073
1 921
1 1203
2 1507
1 1362
1 2785
2 586
1 2393
2 2939
2 102
1 2810
1 1775
1 868
1 2457
2 1229
1 710
2 1721
2 126
1 2008
1 1901
2 879
2 1404
1 740
1 20
2 2394
1 1793
2 1238
2 1540
2 2553
2 443
2 808
2 1781
1 1784
2 2464
2 2926
2 1398
2 1486
1 2008
2 545
1 625
1 2893
1 1086
1 432
1 1787
2 1492
2 618
1 2890
1 2297
1 1224
2 2049
1 1292
2 262
2 942
2 2444
2 697
1 2374
2 651
2 829
2 2942
1 1943
2 2389
2 789
1 2074
2 738
2 1815
2 1001
1 1412
1 1918
2 2129
2 1640
2 1700
1 597
2 2077
2 2414
2 2592
2 2965
1 299
2 541
1 2465
1 816
1 990
2 2750
1 2092
2 253
2 1741
1 2836
1 2490
1 2549
2 1859
1 2082
1 408
1 671
1 1864
2 1464
1 599
2 1332
2 1301
2 42
2 2645
2 1083
2 668
1 1817
2 2043
1 414
1 2109
1 848
1 453
1 2572
1 378
2 2536
1 1588
2 85
2 1884
2 1933
1 583
1 1617
2 2844
2 1910
1 766
2 1073
2 1059
2 1273
1 1758
2 1108
2 258
2 1972
1 2744
1 803
1 299
2 1253
2 2458
1 1294
1 1629
2 1292
1 2108
2 2333
2 2293
2 1228
2 1092
2 184
1 2271
1 1605
2 2115
2 1375
2 153
2 916
2 789
2 178
1 1969
1 378
1 1021
2 2163
2 2746
1 2433
1 1495
2 1095
1 539
2 2506
2 1252
2 2848
2 480
1 2146
1 601
2 798
1 1926
2 200
2 2657
1 993
1 1475
1 80
1 974
1 2065
1 68
1 827
2 2676
1 2735
2 2894
2 1941
1 2119
2 2377
2 1454
1 566
1 671
1 2881
1 1960
1 1978
2 1275
1 782
2 1988
1 2569
2 2715
1 1706
1 2131
1 1615
1 2140
2 1763
1 2855
1 2829
1 1225
2 2115
1 1961
1 2246
2 1644
1 1327
2 545
2 971
1 2361
2 2899
2 585
1 559
2 2131
2 804
1 1786
1 652
1 1981
1 1909
2 661
1 244
2 2066
1 1475
2 1571
2 2353
2 2645
2 1073
2 695
2 2710
2 827
2 2205
1 1790
1 779
1 1572
1 105
1 2598
1 1717
2 29
1 1931
1 788
1 2115
2 2569
2 2221
1 324
2 1779
1 699
2 1901
2 2533
1 2963
2 2597
2 2542
1 2426
1 2416
1 2525
1 94
2 1570
1 898
2 1635
1 726
2 2689
1 1558
2 1492
2 1989
2 261
2 1571
1 1234
1 453
1 2922
1 2637
2 2746
1 2524
2 1343
2 2725
1 2852
1 2668
2 1358
1 1151
1 1150
2 1492
2 1415
1 2211
1 1554
2 2765
2 214
1 525
2 155
1 941
2 2185
2 1629
2 964
1 2288
2 787
1 1439
1 1121
2 1898
2 947
2 2571
1 1436
1 798
2 1318
2 2231
2 953
1 1298
1 2529
2 2184
1 914
1 1825
1 1551
1 1149
2 125
2 2319
1 769
2 1188
2 2729
2 336
2 601
2 2755
2 76
2 938
1 2462
2 1048
1 1456
1 1839
2 812
2 1017
2 1313
2 1332
1 2609
1 2070
1 2017
1 860
2 552
2 1873
1 1964
2 2902
1 1890
1 2189
1 2540
1 1658
2 616
1 2860
2 1646
1 672
2 1082
1 607
1 2387
2 2241
2 2779
2 674
1 2793
2 1388
1 2603
2 2117
2 1623
1 1003
1 1900
2 805
1 2284
1 1539
2 2157
2 201
1 1433
1 1048
1 2010
1 1557
2 2242
1 2294
2 2514
1 2122
1 2897
2 2289
2 2416
1 2756
1 1659
2 2526
2 1690
2 2795
1 945
2 2776
2 1325
2 2467
1 960
1 2444
2 1655
2 1340
1 2058
2 2324
1 1339
2 2698
2 2403
2 1688
2 1121
1 1950
2 2524
2 849
1 2692
1 2659
1 99
2 1356
2 2410
2 449
1 1305
2 2917
1 199
1 2158
1 1419
1 705
2 546
1 2696
1 434
1 619
2 1430
1 2933
1 1547
2 1944
1 2818
2 1907
2 1040
1 731
2 338
1 976
2 2117
2 258
2 2644
2 1451
1 979
1 1135
2 748
2 2401
2 1464
1 815
1 969
2 18
1 1933
1 895
1 1293
2 537
2 103
2 1418
1 2753
1 2639
1 1967
2 1604
1 438
2 1488
2 210
2 274
1 2373
1 92
2 2393
2 2463
1 2416
2 536
2 26
1 2185
2 2023
2 2995
2 2405
2 930
2 1948
2 1929
1 1416
1 16
1 2663
1 2059
2 1332
2 1189
2 1947
2 1981
1 1501
2 488
2 262
2 799
1 1574
1 1410
2 309
2 1468
1 451
2 1737
2 55
2 2086
2 1629
1 2216
1 245
2 1656
2 1882
1 2949
2 2632
2 1179
2 2490
1 1339
2 1675
2 1466
1 2651
1 1990
2 884
2 422
1 438
2 1385
2 23
1 194
1 2023
2 1123
2 1180
2 2272
2 2905
1 101
1 2084
2 2290
1 1392
2 21
2 1376
1 1393
2 2109
1 2999
2 114
2 2
1 517
1 1719
2 2537
2 524
1 1074
1 1616
2 2929
2 2620
1 249
1 545
1 105
1 2338
1 2035
1 218
1 1236
1 2033
2 2692
2 2147
1 224
1 2234
1 1991
2 2125
2 1490
1 1985
1 536
2 2663
2 536
2 1438
1 2576
2 2971
2 461
1 2317
1 2148
1 2510
1 2113
1 935
1 2382
2 2635
1 863
1 1920
1 371
1 1945
2 2717
1 1423
2 827
1 1040
2 215
2 1433
2 2685
1 536
1 2964
1 13
2 2712
2 1779
2 2335
1 2041
2 2539
2 350
1 2351
2 796
1 622
2 1676
1 1808
1 1266
2 2374
2 2186
2 2656
1 1395
2 717
2 652
1 1243
1 972
2 1096
2 2302
2 728
2 2141
2 2831
1 52
2 2673
2 2018
2 24
1 1579
1 887
2 2322
1 1101
1 510
2 579
2 954
2 2369
1 618
1 1254
2 587
2 527
1 274
1 2826
1 2896
1 947
1 1532
1 1311
2 1809
2 71
1 2305
2 2455
2 2
1 2120
1 2345
2 2994
2 1341
2 2518
2 373
1 707
2 956
2 2655
2 2019
2 2097
1 2952
1 805
1 1382
2 2799
1 445
1 1915
2 155
2 2060
2 2387
1 116
1 1541
2 340
1 567
1 2932
2 2714
1 2605
1 1159
1 749
1 1084
2 1499
1 154
2 1523
2 1185
2 1756
1 254
2 2904
1 1435
1 2332
2 1871
1 65
1 681
2 1779
1 2383
1 1088
2 2843
2 1954
1 1313
2 1216
1 730
1 2202
2 1085
1 668
2 638
1 2485
1 327
1 2312
1 1446
2 682
1 2351
2 973
2 860
1 2757
1 1650
1 2234
1 2550
2 2405
1 1496
1 1926
1 126
1 2645
1 1700
2 199
1 1235
1 2035
2 408
1 2598
1 2190
1 1852
2 2974
2 2856
1 1798
1 726
1 1487
2 7
1 340
2 316
2 1072
1 455
1 2431
2 2606
1 904
1 585
1 889
1 2535
1 2868
1 2332
1 2321
2 413
2 531
2 1903
1 1879
1 1356
2 1298
1 1079
2 1811
2 587
2 505
1 1599
2 638
2 1453
2 2996
1 876
1 1895
1 834
2 1251
2 2645
2 1807
1 1508
1 83
1 809
2 1382
1 2754
2 419
1 1272
1 2044
1 2680
1 799
2 1745
1 1224
1 940
1 2976
1 1235
2 813
2 2099
1 370
2 1883
2 80
1 2770
2 2468
2 1740
1 1715
1 1334
2 796
2 394
1 941
2 1573
1 2417
2 2943
2 1584
1 346
2 2487
1 1743
2 465
1 2653
1 2182
2 2875
2 348
1 2960
1 2819
2 1553
1 1605
2 2691
2 1294
2 2010
2 1896
1 1353
2 2
2 635
1 866
1 305
2 1241
2 2052
1 638
2 686
1 2709
1 1916
1 473
1 375
2 2407
1 2644
2 1062
1 1272
1 2332
2 471
1 466
2 2215
1 331
2 617
2 2905
2 1528
1 2921
1 1684
1 728
1 1825
2 1333
1 2860
2 2480
2 446
2 2668
2 2741
1 1146
1 1527
1 1918
2 416
1 701
2 2853
1 2151
2 1561
1 2946
1 1825
2 263
2 2108
2 17
1 1805
1 1514
1 1595
1 1248
1 2736
2 2849
2 569
2 2971
2 1150
2 2712
1 219
2 935
1 2582
1 1093
1 2874
2 1998
1 1395
1 687
2 2995
2 2742
1 924
2 2445
1 1630
1 354
2 1259
