4000
2 3922
2 2602
2 128
2 2353
2 2640
2 1079
2 2145
1 3617
1 2314
2 1099
2 1828
2 2825
1 873
1 2190
2 3419
1 2444
1 2184
2 1853
1 2956
1 2051
1 2423
1 1451
2 337
1 1527
1 2299
2 571
1 3864
1 296
1 2381
1 808
2 2660
2 3017
1 1207
2 158
1 2475
1 2242
2 3578
2 1918
2 1686
2 2764
1 2859
2 2813
1 2372
1 3545
2 689
2 1317
1 3272
1 3946
2 1481
1 2899
2 1670
1 2774
2 2786
2 2679
1 697
2 2090
2 1057
1 728
2 3568
2 899
2 670
2 749
2 1068
2 1782
2 805
2 1733
2 1988
2 3689
2 502
1 2368
1 1569
1 151
1 197
1 723
2 130
1 1808
1 667
1 1640
2 3866
2 1270
2 3059
2 283
1 1805
1 609
2 798
2 191
2 1430
2 1948
2 2432
1 407
1 2596
1 70
2 2640
1 1565
1 3641
1 3666
2 668
2 1215
2 2889
1 2279
1 1219
1 1789
2 2337
2 1601
2 3225
1 3660
2 733
1 2606
1 326
2 534
1 2993
2 3186
1 1831
2 855
1 1473
2 1795
1 2924
1 3073
1 2505
1 1582
1 280
2 3866
1 1238
2 2992
1 3236
1 57
1 1291
2 861
2 828
1 108
2 1949
1 2909
2 2849
1 693
1 2614
2 2250
1 453
1 2376
2 3734
1 1620
1 1267
1 3919
2 3757
2 2845
1 1252
1 1542
1 2403
2 957
2 778
2 2495
2 273
1 318
2 3305
2 2047
1 3237
1 1537
2 2553
1 3104
2 2850
1 1944
2 3238
2 3533
2 1085
1 1162
1 2736
1 905
1 481
1 3155
2 779
2 1704
2 1228
2 1377
1 3776
1 3635
2 2415
2 1015
2 3466
1 3657
1 2706
1 1101
1 826
1 2009
2 1934
2 943
1 596
1 3209
1 881
1 1658
2 1999
2 2738
2 766
2 2338
2 3929
1 1761
2 3370
1 3470
2 2001
1 2935
1 1793
1 986
2 2251
1 3626
2 1534
2 21
2 2991
1 3907
2 3606
1 1313
2 698
2 1662
1 878
1 85
1 3451
1 781
2 608
1 2014
1 856
1 2293
1 1915
1 2457
2 903
1 2607
2 2336
2 155
1 853
2 3912
2 1957
1 3882
2 450
2 2146
1 3862
2 801
1 1763
1 1744
1 751
1 848
2 1663
1 3806
2 2051
1 505
1 2323
2 103
2 3032
2 916
2 1582
1 3133
2 3496
2 780
1 1173
1 3557
2 3394
1 2656
1 3744
1 1208
2 775
2 3587
2 2810
2 3491
1 3917
2 2365
2 1509
1 3047
1 2848
2 1735
1 3829
1 506
1 1660
1 1235
1 2928
2 2788
2 3156
2 3745
2 2101
1 675
2 2894
2 2219
2 369
1 3464
2 2949
2 2106
1 3019
2 408
1 294
1 3823
2 314
2 3723
2 2611
2 443
1 2985
2 2384
2 2403
1 3431
2 3450
2 3464
1 2527
1 2381
1 1344
2 3046
1 2663
2 476
2 1539
1 693
1 2411
2 3033
1 3872
2 690
2 1810
2 3001
1 2278
1 2862
1 3703
2 1703
1 2715
2 174
2 903
2 676
2 2325
2 650
1 1060
2 450
2 2177
2 2097
1 2949
2 3048
2 1695
1 675
2 2292
2 1106
2 3588
2 1814
2 1775
2 1486
2 1399
2 1746
2 3687
1 2751
2 1396
1 3381
1 3812
2 349
1 1389
1 2960
2 574
2 1204
2 2499
1 2727
2 965
2 1089
1 3569
2 3637
2 3419
1 2648
2 1570
2 517
1 1013
1 33
1 54
1 1275
1 3454
1 501
2 225
2 2409
1 628
2 2022
2 492
1 250
1 8
1 437
2 50
1 523
1 706
1 2810
2 1700
2 1612
1 2299
2 1087
2 1926
2 2628
1 2305
2 2245
1 1295
1 714
1 2135
2 1533
2 2732
1 1613
2 2130
1 3280
2 414
1 1005
1 1405
2 3705
1 536
2 3583
1 1238
2 1765
2 1954
2 3661
2 1711
1 3706
2 57
2 1812
2 526
2 2701
1 2061
1 452
2 1229
1 682
1 1
1 516
1 2362
1 3248
1 526
1 2763
1 2040
1 146
2 1312
2 808
2 221
1 1143
1 2583
1 3226
2 690
2 3771
2 3880
2 1401
1 2006
2 1708
2 2074
2 588
2 2587
1 2094
2 3561
2 2096
1 3847
1 568
2 1703
1 3800
2 1332
2 2004
1 277
1 2951
1 3729
1 2050
1 974
2 1047
2 1279
2 3446
2 3645
1 2838
1 1588
1 3286
2 1218
2 3683
2 3931
2 1373
2 1073
1 1846
2 947
1 1530
2 2451
2 2485
1 1740
2 2450
1 2019
1 1536
1 1165
2 2266
2 3474
2 3590
2 2192
1 1149
2 227
1 2573
2 3844
2 2524
2 2736
1 750
2 2218
2 9
1 2915
2 1591
1 153
1 523
2 126
2 2503
2 1210
2 798
2 244
2 3286
2 461
2 3760
1 3373
2 426
1 3426
2 3076
2 2342
1 2211
2 2592
1 1267
1 2606
2 2608
2 3778
2 2598
2 170
1 1175
2 1301
2 1853
1 3218
1 369
1 3003
2 2027
2 3155
2 2571
2 2219
2 3288
2 1195
1 1895
2 3151
2 2718
1 1903
1 2169
1 1796
1 2540
2 2440
1 2634
2 3518
1 3590
1 3986
2 1817
2 2625
1 2499
1 1948
2 1557
2 3209
2 2446
2 3115
1 932
1 2307
1 3141
2 2518
2 3551
1 465
2 3613
1 1547
2 2899
1 938
1 2396
2 233
2 2753
1 2296
1 3421
2 1252
1 863
2 3353
1 400
1 709
1 3414
2 2270
1 1528
2 1095
1 2434
1 3375
1 1899
2 731
2 2453
1 3685
1 1173
2 3844
2 3636
1 3918
1 1109
1 3580
2 1560
2 3053
2 3422
2 429
2 78
2 3383
2 279
2 3897
2 55
1 2807
2 348
2 1266
2 1353
1 3147
1 251
2 3779
2 3757
1 324
2 3736
1 2661
2 223
1 1802
2 394
2 1803
1 2000
2 790
1 411
1 1367
1 1159
2 1879
2 2860
1 962
2 2044
1 2061
1 2798
2 3448
2 764
2 2705
2 2986
1 3993
1 1928
2 459
1 1018
1 3610
2 3702
1 346
2 622
2 2402
2 1966
2 400
2 520
1 525
2 2030
2 1555
2 2688
1 396
2 2983
1 29
2 641
2 3235
2 830
2 476
1 1578
1 2378
1 1036
2 1939
2 2701
1 173
1 926
1 1976
1 1716
2 3179
1 2581
2 3412
1 2871
2 1563
1 1894
1 2662
1 3655
2 1250
1 3036
2 3904
2 3495
1 1982
2 1553
2 2824
1 173
2 3359
1 2105
2 217
2 1189
1 3688
1 3288
2 3455
1 1135
1 2387
1 2182
1 2751
1 2940
2 554
2 3986
1 3116
1 3285
1 3727
2 2908
1 211
2 2196
1 21
1 3066
1 2800
1 648
2 1540
1 1268
1 2326
2 1429
1 2104
2 2568
2 1259
2 3858
1 1923
2 1382
2 2090
1 74
2 3047
1 2325
2 3104
2 2715
1 701
2 748
1 943
2 474
2 3857
1 1914
2 2894
1 1357
2 1827
2 1887
1 1478
2 2895
2 1032
2 2897
1 471
2 976
1 3943
1 120
1 3537
1 3475
2 2652
2 305
1 1820
1 2830
1 2936
2 2287
2 1232
2 621
1 2783
2 3349
2 3165
2 2191
2 3880
1 3614
1 3813
2 647
1 801
2 597
2 765
2 2748
2 521
1 3645
1 1295
2 2026
2 3956
1 2987
1 3611
1 703
1 2443
1 199
1 561
1 863
2 233
2 78
1 153
1 1633
2 2398
1 2835
2 1612
1 79
1 3216
2 153
1 696
2 1514
2 2869
2 3578
1 3808
2 2115
1 3419
2 2308
1 3033
2 2659
2 1696
2 3159
1 2286
1 1028
2 2842
2 2856
2 1468
2 1974
2 944
2 961
1 3735
2 2747
1 607
1 2814
2 452
2 1355
2 2390
1 2962
1 349
1 2545
1 2586
1 2144
2 1904
1 3788
1 995
2 3522
2 992
2 2991
2 893
2 166
2 2082
1 3137
2 1928
1 3787
2 993
2 2654
2 2585
1 1800
1 3675
2 2548
2 1431
2 710
2 2850
2 2663
1 1150
2 3362
1 1596
1 1005
1 2143
2 2220
1 643
1 1266
2 1214
1 3114
1 613
1 2198
1 1202
2 2709
2 3045
2 3466
2 2793
2 3675
1 1753
2 2615
2 3106
2 1275
1 1578
1 1111
2 3697
1 2572
1 1015
1 1337
1 3807
1 439
1 242
1 225
2 2087
1 1112
1 1313
1 3206
1 505
2 545
2 2846
1 339
2 3803
2 3703
2 3800
2 614
2 2819
2 1555
1 2800
1 116
1 2302
2 1955
1 3197
2 3907
1 1037
2 3750
2 584
2 3918
1 610
1 2771
2 3120
1 869
1 2824
2 3219
2 1703
1 3435
2 24
1 3682
2 2483
1 2198
2 1477
1 722
1 2159
1 242
1 209
1 3240
2 1288
1 1758
2 21
2 3325
1 3936
2 1133
1 3453
1 1278
2 718
1 1447
2 2377
2 2957
1 635
1 518
2 1069
1 3614
2 774
1 57
1 1618
2 506
1 2338
1 2212
2 1491
1 3999
2 2835
2 1374
1 3137
2 3454
1 3701
2 1841
2 3136
1 1596
2 1749
2 3197
2 904
1 2898
2 2517
1 3094
1 196
2 3533
2 3468
1 2050
1 2166
2 718
2 3044
1 2428
1 2737
2 2699
2 2842
2 1428
1 3710
2 3372
1 3170
1 556
2 3096
1 3375
2 3712
1 2204
2 719
1 3525
2 3440
1 1615
1 1673
2 1331
2 1311
2 3652
2 412
2 306
2 2223
2 2958
2 565
1 1455
1 3288
1 148
2 3829
2 2315
2 3201
1 3090
2 2126
2 1244
2 107
1 3894
1 3466
2 810
1 2535
2 2852
2 1061
1 2739
1 378
2 82
2 1838
1 104
2 960
2 3660
1 1290
2 3853
1 646
2 2994
1 1105
1 3965
2 3887
2 1301
2 3279
2 932
1 560
2 1790
2 2404
1 3107
2 884
1 2023
2 901
1 1616
1 2969
2 447
2 3641
2 3123
1 1457
2 1098
1 764
1 938
1 1410
2 479
2 959
1 1509
2 998
1 1225
1 2309
2 2187
1 1579
2 1639
2 2696
2 3604
2 2420
2 3083
1 371
2 3468
2 2358
1 2943
2 3781
2 1303
2 1021
1 1435
2 340
2 1031
2 677
1 3536
1 904
2 1767
1 576
1 1216
2 3964
2 3668
2 2070
2 3556
2 1696
1 3678
1 3137
2 2405
1 2202
2 2508
2 3853
2 227
1 2976
2 405
2 3422
2 3345
2 1023
2 2184
1 2602
1 887
2 536
1 2565
1 154
2 78
2 1341
2 322
1 3629
2 2920
2 472
1 1351
2 3381
1 3206
1 3269
1 2705
1 472
2 2783
2 2515
1 1395
1 3345
2 448
1 1287
1 2608
1 3757
1 3942
2 2425
2 1635
1 1806
2 582
2 2037
2 119
2 3594
1 2054
2 3323
2 335
2 909
1 161
1 416
2 2239
2 2611
2 743
2 2250
2 561
2 1743
2 2682
1 3672
1 1282
1 1576
2 1554
2 3031
2 1826
2 1206
2 3450
1 2574
2 3127
1 265
2 3889
2 3604
2 2171
2 1634
1 1834
1 596
2 857
1 2488
2 2028
1 3184
2 276
1 3829
2 435
1 2459
2 3616
2 2486
2 301
1 1757
1 3239
2 3919
2 1950
1 2547
2 710
2 260
1 1340
1 1709
2 2061
1 2225
1 3892
2 846
1 1858
2 3203
1 2019
2 1455
2 1278
1 124
2 61
1 2269
1 3439
1 1587
2 2474
2 2774
2 3829
2 1074
2 3876
2 1520
2 2437
1 2039
2 2971
1 594
1 840
1 1779
2 3857
1 120
2 1917
2 3022
1 1534
2 2164
1 499
1 1217
1 1869
1 2344
2 976
2 2778
2 2204
2 3308
1 141
1 3803
1 608
1 238
2 216
1 3580
2 2207
1 1901
2 656
2 1189
1 469
1 2494
2 300
1 2900
1 816
1 3815
1 1205
2 3581
2 1939
1 2535
2 2215
2 3205
2 374
1 2859
1 692
2 2918
2 2629
1 154
2 1505
1 814
2 1629
2 107
2 1255
2 1888
2 2898
1 2537
1 2227
1 2001
2 427
1 2454
1 199
1 3564
1 420
1 1125
1 2423
2 3855
1 3980
2 1022
2 3788
2 1196
1 581
1 2014
2 837
1 2537
2 3718
1 3413
2 1809
2 2912
1 3036
2 2982
2 854
1 3520
2 3396
1 2410
1 269
2 1674
2 275
2 2349
1 1827
2 3540
2 3183
2 1008
1 121
1 3977
1 19
2 613
2 1637
2 1767
2 2991
2 3734
1 3663
2 3648
1 549
2 703
1 1557
1 3898
1 3341
1 3055
2 936
2 1936
2 2802
2 683
2 1581
2 718
2 2227
1 1931
2 445
1 3609
2 931
1 2011
2 1285
1 964
1 906
2 3451
2 1862
2 3356
2 3169
2 3935
1 1462
1 189
2 3994
1 2320
1 1054
1 1274
2 2229
1 2057
1 2842
2 1017
1 1868
1 3867
2 475
1 2805
2 2792
2 1193
2 328
1 3386
2 1226
2 1997
2 2201
1 525
2 1443
2 1169
2 1723
2 1730
2 3644
2 823
1 3087
2 1475
1 3695
2 1522
1 1195
2 3983
1 1515
1 1066
2 3799
1 3865
2 2389
2 220
2 2001
1 5
1 770
1 1848
2 3978
2 3023
2 253
2 1601
1 2118
2 580
1 1575
2 784
2 32
2 2566
2 2002
1 2161
2 1412
1 3372
1 3365
1 1317
1 1235
1 2496
1 732
1 1886
2 355
1 3935
1 2469
2 3110
1 2588
2 2525
1 643
2 185
2 731
1 2590
1 3438
1 3846
1 147
2 1406
2 2514
1 146
1 1896
1 2506
1 2380
1 1621
2 2354
1 3333
1 720
1 634
1 704
2 580
2 1350
1 2435
1 1970
2 2194
1 3336
2 2692
2 3774
1 908
1 1381
2 1667
2 1260
1 1510
1 2529
1 3326
1 345
2 3653
2 115
2 1093
2 3000
2 3459
2 2821
1 1148
2 684
1 2990
2 3128
1 3450
2 432
2 2505
2 253
1 2157
1 1871
2 1353
2 797
2 371
2 3500
1 729
2 947
2 3682
2 3900
1 3223
1 396
2 2178
2 39
1 693
1 430
1 1869
1 2538
2 153
1 654
1 3670
1 472
1 3997
1 2040
1 1311
2 3892
1 1007
2 1387
1 2369
1 1913
1 146
1 2714
1 680
2 2802
2 1915
2 524
1 2165
1 1186
1 2646
2 1085
2 3290
1 637
1 2975
1 3579
2 1857
1 1229
2 328
1 3114
2 1190
1 1391
2 2969
2 1601
2 344
2 883
1 3756
1 3882
2 2492
1 1311
1 2381
1 3877
2 3785
2 2829
1 3936
2 3526
1 237
1 232
2 3803
2 2195
1 2471
1 307
1 2567
2 423
1 2027
2 898
1 2947
2 3537
2 610
1 1055
2 1058
2 2198
2 2279
1 1062
1 1832
1 3275
2 427
2 3402
2 1552
1 1979
1 626
1 2350
1 553
1 935
2 563
1 1292
1 2708
2 3265
2 2779
1 817
1 936
2 1392
2 331
2 2687
1 2574
2 16
1 790
2 586
2 774
1 3567
1 1188
2 3356
2 1600
2 3216
1 2514
2 1169
1 3619
2 2220
2 3919
1 3579
1 3658
2 44
1 2337
1 31
2 2114
1 3280
1 2110
2 2102
1 3373
2 3659
1 339
2 1294
2 2850
1 3781
2 3168
1 70
1 1291
2 3768
1 858
2 149
1 3237
2 2579
2 2728
2 3588
2 3363
1 2554
2 2886
2 1103
2 524
2 3524
2 1669
1 584
1 121
1 2940
1 3561
2 1300
1 504
2 2016
2 522
2 140
2 3531
2 3749
2 2099
2 2781
1 233
2 177
2 2022
2 585
1 3260
1 735
1 3895
1 420
2 3970
2 2335
1 748
1 1591
1 1068
1 212
1 3
1 481
1 194
2 2196
2 908
2 2736
2 445
1 3147
1 1386
2 2412
2 2315
2 3864
1 1975
2 205
2 2095
2 1262
1 2397
2 320
2 2622
1 1780
1 3550
1 3975
2 3875
2 3590
1 1645
1 150
1 220
1 2514
1 1618
2 54
2 122
2 1340
2 3626
1 2693
1 357
2 859
2 484
2 1204
1 3446
1 1529
2 1285
1 1544
2 1755
1 2391
1 3333
2 410
1 3127
1 6
1 880
1 2263
1 704
2 2639
1 2791
1 1600
1 447
1 620
2 3772
1 939
2 3923
1 877
2 857
1 2816
1 14
2 2708
2 2361
2 3357
2 3126
1 1753
1 3630
1 3539
2 1861
2 2567
1 345
2 3718
1 649
2 317
1 1237
2 785
1 3077
2 1709
1 3117
1 2112
1 783
2 1185
2 3169
1 436
2 368
1 3729
1 3557
1 3
2 327
2 334
2 833
2 1333
2 614
2 3931
2 1202
2 2632
2 2227
2 270
2 1192
2 909
1 41
2 2356
2 3271
1 3880
1 1204
2 746
1 550
1 980
2 2008
1 1412
1 2290
2 2525
1 11
2 234
1 3724
1 612
2 3414
2 2742
2 1895
1 2174
2 2297
2 3415
2 1835
2 214
2 2180
2 2545
2 1525
2 2598
2 542
1 1883
1 404
1 1634
1 1186
1 1376
1 3917
1 1517
1 1245
1 1630
1 3448
1 258
2 369
2 842
1 3201
1 237
1 693
2 1450
1 3881
1 1103
2 1746
2 1561
1 66
2 2205
1 1384
1 1031
1 2230
2 1377
2 583
1 2167
1 320
2 952
2 2262
2 2751
1 113
1 882
1 2416
2 1259
1 2221
1 3574
2 2978
1 2842
2 2028
1 3035
2 1454
2 3807
2 3033
1 368
2 747
1 1186
2 1142
2 2805
2 3907
2 1244
1 2966
1 927
1 3220
2 2943
2 770
2 2200
2 79
1 331
2 2965
1 3773
1 3804
2 3578
1 3552
1 2206
1 2932
1 1717
2 3270
1 3841
1 229
1 797
2 1697
2 576
2 1713
2 3267
1 2587
2 1958
2 3248
1 336
2 469
1 3926
2 2057
1 1694
1 3876
2 325
2 1821
1 3293
2 591
1 602
2 541
2 1423
1 1683
2 3221
2 1359
1 3756
1 2335
1 773
1 3085
1 2847
2 1304
1 2960
1 3973
1 135
2 3318
1 3760
2 1210
2 3031
2 3814
2 592
1 1345
2 2486
2 134
2 595
2 3205
2 3968
1 2923
2 1997
1 3588
2 2147
2 1982
2 1192
1 2992
2 1443
2 2618
1 1376
1 1807
1 2294
1 2928
1 1671
2 2843
1 2664
1 644
2 2722
1 2498
2 2041
1 302
1 619
1 3623
2 826
1 2745
2 77
1 575
1 2068
1 2791
2 555
1 278
2 3969
1 2923
1 3161
2 1768
2 1648
1 2542
1 3424
1 1768
1 773
1 1227
2 703
2 3644
2 1047
1 178
2 2533
1 2558
1 497
1 2761
1 1304
2 3549
1 2385
2 742
1 2801
2 1018
1 1228
1 1335
1 3997
2 395
1 1128
1 250
1 2398
2 1820
2 2753
2 3237
1 648
2 2761
2 3556
1 1023
2 2372
1 2661
1 951
1 421
1 1745
2 214
2 3023
2 1318
2 3678
2 1431
1 1592
2 3975
2 3729
2 180
2 2353
2 3584
2 1571
1 2610
1 3661
2 381
1 3393
2 2340
2 2868
2 3166
1 2636
2 2455
1 992
1 1143
2 1978
2 583
2 2784
1 2097
1 2260
2 8
1 2360
1 3656
1 2198
2 1246
1 2847
1 1195
1 1042
1 1349
2 2047
1 990
1 3404
2 3369
1 1049
2 3387
2 575
1 2927
1 1470
1 301
2 2615
2 331
2 567
1 2579
1 630
1 3495
1 2974
2 2307
2 3216
2 1635
1 2627
1 517
1 1390
1 3599
1 1000
1 1076
1 142
2 1619
2 2757
2 3808
1 2177
1 744
2 3109
2 431
1 2124
2 2172
1 1191
1 3863
1 3079
2 3185
2 2846
1 1893
1 705
2 3902
2 2961
1 1914
2 123
1 333
1 1372
2 9
1 1576
2 700
2 461
1 1882
1 756
1 540
2 1256
2 1673
1 506
2 3829
1 611
2 3240
2 1483
1 3968
1 106
2 3001
2 1294
2 3563
1 1117
1 3573
2 1499
2 2681
2 365
1 3880
1 1247
1 3743
1 2563
2 3442
2 475
1 744
1 1241
1 3143
2 196
1 1874
2 350
2 2480
1 3429
1 3087
2 662
2 2056
2 1368
1 453
1 952
2 2720
2 49
1 2990
1 3055
2 252
2 3476
1 1368
1 3546
2 1459
2 3097
1 1862
1 3755
2 2291
2 3279
1 2157
1 2572
2 3355
1 1430
1 2424
1 1717
1 223
1 3524
1 709
2 2903
1 1447
2 865
2 3110
1 3604
1 3216
1 426
2 2753
1 101
2 1866
2 1042
1 2928
2 3283
2 3192
1 540
2 1026
1 2814
1 1619
1 3523
1 792
2 57
1 2312
2 3923
2 1065
2 2572
2 3157
2 1581
2 3614
2 624
1 144
2 1158
2 2838
1 183
2 768
2 136
2 99
1 1314
1 3297
2 2224
1 75
1 2600
2 3141
2 3246
2 2217
2 2038
2 3374
1 3049
1 361
2 1641
2 2229
1 1272
2 3151
2 2230
1 741
1 1450
2 2001
1 3459
1 3809
2 2207
2 473
1 2635
2 954
2 3852
2 2276
1 3102
2 1114
1 2235
1 229
2 3710
2 1756
1 1224
2 2914
1 1539
2 2161
1 3366
1 2742
2 3416
1 3036
2 1176
2 3118
1 2364
2 2615
1 1528
1 1772
1 2850
2 2765
1 212
1 2887
1 817
1 2813
2 1132
1 2313
2 3269
2 3549
2 2901
1 655
1 652
1 469
1 697
2 1452
2 2794
2 736
2 2740
2 1383
1 3925
1 1390
2 184
2 2937
1 666
1 2501
1 3179
2 2352
2 470
2 955
2 2788
2 334
1 2877
2 1949
2 1713
1 2794
1 1079
2 363
1 2868
1 526
2 3966
1 442
2 1825
1 1527
1 3746
1 1969
2 1282
2 409
2 3717
2 461
2 467
2 1209
2 1151
2 445
1 870
1 3920
1 1883
2 2470
1 3233
2 3503
1 1527
2 2112
2 699
1 2133
1 2120
2 2711
2 610
1 2874
2 3060
1 2731
2 3544
2 2888
1 1015
2 528
1 1457
1 989
2 447
1 367
2 1526
1 1355
2 2479
2 3075
2 486
2 504
1 1919
1 1789
2 1744
1 894
2 315
2 1568
2 2362
2 1163
1 256
2 3494
1 2525
1 386
2 2306
1 1849
2 2406
1 2200
1 1192
1 571
2 1367
2 1560
1 3086
2 1855
1 3779
1 2592
2 3363
2 3566
2 2422
1 930
2 3465
2 1570
2 2955
2 1764
1 3159
1 1038
2 2740
1 2976
1 3290
1 2964
2 3510
1 2308
2 3759
1 1197
2 1450
1 2387
2 3243
1 1318
1 3453
2 1923
1 756
2 2461
1 465
2 1085
1 2469
2 552
2 1626
2 3968
1 558
1 2318
2 3041
1 1854
1 209
1 3787
1 2724
1 2333
2 1575
1 1424
1 1876
1 1368
2 56
1 1281
2 2934
1 3227
1 1990
2 2166
2 3203
1 586
1 1124
2 1915
1 2792
2 347
2 2487
2 2288
2 582
2 1623
2 3835
1 1897
1 979
1 3134
2 1409
2 3759
1 2839
1 768
2 329
2 3485
2 3952
2 708
2 557
1 1028
1 623
2 420
2 3478
1 456
2 2809
2 3663
1 1285
1 192
1 198
2 3046
2 1291
1 826
2 773
1 3392
1 3665
2 3860
1 1079
1 2183
2 241
2 3556
1 3439
2 1720
2 1210
1 2642
1 1657
2 2695
1 593
1 2040
1 2255
1 3000
2 1579
1 3081
2 997
2 103
2 1267
1 2343
1 159
1 672
1 1130
2 523
1 3701
2 1448
2 3938
1 2850
1 3670
1 1363
2 2722
1 1066
2 1698
2 3692
1 2822
2 1272
1 2223
1 2512
2 2108
2 2101
2 2949
1 2739
1 1383
1 445
2 1026
2 3705
2 799
1 3967
2 3703
1 3998
2 3056
2 2880
2 1160
1 463
2 3863
2 184
1 1360
1 623
1 1640
2 403
1 603
2 179
1 2475
1 2481
2 1802
1 2694
1 2170
1 1478
1 3698
1 3141
2 3396
2 891
2 2557
2 388
1 237
1 3307
2 3880
2 3400
1 460
2 1383
1 3523
2 1611
2 555
1 690
1 2837
1 1627
1 3435
1 3654
2 437
1 3483
1 2590
2 3821
2 1842
2 2144
1 2122
2 1993
2 1132
2 1813
2 1421
2 685
1 312
2 1624
2 3220
2 2913
1 3168
1 1050
1 2
1 386
1 2209
2 2115
1 2415
1 2943
2 395
2 3756
1 1862
2 3709
2 3365
2 836
1 2182
1 725
2 1350
2 3628
1 130
2 1521
1 3741
2 1178
1 2945
1 3410
2 3050
1 1593
2 863
1 557
1 2434
1 359
2 106
2 2920
1 623
1 214
1 2982
1 290
1 3629
2 428
2 1674
2 3881
1 1871
1 3172
1 992
1 1794
2 3768
1 2218
2 361
2 3877
1 3362
2 3970
2 2454
2 2302
2 1339
2 3586
1 912
1 1389
2 3298
1 2963
2 2705
2 838
2 3279
1 1364
1 200
2 3281
1 3144
1 983
1 794
1 3243
2 301
2 66
2 92
2 2276
1 3117
1 2672
2 2041
2 2880
2 1454
1 2446
2 2770
2 2902
2 1353
2 574
2 2137
1 116
1 2988
2 2519
1 1301
2 2968
1 2007
1 930
2 1698
2 3192
1 1215
1 2270
2 2798
1 283
1 1805
1 1150
2 2204
2 158
2 2304
1 678
1 1445
2 2129
1 3687
1 530
2 1490
2 823
2 2984
2 3342
2 899
1 2281
1 3356
2 1887
1 3372
2 2995
1 2960
1 1049
2 3314
2 2805
2 1382
1 422
2 50
2 900
2 690
2 1862
1 2042
2 295
1 61
1 3817
1 366
1 2490
1 3334
2 3991
1 3589
2 3054
1 284
2 2792
1 3434
2 1095
2 229
1 652
1 315
2 3037
1 1018
2 3205
2 3501
1 124
1 2376
2 328
1 1766
2 708
1 1552
2 1216
1 1281
2 3625
2 3304
1 1002
1 462
1 2067
2 2521
2 1242
2 2512
2 384
2 703
1 3349
1 765
2 2749
1 2924
2 2196
1 353
1 17
1 517
2 1896
1 1275
1 2418
1 1603
1 2512
2 2718
2 1070
1 2739
1 197
2 3089
1 99
1 3030
1 2703
2 1296
2 3111
1 3042
1 3244
2 201
1 737
1 3104
2 1296
2 1792
2 2062
1 108
2 480
1 364
1 829
2 311
1 3094
1 1879
1 3060
1 1256
1 3584
2 578
1 2217
1 1527
2 1569
1 830
2 3017
1 2705
1 270
1 1332
1 3252
2 407
2 1427
1 2686
1 1022
1 2271
2 1451
2 1324
2 3824
2 2417
2 235
2 3744
1 902
1 3627
2 3032
2 626
1 527
2 3230
2 1452
1 3725
2 2544
2 2703
1 2774
1 2480
1 1376
1 3287
1 1591
1 3566
2 2765
2 2243
1 390
1 3694
2 822
2 660
1 2316
2 587
2 3407
1 671
2 2408
1 1205
2 2465
2 3151
1 1932
2 3215
1 2663
2 3423
2 3198
1 3407
2 689
1 3616
2 856
2 1986
1 709
2 3033
1 905
2 3781
1 3993
2 2529
1 3410
1 2732
2 731
1 7
1 1706
1 223
1 1385
2 683
1 3610
2 3288
1 1625
2 1379
2 3745
1 2374
1 3410
2 2679
2 2642
2 2509
2 3185
2 2341
2 625
2 484
2 3781
1 1021
1 2041
1 2678
2 1108
1 38
1 569
2 737
1 244
1 56
2 1171
2 3290
2 3250
2 1503
1 3291
1 2119
1 2062
1 3454
2 3006
2 227
2 956
1 1610
2 3480
2 3742
1 1797
2 2155
2 2237
2 1243
2 229
1 1310
2 273
1 944
1 2187
2 2614
1 592
2 1129
2 2747
1 3894
2 743
2 2149
2 687
2 1977
2 472
2 1815
1 2738
1 3850
1 2298
1 2663
2 196
1 1100
2 279
2 3694
2 3833
1 2196
1 13
1 3838
2 377
2 2954
2 973
1 3415
1 3169
1 2411
1 255
1 563
1 2369
2 714
1 475
1 2587
2 1180
1 2858
2 1714
2 272
1 1804
1 325
1 995
1 3268
2 3995
1 553
2 262
2 1821
2 139
2 3830
1 2821
1 1592
2 1998
1 1889
2 126
2 804
1 2287
2 532
1 2723
2 2947
2 231
2 2571
2 3833
2 1965
1 3945
2 3257
2 2812
1 3149
2 1879
2 3105
1 2458
2 674
2 2154
1 2749
1 2035
2 2687
1 206
1 1499
1 640
1 1643
2 3235
2 538
1 2409
1 3746
2 1117
2 1522
1 3917
1 1938
2 3045
1 1193
1 3741
1 3071
1 791
1 3103
1 3585
2 3391
1 610
2 259
2 2034
1 3294
2 1930
2 1659
2 1567
1 1308
1 681
1 1280
2 809
2 1802
2 170
1 192
2 966
2 561
1 140
1 2202
2 737
2 2059
1 2470
2 2309
2 2936
1 1383
1 1789
2 1162
2 669
1 1705
2 1839
2 3237
2 2775
1 2696
2 3980
1 3656
1 3262
1 655
2 2039
1 1464
2 481
2 2812
1 3945
1 2799
1 1379
1 1188
2 1839
1 1752
2 3162
2 1389
1 1127
1 181
1 47
2 819
1 2951
2 2620
2 3586
1 1667
1 1270
1 1046
1 227
1 2083
2 1521
2 2751
2 2745
1 3656
2 2055
2 1769
1 2462
1 2174
1 61
2 2777
1 1025
1 1604
2 3659
1 2568
2 2659
1 1806
2 2013
2 451
2 1531
1 2561
2 851
1 2220
2 2035
1 1466
2 3074
2 3671
1 2344
1 935
1 3857
1 2765
1 3053
1 2124
2 3292
1 108
2 1225
2 128
1 916
1 2533
2 3220
2 2253
2 701
1 3773
1 2174
2 1556
2 3150
2 1005
1 1481
1 2694
2 1109
1 1410
2 1226
1 2892
1 3889
1 445
2 1707
1 3520
1 3734
2 3060
1 2380
2 3250
1 1836
2 2927
2 1405
1 1060
2 1296
2 3853
2 1094
1 2350
1 3794
2 3964
2 2271
2 3835
2 1045
1 1476
1 984
2 1386
1 594
1 1373
1 1523
2 1582
2 694
2 2900
2 2085
1 46
1 895
1 1834
1 3225
1 3654
1 3747
1 2005
2 1709
2 1220
2 1577
2 221
2 3154
1 44
1 3758
2 1216
2 848
2 1716
2 1537
2 2767
1 3200
1 3784
1 1799
1 2062
2 432
2 1896
1 3320
2 3320
1 2851
2 3045
1 1952
1 1273
2 494
2 1608
2 2143
2 1746
2 2364
1 2923
2 1705
2 2105
2 1963
1 2909
2 2599
1 3254
2 1324
2 3842
2 52
2 743
1 1063
2 3697
2 2145
1 1725
2 2741
1 3349
1 50
1 3324
1 1573
2 109
2 2271
1 2111
1 2680
1 3276
1 1683
1 2802
1 2756
2 2009
2 3056
1 3926
2 52
1 1999
2 425
1 2112
1 1926
1 2462
1 3270
1 2714
2 2252
1 840
2 3940
1 129
2 236
2 454
2 3699
2 1542
2 3712
2 2625
1 1270
1 1133
2 3383
2 57
1 1543
1 1393
2 3538
2 2849
1 304
1 1373
2 327
1 3297
2 3442
2 500
2 66
2 1170
2 802
1 2091
2 2463
2 1638
2 3111
2 3210
1 2961
2 3038
2 30
2 686
1 1246
2 689
2 1430
2 1002
1 3616
2 2860
1 2548
2 3585
1 2918
1 2764
1 2544
1 1198
2 2641
2 2726
2 150
1 1724
1 1208
2 672
1 1190
1 2446
1 1796
1 341
1 3348
2 24
1 3125
2 117
2 1257
1 2660
2 91
2 354
1 544
1 111
2 1821
2 564
1 2954
2 3273
2 1270
2 3382
2 587
1 1785
2 3155
1 1031
2 2138
1 406
1 2518
1 2714
2 1637
1 1742
1 854
2 3414
1 3339
1 1891
2 2556
2 1335
2 1728
2 1513
1 776
2 427
2 460
2 2442
1 362
2 22
1 396
1 483
2 3306
2 2318
1 2735
1 676
1 640
2 1440
2 1243
2 3059
2 1916
1 1577
2 1734
1 3049
1 1152
1 542
1 1565
2 3700
1 1569
1 3492
2 2081
1 1812
1 970
1 56
2 452
1 542
1 2200
2 3945
1 3856
2 475
2 415
2 3193
1 2273
1 3498
1 195
1 3808
2 390
2 1146
2 3616
1 1897
2 452
1 49
2 1411
2 274
2 2195
2 8
2 1839
2 3248
1 1887
1 3949
2 3737
1 2953
1 456
1 1567
1 2348
1 793
2 418
1 1941
1 1030
2 1966
2 2198
1 1368
2 505
2 1867
1 1087
1 932
2 3370
2 40
2 2382
1 2699
2 629
2 465
1 71
1 3314
2 3464
2 2307
2 161
1 82
2 3491
2 562
2 2634
2 1529
1 3199
2 230
1 352
1 902
1 2084
1 984
1 2905
2 464
1 3281
1 1402
2 157
1 576
2 1272
2 1965
2 1831
1 786
2 1791
1 872
1 327
1 2040
2 32
1 2776
2 35
2 727
2 2281
1 2778
1 1265
2 1384
2 477
1 1059
2 1758
1 24
1 1106
2 2137
2 1578
2 3944
1 3953
1 151
1 1578
1 174
2 121
2 781
1 2181
2 1938
2 1436
1 2717
2 343
1 2835
1 2336
1 2080
1 690
1 2719
2 1791
2 543
2 2968
2 3614
1 2920
1 409
2 2913
1 712
2 2172
1 932
1 3291
1 2474
2 530
1 3876
2 2789
1 2438
1 883
2 3734
1 948
2 3823
2 30
1 2248
2 1710
2 145
2 1638
2 1277
1 2385
2 775
1 1967
1 1518
1 3085
1 3906
2 2260
2 2628
2 806
1 617
2 1124
2 768
1 435
1 948
2 2944
1 3987
2 1186
1 2768
1 1855
1 1958
2 3794
2 2974
1 651
2 19
1 1911
1 244
1 1409
1 330
1 729
1 3034
1 2900
1 1645
2 1333
1 1454
1 3563
1 2196
1 1978
1 1153
1 1406
2 1513
2 3405
1 759
1 1949
2 109
2 1543
2 1355
1 1706
2 3954
2 242
1 873
2 154
1 1119
1 3247
2 1298
2 2647
1 912
1 1747
1 3420
1 3041
1 1939
2 2373
2 2831
1 3560
1 1739
2 2177
2 1033
2 1620
1 1969
2 984
2 3162
2 3582
2 2062
1 3470
2 2985
1 372
1 2
2 27
1 2349
2 3288
2 1408
1 1643
1 3445
2 1346
2 2640
1 3422
1 769
1 3417
2 3468
2 2120
1 2951
2 2558
2 835
2 1394
1 2607
1 642
1 25
2 1527
2 2358
2 714
2 613
2 3336
1 3183
1 754
2 753
2 2088
1 3549
2 680
2 2398
1 369
1 3195
1 2604
1 542
1 2189
2 3988
1 3735
2 1719
2 510
1 2667
1 3889
2 1127
1 2775
1 53
2 1976
1 699
2 1696
2 1050
2 2016
1 3190
2 374
2 1591
1 110
2 3216
1 3112
2 3455
2 508
2 1684
1 3964
1 1397
2 2617
2 3169
2 1128
2 3540
1 485
2 1162
1 3065
1 391
1 1241
2 407
1 1551
1 49
2 2301
2 641
2 2143
2 326
2 3696
1 57
2 1264
2 3536
1 708
1 2466
2 94
2 1580
1 1919
1 787
1 314
1 1226
2 3579
1 2102
2 2184
2 784
2 3239
1 268
2 1248
2 2648
2 612
2 998
2 1838
2 621
2 169
2 1901
1 434
2 2194
2 351
2 219
1 736
2 987
2 965
2 287
1 1
2 3986
1 3053
1 3006
2 2448
2 3251
2 3869
1 717
2 1790
2 1201
2 1552
2 1335
2 2222
2 3887
1 1522
1 29
2 3290
1 167
2 3048
1 3857
2 2156
1 102
2 1669
2 250
2 1734
1 462
2 1046
2 3380
1 2682
1 403
1 951
1 685
1 659
2 3007
1 2075
2 808
1 3275
2 3918
2 73
2 478
2 2002
2 2930
2 2393
2 1400
1 1165
2 496
1 2523
1 1174
1 2964
1 3362
1 1009
1 2700
1 2355
1 3571
1 47
1 2655
2 107
1 1829
2 1314
2 3564
1 2798
2 3790
2 1671
2 161
2 2374
1 55
2 1647
1 1026
2 3567
1 1276
1 257
2 2694
2 1336
2 2351
2 2456
1 2392
1 485
2 3253
2 1217
2 2038
2 3600
2 647
1 1023
1 2101
2 2852
1 915
2 2759
2 2395
1 1057
1 2424
1 164
1 291
1 443
2 749
1 3987
2 1245
1 667
2 2202
2 2024
2 3660
1 1468
2 1406
2 2535
2 3142
2 1487
1 1480
1 1708
1 791
2 3735
1 2717
2 3428
2 2110
2 3373
2 3288
2 3538
2 3022
1 1214
1 1637
1 1803
1 3438
1 2312
2 1222
1 2522
2 3002
1 2433
2 1263
2 2685
1 1312
1 1137
1 1673
1 3846
2 1860
1 1970
2 1234
2 2171
2 2909
1 2071
1 1787
2 502
1 693
2 1154
2 3529
1 2597
1 2957
1 2380
2 2165
1 1387
2 502
1 2625
2 2092
1 637
2 3833
2 609
2 2351
2 166
1 3984
2 129
2 2164
2 164
1 427
1 840
2 771
2 1833
2 3628
2 914
1 2842
1 2971
1 1771
1 2320
2 2058
1 2036
1 3347
1 1830
1 247
1 1315
2 3299
1 2796
1 1308
2 1481
1 1038
1 3885
2 2085
2 1564
2 1243
2 139
2 787
2 1256
2 3909
1 3577
2 668
2 1673
1 732
1 1376
1 488
2 626
2 2115
2 827
1 3925
1 969
2 1584
2 1083
1 692
2 3432
2 1616
2 2467
2 2281
1 1790
1 2240
1 3949
1 367
1 1420
2 3668
1 1411
1 1202
2 1737
2 20
2 3943
2 659
1 1566
2 3066
2 1675
2 3912
2 1610
2 3989
1 2266
1 3897
1 479
2 2089
1 1549
1 1027
1 1508
1 1357
2 823
2 3545
2 3889
1 2444
1 154
2 2654
1 1078
1 1732
1 1551
2 2605
1 3348
2 2122
1 770
2 1714
1 2690
2 1060
1 2675
2 1710
1 2026
2 1357
2 3703
1 342
2 2761
1 1877
1 2644
1 2452
1 1267
2 2399
1 841
1 613
2 3084
2 2945
1 1924
2 249
2 528
2 231
1 362
2 2775
1 2924
1 880
2 1394
1 3670
1 866
1 207
2 3146
2 1509
1 649
2 3948
1 3377
1 2532
1 1643
2 608
1 1787
2 2792
2 2757
2 157
2 1265
1 3227
1 3243
1 2115
2 78
2 3994
2 3041
1 1356
1 2850
2 3125
2 3779
1 2690
1 3411
2 1203
2 382
1 2403
1 3959
1 3595
1 1653
1 2116
1 2107
1 2091
2 3613
1 3114
2 1472
2 3637
1 577
1 1491
1 1977
1 2782
1 2847
1 971
1 1262
2 3213
1 2280
2 3319
1 3484
2 866
1 3108
1 3214
1 2450
2 108
1 3532
1 1915
1 2773
2 2577
1 2894
1 3869
2 3037
2 1259
2 1005
1 1191
2 1302
1 581
1 2270
2 608
1 4000
1 3618
2 3373
1 3524
1 1168
1 374
2 2197
2 385
2 2157
2 3947
2 2635
1 315
2 435
1 541
2 2932
1 3528
1 3955
2 1982
1 2986
1 3924
1 3537
1 692
2 1820
2 3999
1 2340
2 694
2 139
2 2394
1 3066
1 3250
2 2925
1 2862
1 2386
2 2986
1 2189
2 3381
2 3872
2 1554
2 2057
2 3774
1 3084
1 3187
1 179
1 1485
2 3923
1 716
2 3473
1 3385
2 2213
2 684
2 1726
1 45
2 3173
1 953
1 2598
1 2663
1 429
2 1548
1 2349
2 764
1 3815
2 2450
2 3497
2 1458
2 2901
2 1101
2 35
1 2117
2 3753
2 3921
1 826
2 2434
1 2029
1 2471
2 3169
1 2063
1 3325
2 2702
1 2844
2 3329
2 456
1 3765
1 486
1 2756
2 2004
2 1154
1 3822
2 1047
1 1782
1 3086
1 3317
1 2798
1 1117
2 454
1 1522
2 2830
2 201
2 939
1 2606
1 404
1 1324
2 691
1 1289
2 2510
1 2896
2 2791
1 2707
1 736
1 3632
2 195
1 2771
1 3681
1 1533
2 2393
1 2852
1 923
1 731
2 3469
1 2163
1 2255
1 3425
1 954
2 642
2 3534
