5000
1 3389
1 3148
1 456
2 1257
2 862
2 2629
2 3911
1 3530
1 1016
1 233
1 4308
1 4529
1 4203
2 3217
1 2587
1 968
1 220
2 3275
1 4136
2 3983
1 675
2 888
2 559
2 4793
1 3979
1 157
1 2981
1 4237
1 4838
2 2418
2 4237
2 4934
1 198
2 2038
1 2068
2 707
1 772
1 4914
2 1109
2 4168
2 805
2 2993
1 2669
1 403
2 552
2 3207
1 4912
1 1680
2 2546
2 4639
2 4667
1 2093
2 4498
1 1186
2 4192
1 2694
2 2685
1 4159
2 1717
1 4867
2 3579
1 894
2 4164
1 2573
2 3728
2 2244
2 2045
1 4461
1 740
1 2154
2 1976
1 2605
2 4124
2 3341
2 2004
2 2892
2 2230
2 600
1 170
2 1870
1 3521
1 3061
2 3474
1 4250
2 4467
1 2304
2 2485
1 4643
2 2936
1 1733
2 2962
1 2096
2 362
1 2876
2 4105
1 3412
1 2780
1 1268
1 2923
1 2486
2 3421
2 4325
2 3440
1 745
1 2483
2 4261
1 327
2 4677
1 2374
1 3084
1 770
1 3924
2 137
1 2544
1 1287
2 3079
2 1428
1 177
1 2256
2 2967
2 2205
2 1822
1 2924
1 3492
1 978
2 4782
2 4660
1 257
2 2536
1 768
2 1390
2 2830
1 2856
1 556
1 509
2 180
2 1548
1 4583
2 2040
1 1517
1 4966
1 267
2 2199
2 4378
1 234
2 1861
2 2985
2 2586
2 383
1 4893
1 2240
2 1914
2 1578
2 3682
2 3659
2 1311
1 907
2 3875
1 1739
2 2838
1 4030
1 2711
1 4983
1 2157
1 4467
1 3590
2 112
1 47
2 2830
1 4525
1 157
1 556
2 912
2 2606
2 3561
2 2846
2 804
2 1709
2 1528
1 397
1 4411
2 4085
2 4790
2 1580
1 2993
1 3489
2 4143
2 354
2 942
2 1035
2 408
2 1194
1 2981
2 3753
2 389
1 4051
2 4528
2 4787
1 2792
2 3633
1 1994
1 3454
1 4081
1 858
2 4731
2 1940
2 3648
2 3098
2 760
1 1937
1 1796
1 2751
2 745
1 72
1 3104
2 3446
2 3073
2 1036
1 1433
1 2876
2 3793
2 4063
1 2114
1 54
1 422
2 3630
2 144
2 2945
2 1230
2 4123
2 2173
1 3378
2 551
1 1586
2 4057
1 1800
2 4024
1 3189
1 3797
2 2517
2 1557
1 2704
1 4518
2 4505
1 231
2 3790
1 2304
1 375
1 1522
1 1962
1 4504
1 1445
2 790
1 3838
1 4153
2 4992
1 1535
1 3999
2 3168
2 1886
2 3077
2 727
2 3800
1 2571
1 1397
1 522
2 2255
1 4677
2 1077
1 3729
2 30
2 4871
2 1571
1 1091
1 1805
1 2434
2 2871
1 4791
2 589
2 1615
2 1661
1 3827
2 948
2 2782
2 1877
2 2624
2 741
2 2434
1 2890
2 4595
2 4766
2 3075
1 1030
1 2342
1 1832
1 3114
2 3812
2 477
1 1154
2 1633
2 1260
1 1249
2 1989
2 313
1 2795
1 560
2 4385
2 1393
1 4512
2 1243
2 3080
1 4494
2 961
1 39
2 1438
2 2222
1 612
1 1837
2 4175
1 3491
2 1902
2 4306
1 1624
1 2326
1 3592
2 328
1 1813
1 1065
2 3460
1 819
1 690
1 3428
1 4092
1 2588
2 2394
1 4841
1 1372
2 4889
2 2139
2 393
1 4619
2 2699
2 2975
2 3261
1 510
1 2623
1 3565
2 1484
2 1941
2 974
1 902
1 4588
2 140
1 637
2 3513
1 3537
2 3955
2 2429
2 135
2 3864
2 4086
2 3996
2 3343
2 511
2 4942
1 3202
1 883
2 841
2 3758
1 309
1 3026
2 2055
1 4039
2 2326
1 4860
2 778
1 12
1 4986
2 3537
1 3675
1 4959
2 4217
1 3218
1 1299
2 2786
1 4706
1 4886
2 3059
1 623
2 2238
2 2342
2 2029
2 4121
2 4376
1 1282
2 873
1 1096
2 4932
1 714
1 2081
2 1097
2 3364
2 4693
2 4853
1 2771
1 212
1 238
1 759
2 3324
2 4688
1 1178
1 512
2 1842
2 3297
2 339
2 3354
1 874
1 1787
2 512
2 2556
1 4556
1 3034
1 2595
1 234
2 77
1 4944
2 4754
1 4426
1 2924
1 464
2 3758
1 943
1 2614
1 4751
2 2335
2 1946
2 1666
1 3990
2 925
2 1068
2 149
1 137
2 2697
2 1797
2 1150
2 4627
1 4562
2 792
2 2355
2 3000
1 2080
1 613
2 2027
1 641
2 901
2 1766
1 4850
1 4531
2 3159
1 4698
2 2177
2 4408
1 3271
1 1197
1 4451
2 3781
1 3597
2 1806
1 185
2 3746
2 658
2 3183
1 3807
2 3358
2 684
1 4785
2 1132
2 472
2 2334
1 574
2 1030
2 847
1 4893
1 1124
1 691
1 571
1 1956
2 4065
2 2721
2 3353
2 4513
2 1602
2 1991
2 2219
1 1126
1 226
1 834
2 3918
1 1441
1 2057
2 4178
1 4882
1 4020
2 2738
2 4538
1 2758
2 813
1 4812
2 2043
1 2249
1 951
2 1042
2 2081
1 1986
1 2872
2 2676
2 4589
1 4185
1 3001
2 2651
1 1585
2 779
2 3217
2 1432
2 1887
2 202
2 578
1 4566
1 139
2 4474
1 746
2 1708
1 1412
2 2486
1 4747
1 676
1 3431
1 3129
2 1212
2 831
2 2131
2 4453
1 4630
2 1390
1 2078
2 3384
1 3551
1 4698
1 1911
1 4225
2 3731
1 4965
2 722
1 2024
2 4518
1 799
1 5000
2 4347
2 731
1 1066
2 1588
2 3378
2 4472
2 614
2 2199
2 4188
2 4655
2 2629
1 2420
2 647
2 4783
2 944
1 4957
1 3500
1 665
1 2193
1 668
2 3929
2 3620
1 3007
1 1163
2 2054
2 4154
2 4294
2 3029
2 3688
1 584
2 3764
1 314
2 3728
2 377
2 1260
2 4095
1 2709
2 268
1 551
2 1539
2 78
1 249
2 2310
1 2595
2 4569
1 1888
2 4105
1 2696
2 1655
1 506
1 2644
2 2188
1 3893
1 614
2 4268
1 536
1 413
1 1198
2 310
2 16
1 987
2 1663
1 2472
2 1501
2 1569
2 853
1 302
1 4115
2 3163
1 1092
1 3607
2 2513
2 555
1 1112
1 350
1 4196
1 3838
2 3734
2 1185
2 4444
2 4797
2 1448
1 3317
1 1820
1 2165
2 1222
1 2064
1 4070
2 664
1 4871
1 1301
2 117
2 3289
1 2156
2 452
2 2546
1 1404
1 950
2 1424
2 24
1 4052
2 4058
1 1559
2 120
2 2939
2 3212
1 461
1 541
1 478
1 2377
1 601
2 2377
2 2958
2 2708
2 1174
1 2830
2 712
1 746
2 827
1 4422
1 549
2 2102
2 1940
1 2076
2 811
2 2310
2 4847
1 1584
2 1995
2 2004
2 4776
2 1583
2 3305
1 2661
1 4262
1 208
2 3167
1 1133
1 507
1 4104
2 2897
1 1794
2 992
1 2823
2 2554
1 1581
2 1790
2 3705
2 1190
2 2572
1 3606
2 2863
1 1431
1 2898
1 514
1 4323
2 2384
1 2061
2 1954
1 367
1 2413
1 39
2 1896
2 4398
1 769
1 1246
2 724
2 9
1 3021
2 3612
1 1969
2 972
1 888
2 4040
1 3542
1 3495
2 3082
1 1747
1 4358
2 2710
1 3872
2 2539
1 2600
1 353
1 1051
2 1955
2 4463
2 604
2 3761
1 1121
2 1683
1 4799
1 346
2 4695
2 4631
2 463
1 1604
1 3308
2 3569
1 372
2 671
1 3000
2 2710
1 3082
1 90
2 3091
2 4123
1 2952
1 3189
2 3806
2 2220
2 2795
1 4340
2 1799
1 857
2 396
1 770
2 4282
2 4308
1 1582
1 1004
1 4427
1 2028
1 1633
2 2634
2 3693
2 4517
2 386
1 658
1 3727
2 1270
2 3528
2 1205
1 2497
1 4210
1 4288
2 831
2 1539
2 3919
2 1138
2 2907
2 902
2 1802
1 2762
1 636
2 3425
1 2809
1 3416
2 3333
2 1270
2 2487
1 3769
1 2635
2 2226
2 668
1 4004
2 2502
2 1672
2 3939
2 1693
1 860
1 2695
1 1986
1 2557
1 21
1 4455
2 1565
2 2064
2 983
1 2288
2 1035
2 4382
1 884
2 3636
1 3679
1 26
2 1648
1 800
1 4273
1 1222
2 99
2 3999
2 4522
2 2829
2 4717
2 3918
2 1132
2 1432
1 4021
2 1889
1 1663
1 4458
2 4288
2 628
2 4189
1 228
1 1673
1 4843
1 4024
2 2497
2 875
1 3467
2 2190
1 2626
2 1616
2 2919
1 2580
2 3924
2 4342
1 1996
2 4679
1 3701
1 3813
2 3325
1 2853
2 3043
1 234
1 2520
2 562
1 1517
1 2647
2 1214
2 2307
2 1208
1 1104
1 2719
2 3271
1 1851
1 2096
1 1012
1 1681
2 2523
2 610
2 3515
2 488
2 4432
2 4288
2 4351
1 1311
1 1870
1 376
2 3701
1 4845
1 430
2 833
2 328
1 766
1 4538
1 787
2 4662
1 256
2 1548
2 220
1 137
1 175
1 2551
2 3924
2 1079
2 2705
1 196
1 842
2 3930
2 1018
2 999
1 3284
2 2256
1 2114
1 280
2 3395
1 1076
2 1834
2 2666
2 2253
2 684
2 4203
1 3527
2 1673
1 3633
2 2935
1 4362
1 4358
1 3362
1 2357
2 1892
1 2197
1 1065
1 2113
1 480
1 138
1 1972
2 2882
2 574
2 3847
1 3181
2 4899
1 396
2 1769
1 899
2 170
1 960
2 2586
2 3695
2 1956
2 4263
2 1093
1 4632
1 3567
2 2570
1 2156
2 1015
1 2647
2 412
1 4781
1 3019
1 2625
1 2069
2 417
1 1718
2 4659
2 3369
1 2364
1 4743
1 42
1 754
1 128
2 2502
1 4802
2 4034
1 3626
1 2035
1 4146
1 1418
2 4123
1 3119
1 1406
2 2694
1 2168
1 3081
1 2371
1 214
1 2795
2 2170
1 2342
1 1430
1 40
1 4418
1 1509
1 215
2 336
2 4505
2 196
2 444
2 761
1 118
2 1810
2 3814
2 1156
1 4244
1 3593
1 1617
2 4494
1 1336
2 1610
1 749
1 4424
1 2180
2 222
2 3141
2 1599
1 487
1 3662
2 2731
2 2716
1 2107
2 4772
2 3618
1 3965
1 1421
2 4232
1 3083
1 1027
1 2145
1 2492
1 2849
2 2410
1 2979
1 4424
1 1988
1 3715
1 1607
2 4983
2 4770
2 1933
1 4162
2 4280
1 1129
2 2984
2 4559
2 3134
2 4942
1 1889
1 1619
1 4640
1 1082
2 1897
1 4985
2 146
1 719
2 2310
1 2046
2 1242
2 3808
1 2944
1 4278
1 1164
1 2574
1 237
1 4053
2 3278
2 1123
2 974
1 1943
1 4605
1 2659
2 1584
1 3954
1 2494
2 3886
1 3987
2 3086
1 717
1 4976
2 1926
2 396
2 1122
1 1002
1 1697
1 3579
1 1751
1 630
1 3906
2 3460
1 3299
1 1910
2 697
1 4160
2 2746
2 2461
1 4092
2 453
2 1843
2 3452
2 252
1 1221
1 1169
1 1911
2 3237
2 3302
2 739
2 1733
2 4162
1 3675
1 4396
2 348
2 1447
2 2658
2 2003
1 3451
2 4861
1 4820
1 1491
1 398
2 1737
2 912
2 316
1 2757
2 1973
2 3664
1 4624
1 37
2 1902
1 2906
1 512
2 4822
2 4717
1 1792
2 2541
1 2227
2 3070
1 648
2 1583
2 461
2 2692
1 4157
1 281
1 704
2 2106
1 4021
1 1403
1 1933
1 2747
2 3713
2 423
1 151
2 2404
1 3800
2 3052
1 870
1 3613
2 1044
2 566
2 3142
1 2979
2 3524
1 3291
2 232
1 1153
2 4624
2 200
1 1928
1 3106
2 3584
2 4514
1 2782
1 1305
2 3213
2 4798
2 382
2 3641
1 326
2 450
1 2408
2 869
2 2188
1 3217
1 4169
1 3354
1 142
2 4187
2 1615
2 1071
1 3174
2 186
1 1537
2 252
1 803
2 2270
1 2765
1 1032
1 4301
2 4242
2 3487
1 1754
1 548
1 2101
2 25
2 1953
1 905
2 1290
2 1797
2 2707
2 2723
2 496
2 613
2 50
1 3020
2 3163
2 348
1 3955
2 1569
2 4481
2 2283
1 1189
2 542
1 22
1 3596
2 1336
1 4087
2 4224
2 4650
2 603
2 4560
2 1684
1 759
1 1572
1 4134
2 3831
2 2133
2 3597
2 3683
1 1182
2 982
1 1273
2 1518
1 438
1 2507
2 3571
1 369
1 4932
1 737
1 2191
2 3866
2 1079
2 471
2 4422
2 554
1 2457
1 3545
1 3623
1 1873
1 4010
1 1737
1 1337
1 2752
1 4853
2 2913
2 434
1 549
2 2272
2 434
2 419
1 3843
2 584
2 3655
2 994
2 3399
1 1627
2 2130
2 2790
2 4244
1 1813
2 463
2 4662
2 3663
2 3044
2 3469
2 2611
1 932
2 3491
1 4760
1 1961
1 4040
2 635
2 4025
2 18
1 2077
2 2997
1 4339
1 3667
1 1849
1 1913
1 2104
1 2453
1 599
2 922
2 3618
1 4374
2 900
1 728
1 1603
2 4917
2 4339
1 3476
1 3806
1 3817
2 3978
1 2520
2 1643
2 3443
1 1315
2 3277
2 1999
2 4279
1 780
1 1722
1 4594
2 2583
1 4887
1 3444
1 4207
1 1912
2 4779
1 3089
1 3471
2 2811
1 1249
1 2771
1 518
2 2533
1 175
2 787
1 3269
1 1847
2 664
1 979
1 3662
1 4023
1 1442
2 2499
1 4515
2 3758
1 2728
1 2814
1 3104
2 2656
2 4742
1 746
1 3444
2 815
1 2151
2 3211
2 1372
1 2191
2 3626
1 4752
2 2248
2 1523
1 2240
1 860
2 1460
2 2975
1 2063
2 1774
1 2016
2 3557
2 147
1 1226
1 2080
1 496
2 4608
1 3430
2 221
1 1780
1 1505
2 2254
2 2834
1 20
1 1652
1 864
1 3656
2 649
1 1220
2 2392
2 3306
2 3450
1 2366
2 6
1 1994
1 2239
2 868
1 227
1 1090
2 2357
2 2717
1 1200
1 1884
1 1405
1 2794
2 271
1 1419
2 2605
1 2339
1 1072
1 2743
2 1581
2 904
1 2597
1 4565
2 1219
2 3624
1 550
1 2461
2 1640
2 294
1 2469
1 3330
2 2712
2 823
2 571
2 2653
1 4990
2 1349
2 2834
2 3210
2 2646
2 4671
2 1801
1 530
2 905
2 535
1 20
2 1495
2 2797
2 2650
2 337
1 755
1 3618
1 3332
1 1763
2 2522
1 1414
1 3617
1 195
2 1243
1 4721
1 2261
1 1306
1 3915
1 618
2 2973
1 1784
2 3322
1 656
1 3212
2 2024
2 3540
2 498
1 2383
2 3858
2 2528
2 648
1 1145
2 4296
2 4669
2 2672
2 4944
2 1985
2 472
2 2498
2 4277
2 217
2 80
1 4915
1 4280
1 1039
1 3930
1 4446
2 2554
2 2613
2 3381
2 4726
2 3105
2 2596
2 3407
2 4270
1 3440
1 1990
1 342
1 3418
1 2852
1 4570
1 2769
2 3379
2 1016
2 2235
1 2987
2 2982
1 2234
1 929
2 567
1 3141
1 2844
2 878
2 1999
1 2957
1 3572
2 2938
2 1907
2 1214
2 3524
2 4256
1 1968
1 3446
1 2962
1 3879
2 2006
2 1711
2 1561
2 538
2 1570
2 2524
1 3302
1 1985
2 290
2 3224
1 3461
1 4893
2 2115
2 2559
2 1154
1 3463
2 2790
1 2387
1 56
1 2514
2 3887
1 2081
1 1373
1 4901
1 2405
2 113
1 3907
1 482
2 2997
1 3801
2 4600
1 4586
2 4063
1 779
2 4023
2 2398
2 3790
1 322
1 3502
2 535
1 3284
1 161
1 2102
1 4711
2 797
1 1620
2 255
2 1734
1 2511
1 1229
1 553
1 4742
1 4968
1 216
1 643
2 2319
2 3504
1 4312
1 519
2 1388
2 3939
1 1968
2 1996
1 2283
1 3136
2 2354
2 891
1 377
2 1653
2 699
1 139
2 3804
1 256
1 549
1 253
2 4440
1 4695
2 4532
2 633
1 1499
2 4249
1 970
1 2055
2 1329
1 1387
1 2211
2 1262
2 3664
2 205
1 593
1 4865
1 3452
2 882
1 2737
1 4437
1 4228
2 4707
2 933
2 1380
1 1436
1 4492
2 3928
2 749
1 689
1 4397
2 4900
1 2074
2 4288
1 3091
1 1511
1 840
2 439
1 1141
2 4834
1 1435
1 2427
2 135
2 993
1 1727
2 1560
2 3354
1 2662
2 1528
1 1772
2 762
1 1750
2 1435
1 2989
1 1799
1 698
2 2250
1 1149
2 4725
2 3360
1 2020
2 2541
1 1979
1 1807
2 2571
1 2544
1 3880
1 1390
2 4741
1 4315
2 4937
2 4125
2 2483
2 4036
2 4052
1 3643
2 1381
2 16
2 2417
1 4535
2 3708
1 3363
2 204
2 1566
1 4510
2 284
2 4892
1 3915
1 486
2 942
2 3918
2 1499
2 1489
1 1024
1 3427
1 1781
1 906
2 1110
2 3574
2 4920
2 887
1 806
1 1543
1 2604
2 4305
2 1308
1 667
2 319
1 952
2 1655
1 3777
2 2682
1 1525
1 553
1 1142
1 2826
2 3175
1 1451
2 2546
1 1464
2 3382
2 1926
1 4490
2 1
2 3075
2 4187
2 2780
2 3414
2 390
1 1044
2 605
2 933
1 374
1 2905
1 4942
1 3806
2 2389
1 244
1 587
2 3639
1 321
1 2717
2 1363
1 1121
2 948
1 4823
1 2434
2 3089
2 1716
2 3209
1 2474
2 3375
1 2388
1 3294
1 3006
1 3602
2 2082
2 1997
1 462
2 4450
1 4647
2 4249
1 3718
1 2413
1 4522
1 3290
1 3271
2 955
1 1373
1 995
1 804
2 994
1 214
1 3594
1 4325
2 787
2 1560
2 1804
2 3784
1 2994
2 1343
1 3662
1 467
2 3298
1 4799
2 2852
1 4652
2 1191
2 198
2 4734
2 513
1 4018
1 4222
2 4550
1 808
1 3193
1 4428
2 491
1 1048
2 892
2 2283
2 1793
1 4694
2 5000
1 2745
2 4991
2 2129
1 4000
1 2097
1 208
2 1278
1 2336
2 2416
1 1762
2 2005
1 728
2 4832
2 330
2 458
1 271
2 2192
2 4598
1 590
1 2093
2 1041
2 1081
2 1691
2 1255
1 875
2 1651
1 1411
2 4071
2 1454
2 3327
1 1481
2 818
1 3642
2 67
2 2854
1 3929
1 4375
2 131
1 4622
2 2288
2 605
1 614
2 649
2 4849
2 4782
1 767
2 3379
2 1962
2 2519
2 4638
1 1963
2 2803
2 2346
2 2668
2 960
1 969
2 1031
1 299
2 1111
2 4566
2 2142
1 1060
2 2310
2 527
2 15
1 62
1 1501
2 2356
1 2131
1 3590
1 2671
1 2108
1 3504
1 4169
1 3574
2 2926
2 3329
1 1660
1 4980
2 1537
1 3715
1 2052
1 595
1 3892
1 2833
2 1215
2 1197
2 4783
1 4608
1 3577
1 1052
1 600
1 1756
2 2912
1 1404
1 2055
1 362
1 2601
1 1684
2 2987
2 484
1 679
1 2362
1 738
2 2320
1 2763
2 4876
1 3070
1 3305
1 279
2 4911
2 114
2 1932
2 4890
1 4987
2 3953
1 276
1 8
2 4764
1 4295
2 1543
2 551
2 2451
1 4014
1 3015
1 4883
2 2139
2 250
2 1794
1 3922
2 101
1 2605
2 4866
2 112
1 2549
1 205
1 1877
2 885
1 4499
1 849
2 3390
2 4122
2 2507
2 2967
1 243
1 352
1 3332
1 729
2 1069
2 3721
2 940
1 2491
1 4851
2 596
2 3979
2 2495
2 3327
1 4357
2 3740
1 273
1 39
1 1651
2 368
1 2147
1 397
2 4753
2 706
2 3914
1 1152
2 3869
1 1003
1 1607
1 3649
2 996
1 2416
2 3447
1 2566
2 1484
2 1903
1 3348
1 755
1 1177
1 390
1 970
2 3396
2 2241
1 2388
1 2882
1 412
2 103
2 118
1 1971
1 2209
2 4795
1 4715
2 3396
1 278
1 3848
1 152
1 1659
2 4432
2 669
1 4333
1 913
2 529
1 2862
1 1742
1 1827
1 4208
2 2720
1 1123
1 4554
2 3494
1 3744
2 2393
1 2716
2 730
2 3164
1 814
1 634
1 3911
2 2272
2 2729
1 3272
1 4033
1 3211
2 3992
1 56
2 1860
1 4727
2 591
1 1847
2 693
1 4389
1 3584
2 4645
1 4094
2 2526
1 2366
2 1994
1 1318
2 4875
2 2264
1 2940
2 2063
2 3014
1 2077
2 3794
2 2950
2 1359
2 1010
1 2588
2 2078
1 1864
2 2717
1 3488
1 390
2 905
1 430
2 1679
2 3879
2 4405
1 3648
2 4270
2 2527
1 3979
1 932
1 69
1 3024
2 1950
1 3623
1 3683
1 1969
2 2381
1 3519
1 4017
1 620
2 3124
2 3722
2 4954
1 1375
1 4505
2 3343
1 4202
2 4020
1 1264
2 4306
1 3316
1 2008
1 503
1 4877
2 3665
1 919
1 2979
1 3490
2 2336
1 3374
2 313
2 474
2 833
1 2384
1 1709
2 697
2 3553
1 82
2 1055
1 1159
2 1377
1 1943
2 129
2 224
1 2798
1 2101
2 1130
1 101
1 2315
2 3526
2 2007
1 873
2 2067
2 3232
2 476
2 2333
2 1103
2 3949
2 4159
2 1741
2 3070
2 827
2 4574
1 1616
1 1967
1 853
1 996
1 2388
2 3569
2 424
1 328
1 3376
1 532
2 192
1 1469
2 3632
2 2542
2 3680
1 611
2 4420
1 4615
2 1933
1 941
2 4409
2 3205
2 324
2 1753
2 3111
2 1624
2 320
2 3579
2 337
2 2647
2 557
1 4866
2 3456
1 4353
2 1263
1 3153
2 1113
2 3157
1 220
2 1016
1 3674
2 75
2 909
2 2665
2 4073
2 784
1 2745
1 2011
1 285
2 710
1 266
2 2370
1 522
1 1042
2 2630
2 2268
1 4978
2 316
1 1000
2 2718
1 3135
1 859
2 692
1 141
1 3706
1 3022
2 2295
2 2374
1 1207
2 4284
2 1468
1 4783
1 246
2 3285
1 3256
1 619
2 827
2 510
2 4543
1 2474
2 3599
1 1057
2 396
2 3142
1 1741
1 3506
1 878
1 183
1 1014
1 3116
2 573
2 3904
1 2070
2 1114
1 1905
2 1272
1 388
1 3854
1 1779
2 4234
1 2318
1 3606
2 3626
1 214
2 4362
1 986
2 8
2 1925
1 4558
2 551
2 1242
2 2760
2 3346
2 4727
1 580
1 2562
2 905
2 2678
1 4946
1 1738
2 3451
1 4039
1 2776
2 4154
2 3766
1 437
1 4019
1 2210
2 1752
1 4650
2 629
1 2926
1 1014
1 859
1 4229
2 1739
1 4216
1 922
1 2557
1 2950
2 1779
2 3891
2 3091
1 2782
2 3198
2 2176
2 2688
1 245
2 6
2 1485
2 564
2 4555
1 3138
2 4021
2 2192
1 3563
1 159
2 3
1 1010
1 3291
2 3589
2 1289
2 1676
2 1792
1 248
2 4932
1 2198
2 2408
2 3312
1 2222
1 1447
1 287
1 2617
2 2131
2 2256
1 3835
2 2140
2 244
2 2210
2 4959
1 2420
2 4776
1 2075
1 4876
2 74
2 382
2 4789
2 843
2 106
2 1836
1 2702
2 3468
1 3611
1 1035
2 833
2 2258
1 1051
1 1096
2 2835
2 1653
1 4840
2 2629
1 839
1 3070
1 1888
1 486
2 1219
2 3063
1 3307
2 4388
2 3785
2 4089
1 2908
2 2709
1 743
2 323
2 2339
1 4058
2 687
1 4394
2 3309
2 2112
1 304
2 3612
1 379
2 2536
2 3698
1 2667
2 3607
1 2703
2 62
1 3056
1 2842
2 3503
1 1276
1 2357
2 4721
2 556
1 2147
1 3994
1 1219
2 1447
2 669
1 1402
2 4308
1 2366
2 3680
2 4907
1 2165
1 4066
2 319
2 161
2 3090
2 2856
2 870
2 2675
2 3835
1 825
2 3953
1 4980
1 4484
2 26
1 4182
1 3283
1 4973
1 4820
1 4150
1 2820
2 394
1 325
1 289
2 3773
2 4012
2 1877
2 4735
2 4282
1 1382
1 2210
2 3847
1 3481
1 3169
1 1341
2 3804
1 1006
2 4689
2 243
1 1146
1 3761
1 3077
1 1781
2 3894
1 2003
2 1099
2 1951
2 4115
2 3149
1 273
2 709
1 6
2 2745
2 1805
1 1393
2 2811
2 3695
1 671
1 4751
1 1470
1 1497
2 2506
2 1018
2 3355
1 55
2 4814
1 971
1 2110
1 1179
2 1424
1 1297
2 420
1 3054
1 2512
1 3204
1 4967
2 698
1 19
2 448
1 2398
1 2086
1 4167
2 3913
2 235
1 1806
1 3234
2 1209
2 2731
1 904
1 2099
2 3291
1 3282
1 431
1 1902
2 20
1 3468
2 2252
2 716
2 589
2 2589
1 3008
2 769
1 4426
2 434
2 1427
2 4005
1 3206
2 6
2 3872
1 1428
1 2709
1 718
1 911
2 694
2 792
1 2613
2 3290
1 2575
2 1908
1 3912
1 3928
1 2816
1 1571
1 2891
2 4853
1 2948
1 762
2 3531
2 1312
1 340
1 2513
1 3442
2 3507
1 3811
1 4423
1 478
1 2831
2 1963
1 1819
1 4922
1 1254
1 1358
1 2932
2 4379
2 4055
1 2510
1 1322
2 1836
2 4637
2 4110
2 938
1 2139
1 2680
2 3190
1 2814
2 4938
2 2146
1 2635
1 3939
2 4270
1 2627
2 2300
2 2681
2 2020
2 2774
2 2487
2 2463
1 2295
2 370
2 482
2 460
1 4779
2 650
1 530
2 7
2 2301
2 2334
2 3655
2 4632
2 2912
1 1367
1 734
1 2668
1 4042
2 2918
1 4974
2 1093
1 2677
1 3310
1 4339
1 1631
2 2799
2 1902
1 1062
1 645
2 2059
1 4520
2 3419
1 2802
1 2941
2 2997
2 2274
1 856
2 3793
2 4022
1 2207
1 1973
1 2021
2 180
1 4554
2 3465
2 2234
1 921
1 1727
2 2313
1 407
1 2325
1 4070
2 1863
1 2982
1 1266
2 53
1 1767
1 382
1 64
1 2473
1 4571
2 3143
2 4378
1 1313
1 4384
2 3625
2 1046
1 363
2 4960
2 4261
1 4177
2 2109
1 2182
1 226
1 641
1 4245
1 4181
2 3113
1 3818
2 2217
2 1473
2 633
2 1658
2 4465
1 1963
1 1341
2 2013
1 3151
2 1426
1 3593
1 2817
2 4302
2 4013
2 3473
1 1058
1 4488
1 4234
2 1938
2 4007
2 230
1 4498
2 4862
1 844
1 1268
2 906
2 1684
2 918
1 386
2 1756
2 1941
2 266
2 4253
2 2596
1 2201
1 831
1 4828
1 1852
2 2392
1 167
2 2859
2 3536
2 930
1 553
2 1859
2 2138
2 935
1 194
1 416
2 759
1 3552
2 2216
1 3202
1 3120
1 3428
1 1829
2 4869
2 1498
1 3619
2 4058
1 4785
1 3087
1 4263
1 3018
1 730
1 587
2 2278
2 3370
2 1377
2 3367
2 4393
2 2264
1 2553
1 177
1 4504
1 2281
1 2378
1 1266
1 964
1 497
1 2954
2 983
2 1595
1 4623
2 1455
1 3625
2 3639
2 1326
1 1711
2 1997
2 3032
2 2262
1 96
2 380
1 1470
1 4512
1 928
1 2356
1 3879
2 1421
1 2782
1 4198
1 4215
2 688
2 4223
1 2046
1 2811
1 2856
1 4475
1 2334
2 3677
1 2063
2 4037
1 3850
2 1739
2 4334
2 1318
1 1893
1 3328
2 2678
1 4746
1 755
2 4378
1 808
2 361
2 2766
2 1874
1 3038
2 4976
1 2809
1 1407
2 1280
1 3029
2 3952
2 114
1 4208
2 4015
2 3454
2 195
2 3518
2 380
2 4356
1 2276
1 1909
1 4753
2 3617
2 3809
1 300
1 2733
1 189
2 638
1 78
2 2774
1 3045
1 193
1 2434
1 3235
2 2986
2 1331
2 1035
1 4920
1 4394
1 2339
2 2321
1 254
2 3085
2 1195
1 207
2 3384
2 97
2 2921
2 4659
1 943
1 1038
2 1879
2 2362
2 2574
1 1459
2 1780
2 625
2 2030
2 2160
1 3937
2 1868
2 3212
2 4985
1 4397
1 4651
2 526
2 2402
1 921
2 4024
2 890
1 941
1 1613
1 3610
1 1743
1 2901
1 3481
2 2453
2 706
2 1287
2 2564
1 2520
2 627
2 1932
2 689
2 2670
1 3589
1 2168
2 476
2 2029
2 4153
2 70
1 1370
2 4474
1 2627
1 1849
2 2295
1 2427
1 4891
2 3756
1 2037
2 1675
1 4933
2 972
1 4476
1 2290
2 98
1 4393
1 3844
2 563
1 3510
2 2721
1 2620
1 1956
2 3048
2 2972
2 1055
2 697
2 268
1 4152
2 1106
2 4849
2 428
2 335
1 3535
1 3471
1 1203
1 1989
2 2805
1 1043
1 369
1 3411
1 2454
2 46
1 4946
1 2782
1 2560
2 4122
2 4838
1 1632
1 540
1 1072
1 1866
1 3709
1 2970
2 4743
1 438
2 3176
2 1179
1 2388
2 934
1 4436
1 725
2 804
1 801
1 219
1 1346
1 3588
2 2740
2 3443
1 1233
2 465
1 2384
2 4108
1 1332
2 1041
1 2440
2 4891
2 1649
2 4016
1 4100
2 74
1 2674
2 1364
2 3304
2 2717
2 1572
2 738
1 3646
2 1247
2 3947
2 1141
2 288
1 4195
2 3309
2 230
2 3831
1 3371
2 2634
1 4863
1 4655
2 4565
2 3731
1 975
1 4976
1 4440
2 4216
1 714
1 3079
2 3364
1 3376
1 3270
2 2402
1 1559
2 1269
1 2439
2 3432
1 1289
1 3308
2 3947
2 4903
2 1737
1 2562
2 670
1 4955
2 453
1 1450
1 2080
2 2230
2 2054
2 1080
2 2026
1 1283
2 626
1 1137
2 4773
1 3034
1 2688
1 265
2 1507
1 3375
1 3951
1 3524
1 1259
2 114
2 1544
1 965
1 2217
1 1472
2 119
1 3906
2 4228
2 2289
1 583
2 3837
2 3839
1 4104
1 4387
2 821
1 2224
1 2327
2 4917
1 1747
2 652
2 40
1 2746
2 1837
1 2673
2 1132
2 2443
2 4487
1 1171
2 1224
1 486
2 957
1 4280
2 3987
1 4100
2 1714
2 1163
1 1338
1 1289
2 476
1 588
1 3572
1 1799
1 2046
1 4358
2 4358
2 3019
2 4012
2 4616
1 1296
1 4222
2 1083
1 4934
2 2494
1 1197
2 1134
1 4109
1 1928
2 3682
1 3810
1 2146
1 3675
2 953
2 4227
1 2243
2 2694
2 2451
1 3692
2 4964
1 4485
1 2726
2 1516
2 3420
2 1833
2 1859
1 1235
1 2861
1 422
1 2527
2 1
2 1824
1 467
1 1387
2 1384
2 2678
2 1062
2 4332
2 3485
1 2128
2 1694
2 3299
2 1010
2 2720
2 855
2 1950
2 4431
1 910
2 2449
2 670
1 4620
1 1852
1 4289
1 1511
2 3601
1 3426
1 1535
2 4778
2 2911
2 3059
2 614
1 4934
2 3076
1 1102
1 4784
2 907
2 4098
2 3614
1 4543
1 190
2 888
1 1162
1 3620
1 1272
2 248
2 334
1 4812
1 927
2 2888
2 192
2 4158
2 1979
1 4137
1 1980
1 2743
1 570
1 763
2 3768
1 4062
1 1493
2 1655
1 585
2 2408
2 3649
1 4979
1 20
2 573
1 4198
2 4290
1 549
1 889
1 2123
1 569
1 4796
1 3980
1 1192
2 4299
2 507
1 674
2 19
1 694
1 3617
1 2340
2 2684
1 500
2 1347
2 989
2 4753
1 4578
1 2917
2 1110
1 4323
2 3437
2 4149
1 1891
1 1230
1 2768
1 3065
1 548
1 3525
2 3407
1 3212
2 1132
1 404
2 4527
2 4693
1 3197
2 1340
2 2323
1 679
1 2722
1 1674
2 1401
2 1098
2 2364
1 3776
1 579
1 105
1 486
1 4219
2 3543
1 1266
2 4064
1 1436
1 607
2 1617
2 1535
1 551
2 418
2 37
2 500
2 2535
2 1513
1 1641
1 993
2 1151
1 2219
1 1669
1 311
2 306
1 4865
2 1371
1 3851
2 261
1 3874
2 3394
1 980
2 4328
2 4864
2 2022
2 2375
2 3816
1 2537
1 53
1 2387
1 2384
1 1368
2 1700
2 2429
1 1939
1 4985
2 3193
1 3141
2 3492
1 4520
2 566
1 3735
1 1870
2 1179
2 2924
1 747
1 836
2 3316
2 21
2 3341
2 995
2 3896
1 417
2 4094
1 4794
2 2994
2 1714
2 3649
1 3705
1 4520
1 1904
1 1927
2 335
2 837
2 2798
2 1508
2 1035
1 2678
1 2867
1 4799
2 44
2 3029
2 26
2 2310
1 1449
1 329
1 3739
2 3008
1 4289
1 988
2 4919
2 1857
2 2708
2 3099
1 3463
2 3457
2 2016
2 3225
1 2950
2 4917
2 3733
2 1605
2 3059
2 4917
1 4842
1 4983
2 856
1 2628
1 2629
2 1088
2 245
1 2651
1 2224
1 2951
1 2518
2 518
2 2390
1 2740
1 4080
1 3054
1 3410
2 3737
1 2968
1 3141
2 1152
1 2267
2 1909
2 2205
1 3682
1 2430
1 3649
1 938
2 4060
2 2287
1 1140
1 2203
2 4608
1 623
1 3737
2 3261
1 131
2 1423
2 3966
1 792
1 910
1 2118
2 848
2 3544
2 3583
1 1796
1 4229
2 2157
1 4557
2 2643
1 2993
2 627
1 159
1 265
2 2050
2 2091
1 1630
2 1096
2 4275
2 4552
2 4534
2 1445
2 157
2 3787
1 3649
2 4260
1 689
1 1728
2 3332
1 739
1 2447
1 1398
2 3368
2 1443
1 4210
2 2955
2 4763
1 570
1 1386
1 742
1 476
1 4099
1 1897
2 827
1 2714
2 644
1 3798
1 4018
1 1854
2 1631
2 2749
2 3288
2 3084
1 4274
1 2733
2 2748
1 670
2 479
1 1808
1 500
2 641
1 3012
1 4327
2 798
1 3782
2 1524
1 3179
1 1167
1 2586
2 749
2 1365
1 79
2 294
1 880
1 2967
1 1635
2 416
2 2268
2 2913
1 1970
1 2889
2 3987
1 2838
1 4985
1 1789
1 651
1 2340
1 1319
2 2454
2 246
2 3575
1 2897
2 1848
2 3067
1 790
2 1703
1 1646
2 1043
1 4716
2 1980
1 4020
1 2101
2 3600
1 594
1 1220
2 2146
1 3646
1 4565
1 3481
1 921
1 1540
2 4083
2 727
1 3341
2 4158
2 4403
2 3577
2 1842
2 2138
1 346
2 4937
1 3147
1 1084
1 4159
2 2595
1 4343
1 2172
1 2673
2 2842
1 2295
1 4395
1 579
2 3490
2 1314
1 1138
1 1327
2 148
2 3442
2 4451
1 3048
1 742
2 3236
2 3742
2 4878
2 4440
1 2411
1 477
1 2150
1 528
1 1654
2 600
2 4831
1 2671
1 685
1 1354
1 375
1 441
2 2200
2 2961
1 3652
2 169
2 1729
1 1410
2 1299
1 2963
1 3693
2 3411
1 2700
1 2056
1 1158
1 56
2 828
1 718
1 4996
2 1663
1 2490
1 1717
2 3607
1 1947
1 2986
2 571
1 4119
1 349
2 2853
1 1592
2 1909
1 1710
2 711
2 1563
1 2311
1 3494
2 968
2 4507
1 4407
2 1336
2 3788
1 4095
2 389
2 4004
2 3755
1 1071
2 840
2 4284
2 1337
1 4473
1 65
2 3295
1 1439
1 4933
1 1881
2 2337
2 2520
2 784
2 3582
1 393
1 1645
2 3485
1 1089
2 1401
2 4561
1 2447
1 35
2 490
2 4566
1 889
2 4011
1 1134
2 4614
2 4391
2 4474
1 2348
1 2147
1 4402
1 1648
2 1271
1 3320
1 4991
1 4228
2 4087
1 4325
2 1776
1 2407
2 3494
2 2743
1 1866
2 769
2 588
2 2590
1 2053
1 2275
2 2756
1 3861
2 2039
1 3812
1 1517
2 3005
1 194
1 3373
2 3610
2 1194
1 4969
2 2100
1 3723
2 1916
1 3943
1 1356
1 2073
1 2440
1 1105
1 4115
1 2566
1 3437
2 1318
2 2907
1 4722
1 2031
1 3126
2 2794
1 2711
1 4615
2 1312
1 1970
1 2790
1 4697
2 130
1 698
1 3832
2 3997
2 222
1 3939
1 3494
2 2863
2 567
2 1340
1 3097
1 3487
1 1904
2 1358
1 1363
2 2977
2 3565
1 512
2 340
1 4142
2 4016
2 788
1 3406
1 4609
2 261
2 920
2 3849
1 4107
2 4967
2 1991
2 1600
2 1775
2 129
1 2438
1 2233
1 3871
1 4085
1 239
1 3593
1 4269
1 608
1 1112
2 3518
1 3131
2 2948
2 4965
1 2428
2 2828
1 3973
2 50
2 4241
2 960
2 4477
2 1003
2 2777
2 1620
2 2584
1 3956
2 778
1 527
2 4800
1 3840
1 664
2 3950
2 1291
2 3854
1 1210
2 4801
2 1816
1 1488
1 3100
2 4748
1 4829
2 1187
2 4419
1 1808
1 1516
1 3569
2 2708
2 3503
2 4777
2 746
2 3646
1 2027
1 3157
2 3726
1 755
1 56
1 3022
2 933
2 3354
1 2493
2 4517
1 4335
1 80
2 927
2 327
1 620
1 3867
1 3117
2 2061
2 4982
1 357
1 1717
1 4349
2 1018
1 1615
1 254
2 4502
1 2715
2 2724
2 668
2 343
2 1998
1 2081
2 4096
1 1361
1 1679
2 1108
2 2757
2 1424
1 1195
2 586
1 2236
2 902
2 2211
1 1863
2 3792
1 3728
2 3096
2 1386
2 1531
2 4854
2 2169
1 4558
2 1743
1 1672
2 3142
2 4539
2 1662
2 1884
2 3793
1 2146
2 3602
1 889
1 1824
1 4460
2 302
2 79
2 4501
1 684
1 2251
1 716
2 3238
2 2329
1 2836
1 2121
1 4821
1 573
1 2251
1 435
2 2488
1 1873
2 3601
2 1075
1 882
2 4046
2 4474
1 3454
1 4248
2 1237
2 2838
1 21
1 2349
1 2032
1 2434
1 3014
2 1855
1 4311
1 2397
1 617
1 448
1 3788
1 1379
1 2980
2 1406
2 359
2 4293
1 496
2 363
1 3227
2 159
1 2474
1 854
2 4815
2 4273
2 754
2 2032
1 2478
2 2015
2 4431
1 4103
2 3911
1 3672
1 4425
2 4775
2 4285
2 4211
1 1934
2 108
1 1544
1 1285
1 3966
2 3625
1 35
1 2668
2 1143
2 1428
1 1764
1 2456
1 4194
1 1191
2 4920
1 2220
2 1019
1 4401
1 12
2 2106
1 4773
2 683
2 3732
2 1244
1 724
1 2164
1 3376
2 3204
1 3689
2 1613
2 4962
1 1829
2 4786
2 981
2 1921
1 951
1 1431
2 55
1 3193
1 3958
2 2286
2 951
2 3321
2 1788
2 2767
1 3272
2 2132
2 1755
1 329
1 3489
1 4720
2 2580
2 931
2 1051
1 1466
2 4267
2 372
1 3197
2 1296
2 1856
2 556
2 4793
2 3734
2 4032
1 1248
1 2492
2 353
2 66
1 1234
2 1610
2 3415
2 2242
1 1567
2 2935
2 4885
2 905
1 2152
1 1727
1 2727
2 4003
1 4345
2 1023
2 4276
1 4255
1 2340
2 2665
1 1791
1 731
1 1727
2 3892
2 1256
1 1438
2 4154
2 1554
2 1656
2 2020
2 690
1 4040
1 369
2 4846
1 217
2 1546
1 1700
2 895
1 1604
1 4493
1 464
2 2039
1 4131
1 1986
1 3186
1 2284
1 2325
2 129
1 4863
1 4308
2 1801
2 2508
1 3364
1 2205
1 2294
2 4552
1 4918
1 1837
1 4459
2 1592
2 2867
2 4538
1 3328
2 874
2 1879
1 1195
1 1068
2 3968
2 2664
1 4677
2 2556
2 1351
1 4915
2 3271
1 2410
1 4171
2 3603
1 4070
2 3212
1 4250
1 2353
2 1834
2 193
2 2340
1 63
1 1639
1 959
1 4098
2 869
1 2093
1 2832
2 4916
1 3420
2 4481
2 3528
1 2392
2 645
1 866
2 625
1 4898
1 611
1 4196
1 4271
1 3391
1 12
2 4600
1 3773
2 1481
2 461
2 2682
2 4030
1 439
1 699
2 4009
2 4780
1 4146
1 546
2 2299
1 2996
1 64
1 3002
2 399
2 4784
1 3452
2 757
2 1129
2 3740
2 4380
2 4346
2 4761
1 4346
1 1210
2 157
2 3676
2 1910
2 1340
1 2845
2 4642
2 4154
1 1805
2 4389
2 3359
1 3187
2 2673
2 3004
1 4930
2 1978
2 2452
2 3156
1 2136
1 1756
2 1908
2 2670
2 3026
2 3907
2 2210
1 397
1 146
2 3331
2 702
2 3743
2 1867
2 1838
1 1160
2 2839
2 4262
2 2552
2 2311
2 189
1 94
1 339
2 2805
1 1868
1 4421
2 2708
2 3545
1 3219
1 1772
2 4052
1 4244
1 4854
1 2719
2 2512
2 1629
2 1538
1 398
2 713
1 3118
1 2012
2 813
2 285
2 4908
2 3746
2 3085
2 3021
2 3850
2 504
2 2945
2 4125
2 4799
2 4669
2 4570
2 1031
1 2371
1 227
2 572
1 1536
2 3726
1 4451
1 863
1 4649
1 1281
2 3446
1 1462
1 1383
2 3683
2 421
2 3787
2 3795
1 3950
2 4426
1 489
2 667
2 3096
2 117
2 169
2 271
1 306
2 4688
2 334
2 1477
2 380
1 4755
1 2536
1 3014
1 3702
2 3713
1 669
1 3927
2 808
2 649
2 4915
2 3265
2 548
1 894
2 2167
2 3641
2 3375
2 983
2 1386
2 3664
1 3868
2 1776
1 3990
1 228
2 1584
1 535
2 1253
1 3509
1 4631
1 544
1 3419
2 305
2 3086
1 3073
1 375
1 2224
1 4151
1 2423
1 4414
1 1057
2 3768
2 4919
2 4720
1 4084
2 4340
1 2773
2 2785
1 406
1 1856
2 4577
1 1697
1 3912
1 647
2 117
2 1445
2 568
1 1471
2 3528
1 3091
2 2342
1 2849
2 1303
1 578
2 4384
1 4493
2 1398
1 2552
1 446
1 1916
2 3371
1 2897
1 4951
1 4661
2 3980
1 2991
2 1602
2 1337
1 3276
1 2117
1 4182
1 4430
1 98
1 682
2 2283
1 3447
1 1353
2 2132
1 4135
1 3538
1 1241
2 1587
2 4458
2 1833
1 4885
2 1034
1 4946
2 3098
2 4587
1 4913
1 1383
1 4887
2 1119
1 3590
1 1784
2 4695
1 400
2 1055
2 4468
1 4371
1 2977
2 2577
1 1090
2 2785
2 1130
1 4613
1 2906
2 2813
1 4309
2 1717
1 3065
2 2187
1 4433
1 2955
1 4465
2 4838
2 4522
1 3699
2 3535
1 1012
2 3879
1 4692
1 1819
2 3495
2 2682
1 4811
2 1348
1 1462
1 3668
1 3856
2 2713
2 2122
1 1606
2 735
1 1401
2 1690
1 4337
2 1144
2 3524
2 135
2 887
1 3944
2 2039
2 2665
2 3552
1 3637
2 52
1 968
1 3134
1 30
1 848
2 3963
2 1897
1 2736
1 2691
1 2861
2 924
1 1266
1 4283
2 3403
2 4118
1 2723
2 4986
1 1887
2 4202
1 1774
1 4003
1 600
2 3304
2 4317
2 2729
1 959
2 2145
1 2243
2 960
1 2140
2 1590
2 4848
1 3058
2 1247
1 3954
1 3401
1 1731
2 1832
1 420
2 1278
2 3550
2 1183
2 1790
2 4578
2 3150
2 340
1 3472
1 4830
2 3549
2 649
1 2726
1 1727
2 3633
1 2051
2 2461
1 4555
2 1033
1 1677
1 2218
2 360
1 1740
1 860
1 3460
2 2493
1 1707
2 2548
1 4901
1 3574
1 3578
2 345
2 1533
1 1165
1 2564
1 815
1 911
1 1684
1 3588
2 1251
2 2065
1 1507
1 4284
1 168
2 520
1 1312
1 4177
1 4963
2 2090
2 3666
2 2029
2 599
1 4931
1 1726
1 4284
1 994
1 2689
2 3322
2 2304
1 3125
1 4207
1 1157
1 4005
2 3848
1 4246
2 2396
1 2053
1 2724
1 4767
1 1438
1 3157
2 960
2 3850
1 466
2 4990
1 2428
1 4010
2 1563
2 3141
1 4641
2 2159
2 3771
1 1228
2 1351
1 4955
1 85
2 1039
1 21
2 4189
1 3241
2 3071
1 2085
2 4793
1 372
1 3170
2 3604
2 1182
2 286
2 2417
1 2031
2 3454
2 778
2 2497
1 2905
2 4698
2 265
1 1547
1 4726
1 1539
2 431
1 4412
2 2236
2 714
1 2213
1 2222
2 2244
1 577
2 3869
1 3605
2 2341
1 1488
2 1233
1 850
1 449
1 4890
2 133
1 3155
1 3958
1 3581
2 2600
2 977
1 4166
2 1221
2 3559
1 1401
1 4680
2 793
1 850
2 1220
1 741
1 2300
1 1181
1 2727
2 3588
1 4957
1 1112
2 523
2 1902
1 3704
2 1823
2 2198
1 3738
2 1731
1 435
1 1096
1 2322
2 4650
1 1895
2 4655
2 637
1 1835
2 2420
2 3668
1 4251
1 3162
2 4485
1 1044
2 2492
2 3007
2 1316
2 424
2 3305
1 4635
2 2299
1 4741
1 2081
2 167
1 2276
1 2492
1 3638
2 389
1 2378
1 1186
2 845
1 1213
2 365
2 2882
2 3729
1 2841
2 4034
1 1983
1 3521
1 2185
2 4745
2 2274
2 485
1 760
2 4645
1 682
1 1165
1 292
1 1071
1 3655
2 1099
1 4970
1 4283
1 189
2 788
1 3544
2 1130
1 3104
2 1610
1 306
1 4278
1 786
1 4445
1 2078
1 4161
1 1662
1 1541
2 1847
2 3543
2 833
2 3338
2 4486
2 4887
1 2732
1 2989
1 4644
1 1510
2 4259
1 4140
2 2985
2 4212
2 2329
1 1417
2 1648
1 2852
1 2962
2 859
1 905
2 1712
2 1487
1 828
2 4510
2 3188
1 2597
1 3402
1 86
1 3574
2 2046
2 4015
2 2669
1 1564
2 3287
2 2200
2 514
1 614
2 2361
2 2729
1 759
2 1168
1 3800
2 1775
1 2805
2 681
2 1478
2 1245
1 3862
1 1807
2 561
2 368
2 1681
1 1680
2 2617
2 3219
1 2137
1 618
1 4604
2 3500
1 686
1 1741
1 1721
1 253
2 3226
1 2323
2 4504
2 836
1 2357
2 2775
1 3793
2 1523
2 4738
1 555
1 2712
2 2513
2 2856
2 4040
1 4215
2 2342
2 2186
1 1330
1 4108
2 467
2 3920
2 74
2 623
1 3792
1 2011
2 2
2 2869
2 1372
2 4101
1 3180
1 296
1 1281
2 1750
2 1428
2 4332
2 1357
2 1792
1 833
2 2116
1 874
1 292
2 1296
2 787
1 3407
2 2091
1 4768
1 571
2 1693
1 814
1 223
2 3874
2 4226
2 4822
2 2316
1 3248
1 2242
1 1037
1 83
2 914
1 2801
2 779
1 493
1 2690
1 1202
1 3394
2 3637
2 700
2 2259
1 1442
1 636
1 498
1 2599
2 3054
1 325
2 1433
1 1202
2 844
1 890
1 1963
2 1592
1 857
2 901
1 3747
2 2799
1 203
1 4680
2 1852
1 3577
1 270
1 1526
1 4802
1 4419
1 1480
2 3735
1 3510
1 1040
2 1925
1 2328
1 687
1 655
1 4779
1 2184
1 3492
1 3200
1 4502
1 1501
2 4443
2 2955
2 837
2 2885
2 653
2 721
1 972
1 2701
1 695
1 4257
1 1728
1 357
2 1411
1 1957
2 4382
1 3610
1 2517
2 4242
1 1117
1 506
2 3215
1 2668
1 1959
2 3956
1 2221
2 4503
2 2195
1 3558
1 2033
2 4495
1 1966
1 1757
2 456
1 4873
2 174
1 2081
1 2523
2 1912
1 4501
2 3037
1 4143
2 1985
2 212
1 619
2 1054
2 158
2 1662
1 1463
2 3428
1 3903
2 3216
2 3095
1 874
2 4341
2 2800
1 2433
2 2382
1 1453
1 4931
1 1989
2 2905
2 219
1 2461
2 2718
1 4800
2 4548
1 573
2 2886
1 4836
1 1075
1 3406
1 711
1 1058
1 1821
1 2856
2 891
1 756
1 109
1 4012
1 2133
2 4981
2 1953
2 4924
2 4101
2 4713
2 163
1 1296
1 1984
2 4099
2 4465
1 610
1 3861
2 2045
1 4957
1 3315
2 1321
2 347
1 421
1 4604
2 2164
1 1776
2 3812
2 494
1 3674
2 864
1 4919
1 2706
2 212
1 2413
2 1817
2 2490
2 748
2 1546
2 4488
2 4766
1 812
1 3803
1 1158
1 1216
2 983
1 4451
2 649
1 3240
2 871
1 4003
2 2443
1 3777
1 3653
1 4658
1 83
1 3986
2 4324
2 2840
1 1034
1 494
1 2959
2 2762
1 1582
2 4196
1 1238
1 3233
1 2210
2 1767
1 4357
2 571
2 61
2 2655
1 828
2 1368
1 4199
1 479
2 1424
1 4134
2 1271
2 2677
1 3865
2 4717
2 4495
1 1710
2 2187
2 1140
1 1974
2 1823
2 1229
2 1675
1 573
2 3444
1 3748
1 1174
1 731
2 3141
2 777
1 2345
2 4065
2 2900
2 3087
2 4190
2 2534
2 4888
2 4206
2 1480
2 4772
1 2317
2 1147
1 2460
2 2906
1 2930
2 2845
1 3739
1 2616
2 826
1 3009
2 1817
1 918
1 4835
2 2287
1 545
2 3341
1 4074
1 2611
2 838
1 4900
2 3973
2 1486
1 2491
2 1541
2 2792
1 3986
1 4853
2 461
1 3072
2 3545
2 4596
2 2519
2 4115
1 446
1 126
2 4050
2 3854
2 3658
1 1467
1 1391
1 3989
1 825
2 2866
1 891
1 3359
1 1595
2 866
2 4939
1 191
2 4731
2 642
1 3547
1 2509
1 2403
2 2266
2 2414
2 4730
1 2182
2 4159
1 2705
2 1272
1 3365
2 2555
2 2928
1 176
2 4395
2 1442
1 1815
2 2225
2 769
1 2991
1 1786
1 448
2 1722
2 1309
2 1718
1 1346
2 4095
2 2135
2 1278
1 1524
1 3909
1 3088
2 1439
2 3180
1 1186
1 4947
1 844
2 1157
1 1956
1 92
2 2283
1 4398
2 1802
1 813
1 637
2 2348
1 521
2 4875
2 4698
2 2900
2 560
1 3710
2 3387
2 2529
1 3172
2 3324
1 4606
2 1900
1 3349
1 766
1 2422
1 3111
2 2559
1 2066
1 264
2 4034
1 1875
2 1360
1 4607
1 358
