6000
1 2971
1 2253
1 1361
1 4444
1 5377
1 3442
1 1904
1 1399
2 1664
1 2198
1 5042
2 117
2 1961
1 3944
2 929
2 5251
1 3264
1 1934
2 1612
2 3742
2 5069
1 3025
2 4819
1 5914
1 3019
1 3311
2 1327
2 2271
2 1660
1 5015
2 4632
2 1239
2 4739
2 5857
2 1421
1 1089
2 5689
2 2435
2 5600
2 4481
1 1353
1 1644
2 343
2 2270
2 3123
1 862
1 3996
2 5939
1 701
1 1548
2 478
1 2207
2 813
1 4560
1 2302
2 4276
1 4704
2 4711
2 5779
1 1707
2 3815
1 275
1 2694
1 1855
2 1925
2 4504
1 1398
2 862
2 1026
2 3327
1 4213
2 2363
1 1659
2 2758
2 714
1 830
1 2511
2 4014
2 1325
2 3842
2 4803
1 3724
1 494
2 4247
1 2527
2 2633
2 14
1 1390
2 2415
2 4770
2 692
1 5007
1 5763
1 3881
2 185
2 1878
1 1039
2 4178
1 5773
1 3905
2 524
1 3878
2 1616
2 2660
1 1878
2 5235
1 3881
1 3958
2 203
1 5338
2 2499
1 3057
1 2578
2 5104
1 4635
2 5734
1 306
2 3662
1 323
2 1062
1 1335
1 5377
2 1218
1 1754
2 3776
1 4427
2 5650
2 1596
2 979
1 479
1 1712
1 5516
2 2936
1 1625
2 5600
2 2140
1 1082
2 1156
2 2726
2 4356
2 201
1 4386
2 718
2 2831
2 1579
1 3479
1 5493
1 4620
2 1558
1 4142
1 5374
1 5022
1 2263
2 4035
2 5662
1 1612
2 1279
2 3191
1 5248
2 2450
2 5025
2 5856
2 2465
2 3070
2 2629
1 3558
2 2501
1 1956
2 1799
2 2215
2 4209
2 4186
1 2121
2 2324
1 1870
1 1261
2 4509
1 1026
2 3741
1 3242
2 2380
2 1721
1 5997
1 5077
2 1154
2 2632
2 4711
1 3398
1 79
2 3999
1 4755
2 5191
1 71
1 676
2 1663
1 3864
1 3891
1 751
2 575
2 4875
2 5870
1 958
1 1208
1 4919
1 1657
2 4706
2 5156
2 4057
2 5992
1 1999
1 737
1 2319
1 482
2 1200
1 642
1 188
2 2037
1 1905
1 5901
2 1543
1 832
1 2131
2 2331
1 2027
1 1399
2 2923
1 2859
2 4808
2 4322
2 3891
2 3231
1 513
1 1054
1 2616
1 685
1 5948
1 4427
2 3467
2 2159
2 5621
2 5964
2 5344
1 5923
1 4187
2 1658
1 690
2 4604
1 2929
1 866
1 3740
2 3152
1 3631
1 5810
2 1409
2 3752
1 5247
1 4672
1 5430
2 5683
2 1664
1 4979
2 355
1 1188
2 406
1 727
2 198
1 4287
1 2744
1 5662
2 1391
1 3615
2 2896
2 2282
2 84
1 3123
2 3567
2 851
1 2223
2 4332
1 3494
1 4439
1 5643
1 769
2 4558
2 437
2 347
1 3947
2 4753
2 1634
1 2180
1 5385
1 3343
1 693
1 4062
2 4318
1 170
2 1882
2 1702
2 974
1 698
2 2210
1 5182
1 1108
2 5514
1 880
1 860
2 1311
1 2793
1 2926
1 3447
1 5889
2 2458
2 5943
2 3502
1 1438
1 2677
2 4522
1 5072
2 2691
1 835
1 2717
1 773
1 1133
1 2373
2 4520
1 5619
1 2413
1 2574
2 358
1 5674
2 1626
2 821
2 1303
2 2393
1 5375
2 3956
1 2384
2 4998
2 5545
2 5355
1 522
2 3627
2 4955
1 4782
2 175
2 819
2 3930
1 4882
1 720
1 5793
1 1376
1 3700
1 5666
1 4425
1 3405
1 1667
2 2060
2 485
2 3041
1 2769
2 4683
1 5809
1 1204
1 198
1 5790
1 655
2 1999
2 2317
2 3962
1 372
2 4032
1 4820
1 1271
2 3177
2 4362
2 5040
2 1553
1 5484
2 1698
1 759
2 72
1 2636
1 2547
1 4869
1 2912
1 2736
1 2139
2 2984
1 834
2 3729
2 4763
1 755
2 1465
1 3419
2 4587
2 5375
1 4902
2 1824
2 4948
1 309
2 236
1 2309
2 1364
1 4677
1 3813
1 1363
2 5790
1 5426
1 4411
2 3464
1 5512
1 2740
2 3232
2 3347
1 1595
1 245
2 4199
2 4923
1 1813
1 4
1 744
2 4809
2 5914
2 917
1 5696
1 4201
2 3503
1 4671
2 4255
1 4301
2 2574
2 4332
1 3144
1 4682
2 3750
1 4493
2 1012
2 5065
2 536
1 515
1 5168
2 2183
1 58
1 871
1 3242
1 2053
1 3832
1 1652
2 1960
1 121
2 1598
2 487
2 3777
2 332
2 5519
1 2790
1 3985
2 234
2 65
2 4630
2 5545
1 4405
2 78
2 2099
1 4541
1 2049
1 4245
1 4988
1 277
1 4313
2 4583
1 4500
2 4621
1 2377
2 4874
2 4354
1 293
2 963
1 4650
1 4994
2 5937
2 4010
2 2739
1 1346
1 1066
2 4218
2 4680
2 1990
2 2091
1 446
1 767
2 2340
2 5157
1 536
2 579
1 473
1 3900
1 3052
2 5825
1 5266
2 471
1 2757
2 3691
1 2723
1 1956
1 5935
1 1416
1 3236
1 5889
1 203
1 593
2 4559
2 5796
2 2959
1 4406
2 1108
2 133
1 3843
1 2423
1 4053
1 4622
2 149
2 4955
2 4810
2 1554
2 1014
1 45
1 5166
1 2771
2 2250
1 4314
2 47
1 5770
1 5660
1 1844
1 146
1 739
1 1592
2 3682
2 717
2 2223
2 1519
2 2286
1 1788
2 2048
1 2951
1 5078
2 5917
1 4112
2 1128
1 2619
2 1827
1 2571
1 1808
2 1125
2 5431
1 3584
2 3775
2 2060
1 1810
2 3396
1 5052
2 3152
1 900
1 735
1 4670
2 5571
2 3808
2 157
2 4
2 1898
1 4846
2 334
2 5038
1 5808
2 200
1 5126
1 2818
2 3923
2 2301
1 5758
1 4680
2 4756
2 3617
1 81
2 3966
1 619
1 5675
1 3247
1 5604
1 5361
1 2117
1 862
2 481
2 3700
2 2544
2 1077
1 1820
1 4087
1 3438
2 4239
2 4676
1 831
1 4054
1 878
2 969
2 1015
1 1235
2 773
2 2544
2 4957
2 1941
1 5436
1 3955
2 707
2 1806
1 608
2 3087
1 703
2 4934
2 624
2 4436
2 4763
2 952
2 1105
1 2712
2 629
1 851
2 124
2 3989
1 688
2 5610
2 2939
1 5958
1 402
1 3157
2 2895
2 4206
2 1988
1 5181
1 2653
2 962
2 4581
1 3828
1 1435
1 2025
1 4263
2 5626
1 2296
2 483
1 720
1 4681
2 2946
1 3055
2 1770
1 794
1 4750
1 772
2 1300
1 3006
1 2052
1 1209
2 2591
1 3750
1 3056
2 4124
2 1681
1 2587
2 1041
2 1727
2 4118
1 4711
2 5278
1 822
2 1274
1 1642
2 2892
1 3115
1 1760
1 998
1 2137
2 1851
2 1166
2 1075
1 1061
1 4934
2 5966
2 2508
1 5732
2 66
1 3151
1 2111
1 2957
2 360
2 4322
1 3969
1 1006
2 1062
2 1822
2 3929
1 5893
1 2891
2 1181
1 112
2 1080
2 958
1 2972
2 5911
2 5790
1 4296
1 1454
2 5921
2 1972
1 5733
2 4153
2 4820
1 4970
1 1320
2 4552
1 2572
2 5139
1 1156
1 2008
1 4888
2 1016
1 243
2 4331
1 5692
2 3125
2 274
1 5128
2 2077
1 570
2 3443
2 569
2 5288
2 3036
1 1354
2 2155
1 4780
1 4034
1 1024
2 754
1 779
1 1096
2 5363
1 4642
1 76
1 5519
1 1684
2 647
1 5084
2 2443
1 680
2 1310
1 1673
1 1556
1 1737
1 5449
1 261
1 5830
1 882
2 5519
1 4617
1 1649
1 741
1 1594
2 2064
2 345
2 840
1 760
1 2775
2 5606
2 1908
2 2378
2 340
2 4581
1 2517
2 1512
1 316
1 4406
1 45
1 2219
2 3291
1 4733
1 5201
1 5185
2 2416
1 5521
1 1338
2 3357
1 5102
2 3920
2 3157
1 1300
2 5981
2 3784
2 2531
1 2417
1 1110
2 5983
2 5402
2 498
1 43
2 1180
1 2866
1 4200
1 5756
2 188
2 2425
2 1259
2 4931
2 782
1 5872
2 4084
1 1289
1 5480
2 2588
1 5538
2 2991
2 3008
1 4998
1 4117
2 2326
2 2579
2 219
1 1158
2 2215
2 3249
2 2940
2 45
2 5948
1 3150
2 4639
2 3305
1 645
2 4739
2 508
2 5244
1 2260
1 1292
1 3633
1 3228
2 161
2 2344
2 4415
1 4515
1 1559
2 236
1 2171
1 3727
1 4581
2 1423
1 3677
2 3411
1 3358
2 5375
1 4804
2 3861
1 2521
1 235
2 945
2 1406
2 3249
2 4823
2 4535
1 4429
1 1958
1 1420
2 2289
1 3380
1 5771
1 4885
1 5836
1 1913
1 631
1 5938
1 5145
2 1559
1 4964
1 9
1 589
2 5962
1 3058
2 2864
2 3328
1 4071
2 2772
2 2725
1 3569
2 97
1 2946
2 3014
2 5904
1 3509
2 2070
1 201
1 3923
2 271
1 2511
2 4741
1 5282
1 4098
1 1521
2 3575
1 1115
1 2660
2 4579
1 3566
1 2078
2 5952
2 4752
2 352
2 1634
1 5299
2 2374
2 2275
1 3678
1 5007
1 2298
2 4196
1 17
1 171
1 690
2 3011
1 1563
1 1280
1 1082
1 2260
1 2785
2 846
2 1983
2 3072
1 1709
1 2037
2 5431
2 355
2 4396
2 5965
1 2631
2 1308
2 4687
2 46
1 2251
2 735
2 1946
1 1944
2 2098
1 4982
2 5144
1 5821
1 2975
1 204
2 2036
1 4002
2 3802
1 5265
1 3281
1 3265
2 3805
2 3433
2 5955
2 5786
1 5367
1 3932
2 3412
1 2686
1 5500
1 5367
2 4993
2 4706
1 5026
2 5930
2 4218
2 578
1 5942
2 5016
2 4854
2 491
2 2485
2 3163
1 988
1 2656
1 3764
2 317
2 1595
2 3894
2 3481
1 4432
2 3570
1 2088
2 2447
2 4230
2 4185
1 3875
2 341
2 4458
2 3079
1 683
2 112
2 837
1 5369
1 5845
1 1925
2 2746
2 4145
2 5595
2 1456
2 1131
2 997
1 1147
1 5871
1 4913
1 860
2 3880
1 2007
1 3720
2 116
1 2999
1 5007
1 2320
1 3023
2 3059
1 3760
2 317
1 2305
2 746
2 667
1 3400
1 548
2 4286
1 4035
1 3373
2 836
2 5493
1 4030
2 4987
2 1252
1 4601
2 505
2 4934
1 3399
2 5736
1 1441
2 2408
1 791
2 5637
1 5898
2 5212
2 1569
2 2390
1 2348
2 5585
1 3383
1 1572
2 5953
1 1438
1 301
2 414
1 24
2 664
2 3277
1 2598
2 3653
2 733
1 323
2 4146
1 4735
1 269
1 5473
2 3948
2 721
1 1131
2 5004
1 5699
2 3066
2 976
1 1661
1 4760
2 1244
2 3977
2 4609
1 5218
2 784
2 1268
2 4778
2 170
1 545
1 23
1 3004
1 2511
1 3405
2 1465
1 5105
2 643
2 1735
2 3527
1 4677
1 3916
1 2279
1 1824
2 1594
1 2837
2 1816
1 41
1 4069
1 2395
1 2698
2 1562
1 2735
2 2928
1 1774
2 815
1 741
1 555
2 284
1 2024
2 184
1 245
2 976
2 5354
1 1166
1 1822
2 1256
2 5243
1 1488
1 5526
2 2664
2 5514
2 2058
1 5300
2 5287
2 501
1 5550
1 1619
1 1887
2 673
2 2769
1 2496
1 5441
2 261
2 1196
2 2973
2 5294
2 911
2 1084
1 3553
1 127
1 430
1 4962
2 4342
2 4766
1 4790
1 2852
1 745
2 4571
2 5215
2 1498
1 4270
2 3208
2 5302
2 2546
1 4873
1 2765
2 3531
2 4893
2 2262
2 181
2 1809
2 2128
1 4594
2 3247
2 1249
1 2772
2 575
1 4766
2 1832
1 3142
1 517
2 281
2 3604
1 2855
2 4619
2 4588
1 4379
2 4813
1 530
1 4261
1 1284
2 3360
1 3979
1 1752
1 2652
1 5838
2 5899
1 3339
1 4994
2 3560
2 2350
1 3563
1 2459
2 4322
2 2897
2 1221
2 1087
2 1879
2 5031
1 765
1 5994
2 2803
2 133
2 27
2 1356
2 5991
2 854
2 265
1 5785
1 5881
2 808
2 1623
1 4202
1 913
1 3677
2 4295
2 2634
1 1245
2 1723
2 5249
1 2890
1 1101
2 3388
2 5743
1 4174
2 1144
2 1998
2 3314
1 3486
1 549
2 5556
1 4716
2 2197
2 339
1 1172
1 5796
1 3109
1 1346
2 439
1 2933
2 753
2 40
1 5132
1 31
2 5105
1 4845
1 1237
1 2757
1 4546
2 3231
1 1608
2 2349
1 2836
1 4686
1 191
2 4355
1 3194
2 1233
1 2568
2 2630
2 1774
1 2895
2 2214
1 4729
1 4394
2 1335
2 3087
2 1172
2 1903
2 1049
1 5452
1 3649
1 5714
2 890
2 4364
2 3551
1 5514
2 5764
2 2145
2 370
2 4228
1 1572
2 2129
2 4417
1 527
2 1866
1 3495
1 2342
1 3840
1 2381
2 5968
1 3122
2 2895
2 4484
1 5918
1 2998
2 1384
2 5598
1 1415
1 4587
2 4395
1 4075
2 5751
2 1083
1 3180
1 5648
1 5290
2 3558
1 5796
1 2359
2 1043
1 1054
1 1438
2 1501
2 553
2 5307
2 1579
2 2578
2 4884
1 104
2 5583
1 764
2 3636
2 3892
1 3409
1 661
2 1498
2 3330
2 1583
2 712
2 2077
2 3322
1 392
1 1784
1 647
1 1525
2 1280
1 3913
1 1541
2 4580
1 1471
2 3701
1 3419
1 2042
1 786
2 4328
1 2221
1 3262
2 1224
1 3605
1 327
2 3354
1 3511
1 175
1 166
1 5662
1 4261
1 4992
1 5404
1 1454
1 2559
1 1718
2 3376
2 111
1 5782
1 4688
2 300
1 414
1 2828
1 1669
2 3134
2 298
1 4907
1 4782
1 3911
1 4485
1 5263
1 984
1 1631
1 439
1 2311
2 5651
1 2175
2 4187
2 328
2 485
1 4997
2 4768
1 1546
2 3591
1 163
2 1176
2 265
2 1734
2 5233
2 3468
1 4373
1 1380
1 4487
2 1271
2 1186
2 3749
2 467
1 4471
1 2393
1 2675
2 4777
1 5151
1 4245
1 1546
1 4126
2 1544
1 71
1 5500
2 3164
1 1851
1 3123
1 5022
1 1953
2 5160
1 5440
2 4489
2 1760
1 4690
2 1964
1 1498
2 3182
2 4593
2 2821
1 2371
1 2598
2 2767
1 2401
1 904
1 3558
1 5243
1 3528
1 2066
2 1120
2 2425
2 725
2 2943
2 4202
2 5968
2 3352
1 1088
2 4110
2 3210
2 5366
1 1194
2 11
2 2712
2 3272
1 2102
2 1490
1 3339
2 3608
2 5665
1 5913
2 5068
2 2935
2 2253
1 3179
1 1958
1 5370
2 1198
1 38
2 3910
2 600
1 5565
2 1196
2 2306
2 5309
2 3256
2 740
1 5951
2 4155
1 1200
2 3750
2 1977
2 5380
1 5258
1 993
2 4607
1 1984
1 2159
2 1033
1 5316
1 2765
2 5740
2 5729
1 5791
1 5370
1 5538
2 1158
1 3516
1 1372
1 1383
2 5924
2 617
1 5977
2 5859
1 2414
1 5946
1 5759
1 5412
1 3930
1 885
2 5790
1 539
1 5667
1 2247
2 5402
2 1389
2 2341
2 3949
2 906
2 1843
1 453
1 5195
2 1852
2 842
1 2551
2 5113
2 3167
2 819
2 2773
2 4961
1 1302
2 3060
1 2382
1 2659
2 3180
1 5557
1 4725
1 4113
1 683
2 4260
2 190
1 4243
2 3027
1 1889
1 2597
1 36
1 985
2 2147
1 2647
1 1458
1 982
2 418
2 966
1 5170
2 1668
2 475
2 3913
1 3930
2 2980
1 1839
1 5722
1 4502
1 5675
2 675
2 2662
1 1412
1 1344
2 3345
2 2305
2 1191
2 5071
1 2726
1 5711
1 3416
1 1945
2 3187
2 892
1 5440
1 370
1 1404
2 2117
2 5471
1 1538
2 4764
1 3101
2 2584
1 4165
2 3759
1 3737
2 3827
1 619
1 2726
2 3780
2 2890
2 4152
2 4598
2 395
1 940
1 2453
1 1833
1 1106
2 3181
2 2301
1 5356
1 4606
2 2644
1 1009
2 3984
1 2985
1 2939
2 4644
2 2489
2 5809
1 4707
1 752
1 1682
2 5305
1 5630
1 1375
1 1734
1 3094
2 2467
1 5971
1 5224
1 4339
1 1565
1 15
2 45
2 2366
1 1852
1 411
2 2941
2 1305
2 5234
2 1364
1 5381
1 138
1 1783
2 5369
1 5448
1 2763
2 2630
1 1744
1 5273
2 1466
2 4270
1 719
1 1282
1 4410
2 2882
1 1251
2 2753
1 5136
2 1434
1 5612
1 3926
1 1176
1 3583
2 1391
2 3382
2 2206
2 2211
1 2739
2 43
2 5620
2 4118
2 868
1 1345
1 3651
2 1378
2 1955
1 3899
2 5426
1 3760
2 1524
1 4316
2 3376
2 5345
1 2383
2 5598
1 2096
1 5302
2 4592
1 1087
1 4936
2 1160
2 199
2 3343
2 3985
1 4849
1 2328
1 3059
2 3930
2 4929
2 3804
2 1061
2 5926
1 1450
2 3342
1 4945
1 3641
1 1748
1 5151
2 3737
2 2558
2 4426
2 3458
1 1794
2 2516
1 3802
2 5536
1 278
1 1660
1 4697
2 4582
2 1856
2 5645
2 3694
2 4003
2 4067
2 3776
1 2418
1 4954
2 3443
1 709
1 2998
2 5126
2 2602
2 1244
1 2765
1 1856
1 5492
2 5452
1 669
1 1419
2 1283
1 1664
1 1106
2 5865
1 5196
1 3477
2 3595
2 4659
1 5352
1 4317
1 28
1 2021
2 2565
2 2799
1 3466
1 2448
1 4610
1 1941
2 4194
1 3318
1 1750
1 3020
2 2099
1 1073
1 122
2 1447
2 447
2 4940
2 5450
1 3581
2 765
1 2377
2 472
1 791
1 666
2 2217
1 4233
2 3699
2 3828
1 2311
2 3702
2 1363
1 3869
2 5326
2 2332
1 1854
2 2062
2 574
2 2333
1 3790
2 4466
1 2315
1 5581
2 4033
2 3990
1 5166
1 2693
1 24
2 496
1 2434
1 131
2 139
2 3509
1 487
2 4088
2 4211
2 2353
2 5603
2 3161
1 5006
2 5683
1 2204
2 3359
2 15
1 414
2 2832
2 4199
1 4347
1 378
2 1805
2 2211
2 4717
1 1440
2 5689
2 150
2 4995
2 2354
2 2540
2 5772
2 3614
1 4064
1 2864
2 1696
1 4854
1 5060
2 4600
1 4068
2 3972
2 1495
2 726
1 4157
1 1606
1 1802
2 4131
2 1971
1 799
2 5006
1 2955
2 4517
2 4197
1 2764
1 5182
2 1604
1 1265
2 1870
2 2641
2 1827
1 5074
2 4948
2 3947
2 5966
1 5706
1 5152
1 2072
2 1760
1 4607
1 890
1 713
2 5962
2 1579
1 573
1 674
2 5011
2 1324
2 2600
2 5803
1 4803
2 2165
1 5070
1 495
1 791
2 5708
2 886
1 2128
1 1792
2 826
2 1195
1 145
1 5060
1 2750
2 2686
2 523
1 1963
2 938
1 4911
1 5817
2 483
1 356
2 5624
2 908
1 1708
1 615
1 3218
2 4919
1 2365
2 1135
2 3949
2 548
1 734
2 944
2 716
1 3405
2 3676
2 2800
2 5559
1 4148
2 600
2 5944
1 2472
2 2635
1 4983
1 5960
2 3326
2 5789
1 5603
2 800
1 109
1 707
2 1945
1 2983
1 2268
1 3184
2 3322
1 3048
2 3142
1 2550
1 10
2 96
1 570
1 4542
2 564
2 2049
1 602
1 484
1 1908
2 3010
2 2447
2 5432
2 5771
2 2780
1 4836
2 1391
2 2046
2 1183
1 550
2 2111
1 343
2 5931
2 4363
1 4503
2 5843
1 1447
2 2680
2 1621
2 2274
1 462
1 3977
1 5502
2 123
1 1181
1 4029
1 1881
1 1941
2 2310
1 1607
2 3380
2 607
1 3025
1 1903
2 1790
1 2201
2 3109
2 2111
1 1771
1 1080
2 2819
2 2118
1 5780
1 4022
2 3819
2 2440
2 1044
2 1488
2 3397
2 4635
2 219
1 1350
1 362
2 2668
1 2399
1 3726
1 216
1 5816
2 5510
1 4594
2 177
1 3620
1 3197
2 45
1 1149
1 4822
2 341
2 1330
2 5091
2 2201
1 593
2 1605
1 5652
1 1708
2 2393
2 96
2 1105
1 1492
1 4858
1 576
1 3792
2 1990
2 1827
1 1717
1 3563
2 5614
1 5177
1 997
2 640
2 5498
1 5988
2 2473
2 4946
1 3519
2 5584
2 2111
2 534
2 4020
2 5661
1 2823
2 2503
1 2162
1 2752
1 5686
2 3315
1 4314
1 5471
2 3638
1 3276
1 4287
2 5785
2 4419
2 1512
2 2215
2 4908
2 5695
2 33
2 3759
1 5693
1 4959
2 1045
2 564
2 4259
2 1308
1 3063
1 730
1 4876
2 1540
2 2253
1 5465
2 407
2 5654
1 5504
2 3899
2 5992
1 4074
1 5823
2 3615
1 151
1 870
1 4972
2 441
2 3585
1 714
1 3517
2 4240
1 3078
2 2453
1 4892
2 735
2 649
2 3021
1 4872
1 2117
2 2420
2 1515
2 594
2 1828
1 721
2 220
1 224
1 5669
1 1618
2 4418
2 4638
1 1235
1 5977
1 4833
1 808
2 1372
2 3184
1 866
2 5681
2 4723
1 2867
1 5539
1 2687
2 768
2 801
1 3541
2 5341
2 2254
2 367
1 1741
1 4711
2 2573
2 4645
2 2356
1 5218
1 5774
1 2687
1 1655
1 5217
2 4601
2 718
2 3624
1 1297
2 2538
1 2756
1 4715
1 3822
2 3263
2 2475
2 1849
2 44
2 284
1 3390
1 1056
1 2751
1 424
1 462
2 897
1 1731
1 5949
1 3855
1 993
1 772
1 572
2 1496
1 1481
1 4999
2 1142
1 3959
2 1734
1 4688
2 4308
1 5979
2 3866
1 4025
2 4400
1 4456
2 2552
1 2962
1 2282
2 2774
2 892
1 2315
2 5124
2 994
1 2881
1 2588
2 982
2 988
1 3305
1 2030
2 2763
1 3895
2 4104
1 3647
1 3298
2 5453
2 921
2 4385
1 5358
1 2104
1 1192
1 171
1 1991
2 2825
2 422
1 4983
2 2726
2 5589
2 4329
1 1779
2 876
1 1219
2 5449
1 1600
1 5628
2 4208
1 2404
1 390
1 5532
1 1531
1 2699
1 590
1 5097
2 5497
2 4947
1 2006
1 624
1 4306
1 1556
2 3441
1 533
2 5538
2 4685
2 356
1 2928
2 2297
1 3119
1 3946
2 3803
2 4588
1 5645
1 3137
1 4038
1 5793
2 594
1 155
1 1331
1 2871
2 475
2 574
1 5850
1 556
1 4633
1 2612
2 661
2 4212
2 848
2 443
1 5733
1 4537
2 5419
2 614
1 860
1 3061
2 3718
2 4010
2 1089
2 1818
2 4466
1 5074
2 3071
2 1963
1 3716
2 4588
2 5446
2 1169
2 5318
2 4618
2 5849
2 5511
2 2789
1 1330
1 4558
1 4141
1 1042
1 5215
2 5553
2 5513
2 449
1 5165
1 2497
2 3169
2 1389
1 2432
1 4145
2 2626
2 642
1 4590
2 4521
2 3661
1 1825
2 2144
1 1283
2 2612
2 2911
1 229
1 862
2 1329
1 1926
2 5247
2 718
1 5200
1 4659
2 1540
1 3130
1 4288
1 3478
2 1599
1 1020
2 1254
1 4773
2 2764
2 4101
2 3450
2 3498
2 879
1 118
1 5032
2 1728
1 862
2 4888
2 2016
1 170
2 5315
2 5413
2 1046
2 3677
1 2379
1 5197
1 3411
2 641
1 3145
1 2786
2 4466
1 3011
1 4931
1 4189
2 612
2 1110
1 884
1 5926
1 141
2 3997
1 5913
1 415
1 5173
2 3394
1 2484
2 1818
1 695
1 2867
2 4284
1 3775
1 5157
2 2399
1 5131
1 1447
1 1698
2 4382
2 5134
1 2211
1 2934
1 1303
2 568
1 2358
2 1918
2 1927
1 4384
2 5511
1 810
2 2720
2 2271
2 1984
2 493
1 1911
1 3971
2 1393
1 3280
2 3110
2 2462
1 4974
1 5184
1 1560
2 1623
1 1612
2 1739
2 4720
1 2984
1 2361
2 2311
2 2242
2 46
1 353
1 3035
1 2600
1 4157
1 3817
2 547
2 1102
1 858
2 952
2 4496
1 5782
1 110
2 2057
1 1782
2 3925
1 3146
1 3371
1 3101
1 756
1 4109
2 4160
1 5681
2 2929
2 1567
1 3217
1 2338
2 4027
2 1418
2 2905
1 1316
2 4858
2 1980
2 4614
1 2464
1 4372
1 4167
1 4395
2 1729
2 1848
1 2465
1 753
1 904
1 4311
1 2372
1 2625
2 1865
2 1830
1 2494
1 1067
2 2347
2 3903
1 5874
1 1570
1 2988
1 4477
2 2421
1 254
2 4843
1 2530
2 4594
2 4521
2 2460
1 3444
2 5719
2 5906
1 1591
1 2076
1 1702
2 2013
1 2457
2 630
1 469
1 4305
2 4881
2 5012
1 638
2 4552
2 677
2 4267
2 2223
1 5587
2 811
1 1892
1 5051
1 1011
2 2288
1 2092
2 4104
1 305
2 2293
1 356
2 287
2 4264
2 4636
2 2370
1 1663
1 2757
2 4703
1 4319
1 5018
2 2670
2 1338
1 5223
2 214
2 1080
2 5660
2 1900
1 2414
1 4319
1 5306
2 5795
2 926
1 2882
1 4972
2 2292
1 2858
1 980
2 4382
2 2046
1 2152
2 1036
2 4112
2 5250
2 1889
1 1270
2 4662
1 4852
2 293
1 1312
1 169
1 1021
1 2756
1 1518
1 4132
1 91
1 5429
2 2470
2 88
2 4447
1 2514
1 21
1 5992
2 3053
1 2042
1 1288
2 5390
2 3216
2 2590
1 5747
2 2452
2 692
2 2485
1 1262
2 572
1 2570
1 2713
2 1363
2 1897
1 3720
1 3543
2 5634
2 1507
2 790
2 3171
1 1789
2 3447
2 1314
2 225
2 716
2 1396
2 669
2 2909
1 2906
2 4288
1 2604
2 4164
2 4293
1 241
2 695
2 2696
1 1810
1 68
2 1533
1 176
2 4183
2 633
1 3294
1 4150
1 3680
2 2389
2 1728
2 663
2 1099
2 3087
1 5083
1 1367
2 1403
1 2275
2 2589
1 3098
2 4441
1 435
1 502
1 716
1 5070
2 2433
1 3853
2 1498
2 5466
1 3621
2 4378
1 3239
2 4976
1 5645
1 3225
1 1144
1 5848
1 1032
1 4317
1 2744
2 4812
1 2266
2 3707
2 3284
2 4235
1 428
2 1739
2 5600
2 3593
1 1993
1 2459
1 4161
1 2653
2 1202
2 267
2 4369
1 5762
1 1515
1 5058
1 5102
2 2294
1 1707
2 4295
2 5899
1 5438
2 1984
1 505
1 925
1 688
2 4728
2 4616
2 5887
1 3895
2 1577
2 3641
1 191
2 5955
1 5434
2 1446
1 4510
2 278
1 5592
1 620
1 1140
2 4440
1 1011
1 4363
2 1754
2 308
2 1470
2 1929
1 2719
1 345
1 2594
1 1328
2 1508
2 538
2 3035
2 1259
1 5439
1 5519
1 1994
1 4781
1 4123
1 1217
1 5217
1 363
1 3014
2 4786
1 5322
1 812
1 354
2 3458
1 5680
1 1152
1 2149
1 4347
2 629
2 3110
1 4074
1 5958
1 155
1 1957
2 2637
2 3108
1 1226
2 740
2 978
1 1702
1 3600
1 2993
1 991
1 2773
2 5484
1 94
1 1613
1 987
1 1698
2 2623
2 539
1 872
2 2763
1 1758
1 235
1 5518
2 2018
1 984
1 4916
2 5461
1 136
2 445
1 2910
2 5576
1 3040
1 4083
2 1833
2 918
2 164
1 5715
2 1142
1 273
1 2862
1 4827
1 2268
1 499
2 5008
2 3146
1 1364
1 3956
2 4685
1 3255
2 1629
2 1509
1 5741
2 3659
1 410
1 3225
2 2445
2 962
2 2319
1 5558
1 3532
1 5151
1 3000
1 1640
1 2447
1 565
1 4897
2 3726
1 350
2 3982
2 3679
1 1212
2 1622
2 1031
2 4806
2 4663
2 1221
1 914
1 1072
1 5564
2 2688
2 5475
1 1069
1 842
2 5392
2 1971
1 1517
2 963
1 257
1 1249
1 4088
1 1726
1 4898
1 396
2 4694
2 4248
1 1080
2 5114
2 503
1 1407
2 1114
2 1956
2 5421
1 2325
1 2294
2 5495
1 5757
1 2547
2 5163
2 2292
2 978
2 100
2 3373
1 4881
2 4489
1 630
1 5
1 231
2 3046
2 4268
1 526
2 5922
2 334
1 3742
1 5465
2 3268
2 1195
2 647
1 5561
2 1218
1 2011
1 4374
1 3400
2 4901
1 5280
1 2574
1 5216
2 4186
2 2962
2 3351
2 2259
1 258
1 4777
1 1002
1 1252
1 4227
1 675
2 3321
2 5179
2 2197
2 5636
1 5988
2 245
1 2678
1 4017
2 2229
2 2081
2 167
1 4852
2 4165
2 1060
1 3053
2 4091
2 5269
2 534
2 4465
2 89
2 2534
2 803
1 4528
2 2803
2 3121
1 779
1 4171
2 245
2 5792
1 1219
1 5576
1 1258
2 1907
2 4434
1 4943
1 2775
1 5660
2 324
2 1598
1 4785
2 4659
1 4746
1 2646
2 2403
1 4819
2 200
2 2412
2 2105
1 2043
2 2694
2 2680
1 295
1 4398
2 1856
1 4489
2 3123
1 5059
2 918
1 1008
1 4006
2 1142
2 556
1 5680
1 4255
1 2069
2 3674
1 1156
1 1104
1 1667
2 4221
2 2841
1 367
1 1657
2 1541
2 2640
2 662
1 704
1 2918
1 1470
2 2260
1 264
2 2743
1 427
1 426
2 5508
2 1557
2 2726
2 4303
1 5212
1 4945
1 2431
2 140
1 2106
1 926
1 3372
1 65
1 2797
2 4884
2 5445
2 110
1 5545
2 1312
2 1256
1 2106
2 2997
1 2465
1 2469
1 1135
2 3532
1 1068
1 4483
2 844
2 189
1 2089
1 2969
2 4467
1 5290
1 3476
1 2742
2 1416
1 4012
2 1517
1 1882
2 5272
1 4590
1 5609
2 1867
1 1935
2 541
2 5199
2 4497
2 433
2 4143
2 3355
2 3001
1 4498
1 2537
2 1598
1 3766
1 4638
1 4935
2 3356
1 1627
2 3602
2 4616
1 2829
1 1491
2 944
1 1087
1 796
1 889
2 3615
2 276
2 1211
2 5488
2 3945
1 5649
1 1965
1 2301
2 3036
1 293
1 139
2 919
2 1561
2 2996
1 192
1 5694
2 3656
1 1284
2 173
1 5617
1 3905
2 1394
2 4869
1 2695
1 357
2 1803
2 3137
2 1719
2 3075
1 1092
2 3550
2 208
1 5971
2 3203
2 1914
1 2994
1 319
2 3955
2 4811
2 2354
1 4613
2 1731
2 4840
1 2634
1 4135
1 488
2 350
2 726
1 74
2 5095
2 572
1 3192
2 2522
2 236
2 2311
1 4326
2 549
2 3317
1 2343
2 839
1 2155
1 2647
1 4920
2 5817
2 2405
1 2841
2 2666
2 526
1 2939
1 5796
1 1506
2 394
2 3068
2 617
1 55
2 3015
1 1641
1 5387
1 5669
1 3713
2 2330
2 208
2 1725
1 2043
2 5224
2 245
2 5539
2 1080
1 2770
1 1111
2 4159
1 1346
2 5865
1 5178
1 5244
2 454
1 3683
2 5622
2 892
2 294
2 4427
2 3845
1 866
1 2406
1 2416
1 2630
1 919
1 752
2 722
2 4077
1 1142
2 2816
1 4456
1 785
1 2783
2 3336
1 828
2 5981
1 5256
1 1133
1 1228
2 5824
2 5143
2 888
1 1803
2 3260
2 4169
1 775
1 31
2 1594
1 1631
1 5193
1 4097
1 4389
2 5020
1 3989
2 5057
1 763
2 184
2 4916
1 863
2 2559
1 2911
1 5346
1 3026
1 2297
2 5443
2 3393
2 5604
2 4693
2 2550
2 5974
2 980
1 3872
2 241
2 4730
2 4115
1 4622
2 2032
1 4282
2 5448
1 2726
2 5539
1 2199
2 109
2 100
1 5246
2 5591
2 239
1 694
2 3754
1 1731
2 2705
2 4752
2 1970
1 4535
2 4538
2 4601
1 551
1 3381
2 5602
1 475
1 125
1 2546
2 5001
2 359
2 780
2 1287
1 401
2 1070
2 4479
2 1329
2 1391
1 2297
1 2424
1 673
2 1469
2 34
2 442
2 5581
2 2363
2 4185
1 1614
1 3037
2 2969
2 1888
1 159
1 2159
1 5103
1 5472
2 877
1 84
1 5557
1 1345
2 5070
1 641
2 3116
2 4773
2 4936
1 1823
1 4339
1 3566
2 5848
2 955
1 1394
1 740
2 4943
2 2358
1 3107
2 96
1 2655
1 3942
1 212
1 4915
1 2435
1 1523
2 1830
1 1120
1 3236
1 683
1 5217
2 1533
1 3732
2 2975
1 3054
1 2631
1 1623
2 2899
1 1531
2 1451
1 5573
2 3986
1 1227
1 685
1 2554
1 2280
1 2147
2 2405
2 134
2 1382
1 2030
2 3341
1 5246
2 2738
1 2650
2 1877
2 5433
1 5796
2 2009
1 5215
2 579
2 1418
2 4224
2 259
1 1117
2 68
2 5595
2 811
1 571
1 3881
1 2072
2 3576
2 4100
2 1041
1 4280
1 3852
2 1398
1 40
2 2417
2 5422
2 656
1 2721
2 1934
2 2441
1 2262
1 1489
2 4461
1 3517
1 4512
2 2544
2 1376
2 557
1 1179
1 4060
2 2621
2 1039
1 5111
2 1301
2 5230
1 2751
1 3687
1 226
2 4946
2 3788
1 2612
1 2634
2 4794
1 1177
1 4330
2 4892
1 4892
1 2142
2 5082
1 3736
2 5828
1 917
1 1830
2 2259
1 2046
2 2829
2 4425
1 3607
1 4957
2 5146
2 3644
2 689
2 5751
2 4883
1 1713
2 226
1 230
1 1698
2 3756
1 1726
2 5977
1 504
2 5285
1 2031
2 1217
1 4086
2 152
1 5571
2 1877
1 4997
2 2533
2 170
1 5870
2 207
1 769
2 5033
2 2652
2 5492
1 5074
2 1210
2 1855
1 4902
2 4967
1 3466
1 4878
2 2878
2 2542
1 4009
1 644
1 4980
2 3019
2 4557
1 5374
2 4362
2 2216
1 5648
1 2846
2 1154
2 511
1 733
2 5291
2 4036
1 818
2 4151
2 1838
1 601
2 1204
2 2178
2 2679
2 1266
1 2446
1 1656
1 3094
1 290
1 522
2 1238
1 5347
1 4800
1 3291
2 5740
1 1974
2 5846
1 2563
1 3744
1 1727
1 1780
1 812
2 747
2 4896
1 110
2 2512
2 347
1 1438
2 5689
2 3360
2 2655
1 660
1 3539
1 3649
2 143
2 143
2 5064
1 2442
2 3169
2 3779
1 3997
1 2071
2 2933
2 1652
1 1273
2 3578
1 1050
2 5038
2 5159
2 2325
1 4694
1 4478
2 3398
1 2705
2 210
2 4663
2 4760
2 2569
2 5835
1 2238
2 7
1 3199
2 5043
1 2110
2 539
2 3767
1 526
2 3445
1 3413
1 1047
2 5590
2 165
1 1255
1 5454
2 631
2 5139
2 5770
1 1866
2 4259
2 2571
1 2631
1 2927
2 5199
1 3451
2 4398
2 535
1 68
2 595
1 5298
2 4716
2 3167
2 3228
2 1723
2 992
2 3826
1 1582
2 2275
1 4838
1 3313
2 1832
1 5225
1 934
2 1605
2 4892
2 1985
2 4429
1 3260
1 4304
2 5682
1 539
2 1303
2 926
2 5126
1 1075
2 1435
1 4852
2 3886
2 2398
2 1201
2 1989
1 2299
1 1672
1 231
2 1095
2 4582
2 4546
1 5596
1 1619
2 3034
1 5758
2 4103
1 472
2 260
2 4086
2 5824
2 2216
2 650
1 3606
1 2901
1 1257
1 5249
2 4061
1 3735
2 2069
1 5893
1 4320
2 3659
2 1275
2 2581
1 3239
2 5178
2 4060
1 3492
2 702
1 3297
1 3375
1 5321
2 5749
2 97
1 381
1 4256
1 1040
2 2880
1 613
1 3431
1 1640
1 1702
2 5242
1 1170
2 2744
2 2481
2 5728
1 1095
2 3281
2 722
2 3586
1 3027
1 5670
2 2046
1 4927
2 51
2 2385
1 1342
2 4104
1 683
1 524
1 5487
2 756
2 5987
2 409
1 2690
1 413
2 229
1 4347
1 4477
2 4656
1 4033
2 1114
1 1544
1 4224
1 313
1 3683
1 81
1 1828
1 229
1 5430
2 3816
1 4212
1 5008
1 3446
1 3156
2 2864
1 2552
2 780
1 493
1 570
1 2066
2 5172
1 4304
1 775
1 4244
2 1183
2 5886
2 337
2 4858
2 4191
1 108
2 1848
1 5442
2 2878
2 341
1 5804
2 2463
2 2952
2 1395
1 2053
1 2506
1 1356
2 4954
2 1532
1 3932
1 351
2 861
1 4063
1 885
1 985
1 3511
2 2752
2 2216
2 1829
1 1636
1 119
2 1677
1 3877
2 1045
1 5467
2 5966
2 2237
1 143
1 125
1 2954
1 2451
2 1164
2 3470
2 1621
2 5158
2 1737
2 2515
2 5702
2 1523
1 919
1 3512
1 5048
2 3473
1 1722
1 4347
2 1305
1 710
2 429
1 5868
1 94
2 64
2 4219
2 3556
2 1949
2 381
2 2375
2 5195
1 2689
1 1763
1 4566
1 3967
1 2714
1 2970
1 5472
2 1092
2 4938
2 4525
1 802
2 943
1 905
1 5084
2 4415
2 1738
2 3218
1 3052
2 5146
1 1156
2 612
1 2517
2 893
1 1214
2 2274
2 2291
1 4710
2 1310
2 644
1 1271
2 3541
2 2063
1 4083
2 4899
1 3439
1 3775
1 17
2 3185
1 4334
1 3696
2 414
2 5197
1 5903
2 5448
2 1124
2 4966
1 226
2 3713
2 4156
1 641
2 157
1 5082
1 2295
1 1350
1 4169
2 5236
1 1718
2 80
2 3844
1 1382
2 1426
2 4433
2 3982
2 3465
1 5589
2 2925
2 5516
1 3564
2 4239
2 234
1 4744
1 3153
1 1202
1 1398
2 4734
1 1758
1 2982
2 785
1 4288
2 1022
2 2726
2 1711
2 3700
2 4333
1 5457
2 5303
2 1905
2 3232
1 2233
1 4615
1 3509
1 458
2 3112
2 5677
1 594
2 2712
1 4726
1 3503
1 3628
2 5734
1 4676
1 4868
1 1005
1 2183
1 1301
1 505
2 1377
1 754
2 1487
1 2541
1 1386
2 4863
1 1406
2 4118
2 2029
2 734
1 5282
1 554
2 5363
2 2417
2 12
1 4694
1 3978
2 2844
1 2900
2 2890
2 1121
2 4428
1 166
1 1147
2 527
1 2302
2 4241
2 4992
2 573
2 963
2 1863
2 2277
1 1991
2 3394
2 2495
1 4315
1 4223
2 3590
2 1062
2 1798
2 554
1 492
2 3642
2 4430
1 193
1 87
1 1165
1 2735
1 1601
1 5228
2 72
2 648
1 156
1 1926
2 966
1 3520
2 4278
2 4898
2 1461
1 5356
2 56
2 5444
2 2888
2 2554
2 1424
1 5328
2 1015
2 1338
1 3583
1 1938
2 4173
2 4608
1 5834
2 2200
2 4489
1 5875
1 3194
2 3922
1 2350
2 5072
1 5884
2 376
1 596
2 2840
1 5442
1 5828
1 5796
2 5134
1 5631
1 5540
1 5712
2 3098
1 4143
1 1034
1 2760
1 3865
1 2605
1 4748
2 2438
2 2458
2 3403
2 3492
2 2835
1 3250
1 5278
2 528
1 928
1 1449
1 3710
1 1523
2 3678
1 5356
1 3482
2 2978
2 518
1 5273
2 5107
2 3448
2 178
1 4885
1 653
1 3395
1 290
2 201
2 673
2 1989
1 1016
1 5281
1 3613
2 532
1 5468
1 5676
1 466
1 4218
1 2297
1 4814
1 5908
2 70
2 142
2 3633
1 3310
2 1033
2 1342
1 3920
2 1132
1 5337
2 3504
2 2603
2 895
2 4946
2 3552
1 2822
1 861
2 2944
2 2876
2 5338
2 5870
1 3414
1 2039
1 98
2 4144
2 1946
2 3498
2 5070
2 1476
2 4470
1 654
1 2772
2 1134
1 3801
2 4003
1 218
2 105
1 2052
2 5148
1 3182
1 721
1 4606
2 1905
1 2638
2 5399
1 1328
1 4204
1 1072
2 2320
1 3353
2 460
2 2491
2 2038
1 1564
1 5829
1 5388
2 2742
2 2797
1 3534
1 4642
1 5985
2 215
2 3154
2 1442
1 3515
2 4777
1 1232
1 916
1 4895
1 3492
1 4826
2 708
2 2521
1 1855
2 2617
2 3267
1 2362
1 5524
1 808
2 2915
1 1783
1 2640
1 1957
1 798
2 2170
1 3079
2 4771
2 5679
1 1872
1 349
2 2202
1 4471
2 393
2 1038
1 1893
1 298
1 3692
2 5975
1 627
1 2288
2 560
1 4954
1 4183
2 2149
1 116
2 3006
1 1225
2 3528
2 3912
1 2541
1 2419
2 1248
2 1313
1 436
2 5892
1 4546
2 3801
1 1447
2 4400
2 2812
1 2845
1 5482
2 973
2 5790
2 5021
2 2441
2 2584
1 427
1 2223
1 449
1 5214
2 2045
1 4365
1 2581
2 5412
1 4606
1 5314
1 3594
1 1392
2 3615
2 5793
1 2075
2 2173
2 5349
1 430
2 3526
1 3178
2 2567
2 4691
1 540
1 332
1 2546
2 2589
2 4389
1 5240
2 2213
2 3036
2 2474
2 2858
1 1302
2 4982
2 409
1 5792
1 2747
1 4724
2 1973
1 2623
2 1729
1 2468
2 307
2 4702
2 2568
2 2598
2 4367
2 2662
2 4884
2 4431
1 2772
2 1112
1 1918
1 5145
2 5383
1 1335
2 257
1 1952
1 4717
1 4009
1 4206
1 2758
1 2640
2 5195
1 1241
2 3296
1 4447
2 3082
1 5338
1 4136
2 2043
1 4474
2 3084
1 1081
1 682
1 2819
2 4273
1 4838
2 1111
1 255
2 3596
2 835
1 4960
2 301
1 2966
2 617
1 1847
2 2561
2 4938
2 1095
1 4194
2 370
1 5385
1 5356
2 524
2 1691
2 5718
1 5806
2 769
1 2187
2 3146
1 3014
1 5621
2 2308
1 1858
1 3041
2 1406
1 559
1 4540
1 1105
1 1317
1 775
1 5918
2 3706
2 489
2 4810
1 4463
1 5717
2 4653
2 4011
2 428
2 864
2 2165
2 866
2 980
2 4380
1 860
2 3595
1 1052
2 4302
2 433
2 3827
2 3116
1 623
2 2389
2 1086
1 2080
2 5853
2 1247
2 1123
2 4024
1 1911
1 5913
2 2894
2 3593
2 3796
2 2608
2 2781
2 313
1 1132
1 1975
2 836
2 1255
2 4189
2 5125
1 2586
1 3073
1 1000
2 4466
1 3001
2 1483
1 4194
2 414
1 4338
2 4575
2 612
2 1178
2 1382
1 2472
1 2635
2 5661
2 558
1 4533
1 4617
2 5905
2 900
1 1052
2 5937
2 1716
1 4744
1 4501
1 4703
1 5767
2 2268
2 27
2 382
2 3185
2 3769
2 895
2 768
2 4077
1 2391
1 2100
1 505
2 2536
1 1672
2 2467
1 5012
2 901
1 5390
2 1065
2 5661
2 4185
2 5297
2 724
1 2197
2 2223
2 2698
2 2042
1 4114
2 1828
1 1610
1 2162
1 5884
1 1436
2 228
2 5736
2 3905
1 76
1 574
2 2830
2 4386
2 3278
2 2629
1 2838
1 4180
2 1008
1 934
1 5353
2 5936
2 4389
1 4917
2 3043
1 2050
1 2738
1 2154
2 868
2 782
2 3874
2 2111
2 2224
2 5926
1 5347
2 1140
2 3584
1 4517
1 470
1 715
1 1759
2 1304
1 675
1 476
1 4574
2 5872
2 803
2 193
2 4785
1 4241
1 885
1 2843
2 4943
1 2182
2 1321
2 4460
1 3206
1 4075
2 5624
1 3563
2 1925
1 2113
2 2554
2 4275
2 4880
1 5821
2 4286
2 3012
1 367
1 5290
1 3510
2 2113
2 319
1 1042
2 2712
1 96
1 5744
2 5929
1 3006
1 5181
2 4181
1 98
2 1911
1 3735
1 567
1 3400
2 3764
1 2289
2 3507
1 2087
1 763
2 2339
2 631
2 784
1 1271
1 3015
2 2905
1 4936
1 4279
1 2988
2 2800
2 4809
2 4043
1 3958
1 2792
2 1664
1 5530
1 3676
2 4803
2 4109
1 3086
1 4840
1 5347
2 4774
1 3142
2 4331
2 2401
1 85
1 4163
1 2902
1 1977
1 5126
2 1692
1 2146
2 5947
1 1305
2 1418
2 3001
2 5579
2 486
2 108
1 1211
1 5250
1 4532
2 5941
1 5098
1 171
1 2864
1 3625
1 4607
2 1367
2 4813
2 1396
1 3267
1 1754
1 2446
1 2018
1 965
2 3771
1 1421
2 2584
2 4106
1 568
1 3544
1 1866
1 4569
1 2143
1 1039
1 2306
1 1755
1 5798
2 535
1 640
1 1746
1 469
2 1530
1 2228
1 1838
2 2599
1 5492
2 1878
1 1129
1 2668
1 1127
1 5902
2 2940
2 3722
2 137
2 2668
2 359
2 2391
1 1137
1 706
2 2094
1 3312
2 845
1 53
1 4039
2 4645
1 1727
2 2095
1 3949
2 4075
1 4603
1 3424
1 1967
1 361
2 3259
1 9
1 1793
2 4300
1 3707
2 1247
2 1866
2 5555
2 3453
1 4958
2 4725
1 4723
1 2790
2 2995
1 4849
2 820
2 5648
1 4593
2 208
1 162
1 1686
1 4941
2 2604
1 3725
1 3963
1 3794
2 637
1 2073
1 5523
1 5326
1 404
1 3679
1 3559
2 4306
1 1731
1 3882
1 1589
2 3846
1 1827
1 5259
2 2111
2 531
1 1869
2 5845
1 2664
2 1591
1 3153
2 2
1 4986
2 693
1 642
1 3917
2 802
1 2835
1 3464
2 2805
2 257
1 2330
2 2493
1 3072
2 509
2 1129
2 5968
2 1558
1 655
2 4225
1 37
1 1105
1 1603
1 938
2 4099
1 1860
1 1499
2 4974
2 1700
2 561
2 5164
1 1433
2 3609
2 2498
2 31
2 4303
1 1203
2 1761
1 3313
2 2885
1 2667
2 3695
2 5971
1 711
2 1036
2 3201
1 5931
2 2465
1 5187
2 4750
2 850
2 2022
2 2246
2 578
1 5524
1 1100
2 458
2 2126
1 707
2 5485
1 699
2 5190
1 4852
2 1576
1 3704
1 2786
1 4815
2 4638
2 3620
1 494
1 259
1 166
2 646
2 4282
1 2081
2 2633
1 474
2 2506
2 4237
1 1350
2 974
1 4391
2 5136
1 4335
1 1206
1 2060
2 3816
2 4827
2 5528
2 3370
1 902
1 2418
1 5265
2 1205
1 4366
2 4996
1 238
2 660
1 4987
1 4994
1 5699
2 5301
1 5993
2 3827
1 4984
2 374
2 713
2 2336
1 4327
2 3117
1 5793
2 185
2 1088
2 2002
1 1817
1 4654
2 2453
2 1392
1 559
1 4999
2 5550
1 359
1 4868
1 508
1 3574
2 1692
1 4269
2 1517
1 2235
2 5831
1 3042
2 1051
1 402
1 1749
1 18
1 173
2 1345
2 1396
2 381
1 3517
2 5268
1 5082
1 1817
1 2985
2 5209
2 1182
2 4350
2 850
2 1140
2 1100
2 1914
2 2576
2 379
1 2405
2 4541
2 3340
1 2026
1 3357
2 1198
1 3812
2 3728
1 5628
1 5397
1 1642
2 304
1 1486
1 4990
2 3893
1 3778
1 3619
1 4908
2 3183
2 3584
1 1295
1 5908
1 3382
2 3097
2 2987
1 3342
1 3947
2 497
1 3026
2 2728
2 2438
1 5791
2 4277
1 5474
1 880
1 334
1 1287
1 4947
1 4007
1 4972
1 4226
1 2082
2 5214
2 4366
1 4848
2 3646
2 1754
1 250
2 1699
1 4039
1 5494
1 715
2 4270
1 50
1 2160
2 897
2 1785
1 249
2 3050
2 4446
1 929
2 2697
2 2314
1 3642
1 3285
2 5602
1 5482
2 2592
2 954
1 5691
1 2776
1 5535
1 953
2 5979
1 295
2 1626
1 5020
1 1105
2 1981
1 4809
1 212
1 668
1 995
1 182
1 902
2 1076
1 4952
2 5904
2 5561
2 1376
2 3182
2 4219
1 2185
2 365
2 4315
2 941
2 199
1 4477
2 1113
2 4818
2 3447
2 4454
1 4711
2 2906
1 5521
2 4351
1 102
1 2582
1 33
2 406
2 572
1 3119
2 3047
2 5773
2 5845
1 3423
1 3239
2 5736
1 3773
1 3030
2 4985
2 1713
2 5447
2 966
2 4251
2 1429
2 169
2 3543
2 1098
2 3268
2 3357
1 2340
1 5469
2 644
1 4018
2 2652
2 5722
2 846
1 4697
1 2273
2 3839
2 3904
1 217
1 2765
2 3242
1 1945
2 5052
1 4728
1 1409
1 4096
2 1023
2 35
1 2044
2 4334
2 101
1 225
1 2037
1 735
1 3989
1 456
1 4447
2 1526
1 4951
1 404
1 4876
2 1286
2 2523
2 2261
1 2037
1 265
1 3762
2 2428
1 2470
1 3100
1 5219
2 4177
2 4223
1 5697
1 5544
1 2768
2 1461
1 4908
2 3950
1 5832
2 2639
1 4694
2 3017
2 843
2 1769
1 4446
2 4269
1 305
1 628
2 3187
1 3478
2 3108
1 1604
2 2091
1 433
1 4069
2 3025
1 719
2 3361
1 4085
2 647
1 2652
2 3499
1 3405
2 1798
1 5155
1 1097
2 1064
1 5522
2 1002
1 5723
1 4180
1 2755
2 2634
1 1218
1 2356
1 4823
2 1871
1 3123
1 4096
2 2875
1 5035
2 3674
2 931
1 2742
1 1779
2 5572
1 28
1 3630
2 4240
2 1940
1 5742
1 5633
1 527
2 5359
2 3649
2 5853
2 2529
2 4640
1 3822
1 4872
2 1596
1 1589
2 3527
2 2297
1 5608
2 4576
1 3149
2 2189
2 4243
2 4278
1 5687
2 2500
1 1774
2 3123
2 738
2 4529
2 2062
2 3381
2 1243
1 413
2 5244
1 5565
2 2438
1 1380
2 4149
1 1953
1 955
1 3430
2 3946
1 1180
2 2564
2 4408
2 1825
2 5948
2 97
2 3248
2 4690
1 3811
1 5988
2 1709
1 4107
2 3847
2 3317
1 269
2 2189
2 1026
2 5007
1 2517
1 3965
1 1219
1 5665
1 5852
1 3460
2 1147
2 5134
2 3456
2 5486
1 352
1 1757
2 720
2 5151
2 877
1 1962
1 1408
2 5369
2 4816
2 2339
2 2281
1 1336
2 2331
1 3259
2 2678
1 4390
2 2325
1 2379
2 2264
1 4215
1 3270
1 2604
2 4946
2 895
1 5294
2 3166
1 4973
1 2070
2 286
2 2404
1 2278
1 427
1 476
1 1638
1 3227
2 3502
2 3508
1 2302
2 3538
2 1365
2 594
1 11
2 1378
1 4152
2 2393
1 3730
2 4168
1 5941
2 5056
2 1111
1 3715
2 4636
1 287
2 2008
1 905
2 5876
1 5894
2 931
1 1024
2 340
2 4662
1 1978
1 4645
2 1243
1 630
1 4262
2 1912
2 745
2 4000
1 5026
1 5309
1 2260
2 529
2 2028
1 445
1 2596
2 2332
1 3015
1 2708
1 5686
2 3768
1 2139
1 4241
2 4157
1 1197
1 1315
2 2328
2 5852
2 2763
2 4062
2 3027
1 5150
2 5572
1 2127
2 3741
2 1054
2 3965
1 2446
2 2278
1 239
2 2129
1 4421
1 5618
2 422
1 1021
1 915
1 1465
1 2971
2 3941
2 3420
1 136
2 4939
1 109
2 470
1 2303
2 5561
1 1969
2 3006
2 3842
2 2312
2 958
2 1281
2 2232
1 530
2 1463
2 1348
2 3134
1 3365
2 2785
2 2621
2 1749
2 3729
2 2055
2 2391
1 1744
1 5067
2 2855
2 49
2 4343
2 3501
2 5090
1 3792
2 4982
2 3395
2 1040
2 5193
1 3519
2 784
1 186
2 4712
2 5380
2 2967
1 3454
2 3692
1 1662
2 5362
2 1167
1 3447
1 2009
1 4062
1 5778
1 3603
2 5365
1 2573
2 3554
2 1992
1 4582
1 5795
1 2893
1 263
2 1829
1 794
1 2501
2 3667
2 1086
1 5135
1 2672
2 2082
1 352
2 1378
2 3816
2 145
1 2031
1 73
2 3307
1 477
1 5029
2 445
1 3596
1 1386
1 4397
1 651
1 2481
2 3056
2 4551
2 4517
1 4787
1 1897
1 5415
2 5823
2 4689
1 2164
1 293
2 2771
1 5581
2 4662
1 3438
1 3853
2 2733
1 5763
1 1650
2 2511
1 1211
2 5401
1 5268
1 1806
2 726
2 2742
2 2430
2 4659
2 5583
1 4972
2 250
2 4252
2 1581
2 5333
1 4345
2 920
2 2297
1 2393
2 3136
2 3518
2 2338
1 4281
1 4022
1 39
2 4586
2 3079
1 1416
2 4095
2 104
1 2475
2 5413
1 504
2 3108
2 4497
2 1410
1 3191
2 3070
1 5206
2 1271
1 2037
1 39
2 1166
2 2368
2 367
2 1846
1 5328
2 2173
2 5527
1 708
2 4920
1 1027
2 5328
2 5393
1 3060
1 1385
2 54
2 3853
2 3768
1 779
2 5556
2 4511
2 843
1 2490
2 5756
1 4322
2 4759
1 4698
2 403
2 5011
2 973
2 3650
1 5458
1 1332
1 2542
2 1168
1 2886
2 2732
1 4627
1 3539
2 3696
1 5333
2 4231
2 3983
1 3622
2 1484
2 727
1 5900
2 5888
1 5173
2 265
1 3367
2 316
2 68
1 5106
2 3344
2 2587
1 3589
1 2669
2 1450
1 466
2 5141
2 5995
1 4510
2 2186
2 2839
1 2062
1 2985
2 80
2 5776
1 894
1 5401
1 3173
1 2331
2 4532
1 516
2 1615
2 3397
2 5729
1 5937
2 998
1 418
2 184
1 5709
2 72
2 5270
2 2655
2 4823
1 934
1 1261
2 1859
2 3140
1 2788
2 901
2 4609
1 412
1 1405
2 926
2 3533
1 4235
2 301
1 4897
2 1711
2 1265
1 4085
1 3478
2 3345
1 1058
1 3675
2 1995
1 1827
2 3015
2 5991
1 4308
1 3063
2 3643
1 135
1 4694
2 965
2 1695
1 3579
1 2539
2 2039
2 2087
1 1930
1 5649
2 3534
2 3835
1 2844
2 3739
2 5916
2 2486
1 1053
1 1631
2 4744
2 3322
2 2640
1 4166
2 2109
1 3354
2 4250
1 1295
1 3931
1 271
1 1555
2 2252
2 1285
1 163
2 201
2 1603
1 5425
2 505
1 2460
1 1774
1 843
2 531
2 531
2 2059
2 1874
1 5803
2 917
1 4877
2 3785
1 3387
1 993
2 1434
1 2808
2 4612
1 1735
2 939
1 1113
1 5835
1 4941
2 463
2 1803
2 2455
1 5531
2 2504
1 850
2 5413
1 1582
1 4109
2 2277
2 4788
1 3129
2 3702
1 1214
2 25
2 2383
1 723
1 814
2 796
2 3658
2 3253
1 5334
1 1273
1 3624
1 3075
2 2335
1 3024
1 3577
2 726
2 2259
2 3477
1 2498
2 749
2 1122
2 705
2 1373
1 3403
1 5679
2 1615
2 3975
2 3940
2 144
2 5856
2 752
1 5907
1 785
2 5576
1 894
2 4615
1 4992
2 3374
2 5947
1 1698
1 1906
2 1328
2 5298
1 8
2 4910
1 3133
2 5062
1 534
1 5373
2 3481
1 4987
1 4552
2 881
1 2540
2 4155
2 738
1 4234
2 2147
1 2691
2 3208
2 3266
1 1710
1 3651
2 1590
1 5266
1 3968
2 2625
2 4025
1 3594
2 5250
1 1046
2 1891
2 1694
2 1584
2 288
1 235
1 2196
2 2827
2 5166
1 4523
2 3591
1 3589
1 3160
1 3889
2 3526
1 2328
1 2868
1 4382
1 437
2 1232
1 194
2 2410
1 5035
2 1196
2 993
1 2638
2 291
2 209
1 1447
2 4696
2 4956
2 215
1 1373
1 3899
1 5272
2 3994
1 2480
1 5980
1 2241
1 1146
1 4018
2 470
2 5967
2 5467
1 1847
1 1158
2 2051
1 1590
1 3817
1 5056
1 3056
2 5782
1 1028
2 889
2 924
1 5548
1 4330
1 2251
1 339
2 1852
1 688
2 5684
1 564
2 3981
2 3423
1 167
1 2834
1 589
2 3380
1 4009
1 5013
1 4283
1 3825
2 4069
2 1943
2 395
2 1034
1 3609
1 2135
2 3461
1 2456
1 167
1 4473
2 1254
1 4890
2 2373
1 2324
1 2845
1 5599
1 1245
2 738
1 5136
1 220
1 1198
1 4756
1 645
1 4380
1 5993
2 956
1 2089
2 2108
1 244
2 3792
2 2508
2 1483
2 3562
2 1038
1 2499
1 2320
2 1642
2 5538
2 693
1 1395
1 1204
2 1922
1 1023
2 1090
1 2511
1 1475
1 3088
2 1582
1 3893
1 3505
1 2381
1 3372
1 1829
1 3483
1 3614
2 3973
1 1824
2 1364
2 3758
1 2166
2 1756
1 1779
2 2479
1 1968
2 3109
1 1924
1 3061
2 2921
1 2039
1 5941
1 2422
1 5321
1 2805
1 2090
2 2081
1 4094
2 2261
1 1001
1 3123
2 2217
1 5010
1 3967
1 1827
1 4015
2 2249
2 1849
1 215
2 5385
2 2492
2 5100
1 4317
1 5444
1 5698
1 3789
2 2772
2 2641
1 2020
1 1657
2 3744
2 4438
2 1666
1 2335
1 1401
2 4843
2 4460
2 2209
1 2572
2 3214
1 969
1 5143
1 4184
1 1056
2 564
1 4140
1 2259
2 2709
1 586
2 574
2 2931
2 5112
2 909
1 5122
2 5029
1 3445
2 1140
1 1486
1 4505
1 5245
1 1689
2 4910
2 1828
1 853
1 1305
2 400
2 3533
1 1880
1 4040
2 664
1 5952
1 4144
2 4667
1 1292
1 3118
1 5265
1 2907
1 5352
2 5451
1 4863
1 3512
1 1995
1 2783
2 802
1 5908
1 4777
2 4614
2 4057
2 468
2 2455
1 256
1 3908
2 1891
1 3202
1 5441
1 3000
1 591
2 1896
2 1570
2 5039
2 3801
2 2989
2 4366
2 5430
2 1161
2 5688
2 1158
2 5166
2 2008
1 4084
2 4189
2 2267
2 852
2 4063
1 3021
2 488
2 1168
2 3486
2 1104
1 2016
2 1521
2 4359
2 2680
1 838
2 3554
1 3973
1 5864
2 1631
2 305
1 504
2 1880
2 547
1 4384
2 4802
2 805
2 3535
2 2485
2 187
1 1151
1 4694
1 4218
1 3966
2 713
1 3563
2 4349
2 5882
1 668
1 1816
2 4753
1 4595
2 2452
1 5211
2 1452
2 14
1 2049
1 1700
1 3687
1 4280
1 4760
2 4808
2 81
1 3983
2 5984
2 3937
1 5276
2 5639
1 5877
2 5772
2 1982
1 3798
2 4328
2 3865
1 5505
2 4712
1 2109
1 3310
1 4291
1 2173
2 2204
2 1285
2 3111
1 1062
2 689
1 1913
2 4563
2 4620
1 4556
1 5933
1 448
1 3257
2 2641
1 517
1 3934
2 477
2 5017
2 971
1 4349
2 1114
1 4575
2 5835
2 3380
1 1144
2 1540
2 3383
1 3453
1 1186
2 5083
2 4149
1 887
1 1271
2 4190
1 2076
2 5539
2 5930
1 3767
2 3242
2 4776
2 5458
2 472
2 4433
1 2383
1 3962
2 1172
2 1893
1 5496
1 50
1 499
2 3952
1 627
1 5997
2 1042
1 5038
1 2791
2 5233
2 16
2 2801
1 2799
1 4634
2 4722
1 638
2 1496
1 664
1 1568
2 686
2 1252
2 2924
2 486
2 3935
1 394
1 2494
2 5221
1 2176
1 1652
1 1834
2 4095
1 3848
2 5551
2 79
2 4798
2 2336
1 1215
2 3439
1 4734
2 5844
2 712
2 3922
2 5374
2 518
2 1126
2 1618
2 3731
1 4187
1 790
1 3152
2 2900
2 3996
2 2778
2 4622
1 5263
1 2646
2 569
2 3778
2 5843
2 5291
2 797
2 394
2 3844
2 4287
1 500
1 5091
1 4667
1 4731
2 2367
1 5440
2 1795
1 4029
1 2486
2 4217
2 1309
2 1622
2 402
2 2921
2 2732
1 3819
2 129
2 223
1 2666
2 1573
1 5334
1 1214
2 3665
2 2881
1 3142
1 3742
1 2995
1 3985
1 4444
1 1080
2 930
2 3657
2 822
1 5998
1 9
2 3826
2 4725
1 1153
1 1217
2 4826
2 5377
2 5976
2 2205
1 1282
1 3747
2 3872
1 4895
2 4943
1 186
1 2982
1 656
2 762
2 2982
1 2047
2 876
2 3760
1 2496
2 4432
1 4483
1 3922
2 3136
2 1414
1 3018
2 3558
2 2453
1 1328
2 1576
1 2692
1 5009
1 2576
1 1609
2 778
2 2730
1 974
1 3758
1 2281
2 1594
2 949
2 2075
1 2117
1 2319
2 612
1 584
2 3129
1 3404
2 542
2 3696
1 2785
1 5703
2 5818
2 4965
1 4542
1 3801
1 2836
2 1851
2 1206
2 641
1 5994
2 504
1 2321
1 625
1 2095
1 2730
1 349
2 1503
2 1068
2 2353
2 5323
2 3062
1 3786
