7000
1 1976
1 1215
1 202
1 6985
1 3777
1 6788
1 2664
1 1277
2 5078
1 3846
1 2915
2 4179
1 2481
1 1742
2 448
1 4632
1 5860
1 6737
2 3019
2 2754
2 1314
1 2785
2 2831
1 1478
1 420
1 1083
2 3114
1 496
1 2453
2 4192
1 4119
2 3094
2 4455
2 4332
1 3195
1 2054
1 4411
2 538
2 440
1 1978
2 3285
1 678
1 2205
2 2947
1 453
2 2265
2 235
1 6476
2 792
1 6832
2 6602
1 2291
1 4605
2 4773
2 962
1 2875
2 2208
2 445
2 6755
2 6884
1 1674
1 2056
1 2117
1 5969
2 4215
2 6573
1 1736
1 921
2 4814
1 4491
2 4566
2 2688
1 6037
2 937
1 3724
2 707
2 6155
2 935
2 3476
1 2655
2 2076
2 858
1 4558
2 5594
2 4433
1 2892
2 5810
2 288
1 6701
2 5746
1 5304
1 6239
1 1480
1 1236
1 2257
2 2428
1 2344
2 1496
2 4419
1 5540
1 6931
2 1448
2 5721
2 4132
2 2135
2 2127
2 1544
1 5890
2 10
1 5800
2 4795
2 4841
2 226
2 6799
1 4135
1 4345
1 3630
1 1830
1 2248
1 100
2 6123
1 3914
1 5491
1 1186
1 6720
1 3667
2 2890
2 2798
1 4546
2 1279
1 915
1 6247
2 5857
2 4288
1 1737
2 6888
1 5993
2 6369
1 5817
2 3544
2 6826
2 917
1 3734
2 1322
2 2137
1 488
1 966
2 4070
2 3253
2 4196
1 2995
2 4079
1 4618
2 3029
1 2427
1 5963
1 1393
1 4133
2 4752
1 3559
2 4910
1 6177
2 2352
2 528
1 5768
2 275
2 1758
1 2146
2 6413
2 4166
2 5848
1 2101
1 4492
2 1333
2 2223
1 1539
2 5321
1 2140
2 4834
2 5683
1 3900
1 676
2 2459
2 2378
2 1410
1 1788
2 2840
1 2196
1 6579
2 6803
1 3659
2 1343
2 6907
2 5135
2 635
1 1953
2 6225
2 4825
1 6153
1 4485
2 4114
2 2406
2 323
2 3146
1 3815
1 5104
1 6501
2 3011
1 5210
1 1891
1 2139
2 5176
1 1862
2 3112
1 4128
2 5995
2 2876
1 3501
2 4378
2 1893
2 1511
1 6763
2 348
2 1863
1 6857
1 5407
1 6891
2 1009
2 4707
2 5202
2 3065
2 5094
1 6361
1 5594
1 4013
2 5573
2 6219
1 1510
2 2264
2 3410
2 1549
1 1189
1 129
2 5995
1 2504
2 4727
2 6875
2 316
2 6007
2 4635
1 4234
1 2908
1 2803
2 5647
2 4938
2 1749
2 6000
2 2939
1 3792
1 2032
2 3006
1 5055
1 2094
1 4551
2 2104
2 1848
1 6371
2 1736
1 1208
2 2912
2 521
2 561
1 6001
1 1634
1 6205
1 4134
1 6580
1 826
2 2723
2 1109
2 3179
2 5963
2 4519
2 3251
2 5921
1 5543
1 3861
1 1947
1 656
2 4986
1 2162
1 6974
1 834
2 5647
1 3152
1 3582
2 1145
1 2674
2 5934
2 4531
1 6743
2 5285
1 3198
1 3598
1 6846
2 2443
2 4382
1 5272
1 992
1 5632
2 2008
2 756
1 5385
1 3950
2 497
1 777
2 6480
1 3617
1 2469
2 6089
1 1298
2 2725
2 3745
1 3940
1 2519
1 3627
1 4072
2 230
2 1667
2 5727
2 5855
1 1540
2 5326
1 4757
1 305
2 5579
2 3981
1 751
2 2060
2 938
2 2726
2 2984
2 1522
1 1027
1 232
1 6677
1 1281
1 5262
2 4713
2 6423
1 1499
2 5885
1 4245
2 5947
2 2830
1 1881
2 5238
2 257
1 2533
2 2220
1 6471
2 3744
1 4973
1 5965
2 3151
2 4304
2 770
2 4175
2 6684
2 239
1 6488
1 3506
1 3454
2 4573
2 137
2 1305
2 3480
2 1071
1 1829
2 562
2 698
2 4128
2 1534
1 4969
1 5970
2 3291
1 3392
1 669
1 6318
2 3955
2 5599
2 3130
2 6739
2 3612
2 1673
2 317
2 1490
1 55
2 4135
1 1675
2 3085
2 273
2 1832
1 42
2 1390
1 6004
1 3574
1 1126
2 2737
1 2213
1 4255
2 918
2 1669
1 3284
1 3310
1 6820
1 559
1 2320
1 2255
2 4489
2 5471
1 1984
2 3951
1 3382
2 3041
2 5067
1 4025
1 332
1 1765
2 6752
1 5026
2 518
1 232
1 4839
1 4574
1 2921
2 2208
2 4967
2 6240
1 4339
1 6764
2 4029
2 3823
1 1953
2 1009
1 3596
1 2643
1 767
2 5486
1 3439
2 5628
2 1443
2 2258
2 224
1 2419
1 1323
1 2792
2 5765
1 5951
1 291
1 3018
2 3990
2 2986
1 5223
1 251
1 3768
1 3649
1 1440
1 1891
1 6301
1 4624
1 1246
1 5399
2 601
1 107
1 6443
1 3415
2 2078
1 5038
1 6824
2 3070
1 4674
2 3334
1 5253
2 5621
2 2476
2 5685
2 2142
1 6561
1 5442
2 5986
2 6393
2 1904
2 6510
1 6943
2 6465
2 960
1 1044
1 1538
1 3509
1 3576
2 3230
2 2364
1 2697
1 404
1 4624
1 2373
2 476
2 4502
1 5436
2 6310
2 5089
1 3783
2 4199
2 1581
1 6255
2 5890
1 2851
2 4580
1 4185
1 5530
2 3987
2 2819
2 3686
1 2231
2 1210
1 6906
2 4297
2 1950
2 500
1 3407
1 5122
2 5781
2 2826
2 5182
1 5996
1 387
1 643
1 5732
1 3061
1 6733
2 1454
2 195
1 1273
1 1714
1 41
2 4193
2 4167
2 5009
1 381
2 1249
1 5642
2 4733
1 3671
1 1984
2 602
1 656
2 2528
1 4801
2 5625
1 5805
1 3886
1 274
2 2726
2 4644
2 2778
2 485
1 989
1 106
2 6120
2 5144
2 589
1 5727
2 6066
2 1277
2 3776
2 2566
1 4373
2 1147
2 3327
1 304
1 3482
2 3059
2 2324
2 121
2 1846
1 2171
1 957
2 3218
1 2131
1 4638
2 3504
1 2885
2 1036
2 4002
1 6313
1 916
2 3461
2 5761
2 5982
2 1171
2 3369
2 2721
2 2532
1 1713
2 4826
2 3293
1 1775
2 427
1 1221
1 5497
2 3454
2 2953
2 1651
2 5153
2 1956
1 1495
2 3017
2 1915
1 3952
2 4341
2 5224
1 1344
1 2606
2 2471
1 2934
2 1144
2 564
2 4734
1 4795
2 3651
1 3822
1 5341
1 5085
1 728
2 4514
1 6541
2 1901
2 4594
1 3669
2 3537
2 4992
2 2453
1 1884
1 1051
1 3302
2 5366
2 2580
2 37
2 2606
1 2136
2 1634
2 5297
1 937
1 1464
1 2987
1 2226
2 6410
1 3562
2 238
1 2848
2 4620
1 6874
2 5813
2 2456
2 580
2 3508
2 4544
1 1674
2 1611
1 5612
2 1170
2 3449
2 4478
1 2839
1 5338
2 3542
1 2701
1 6143
1 2690
2 5549
2 4815
2 3907
2 4668
1 5279
1 4012
2 6621
2 6784
1 6662
2 6218
1 42
1 6247
2 3164
1 929
1 2838
2 1804
2 1277
1 2551
2 1557
2 5245
2 1496
1 1125
2 2467
2 4910
1 3634
1 4855
2 3629
2 1918
2 2986
1 5728
2 550
1 329
1 2214
2 5067
2 3379
1 5404
1 5557
2 1043
1 2359
1 52
2 1676
2 1421
2 4983
1 887
2 1665
2 5257
2 2031
2 5329
2 1178
1 5077
1 1452
2 4625
2 3703
1 4761
1 2896
1 1834
2 5180
2 4148
2 1649
1 578
1 6096
2 4413
1 2498
2 3222
1 6833
1 5331
1 6088
1 2740
2 2789
2 4542
2 4606
1 6231
1 1314
2 771
2 4634
2 3535
2 6256
1 1596
2 1094
2 1774
2 1385
1 2086
1 3223
1 2772
1 1680
2 153
2 2714
1 2572
1 4559
1 2764
2 5338
1 5653
1 663
2 174
1 587
1 2411
1 1356
2 1030
1 1490
2 3027
1 783
2 1099
2 3370
2 1842
2 706
2 1101
2 1625
2 5718
2 3687
1 4019
1 5745
2 6907
2 6042
1 3890
1 4216
2 2463
1 122
2 3388
2 4889
2 3607
2 2860
1 3495
2 2288
2 2864
2 5167
1 3506
2 1729
1 3390
1 4817
1 1132
2 2122
1 393
1 961
1 996
2 2812
2 5555
1 6899
1 6394
2 3510
1 6116
1 6328
1 980
1 3394
2 6110
2 371
1 2186
2 4159
2 1553
2 1645
1 4635
2 3309
1 6032
2 1017
1 6749
1 940
2 1314
2 5169
2 4057
2 3757
2 4202
2 6167
2 5525
2 1903
1 5959
2 4597
1 56
2 2475
1 1196
1 3254
2 4250
1 1153
2 5489
1 3466
1 4321
1 4529
1 3385
1 4750
1 5053
2 394
1 5050
2 4249
1 1213
2 639
1 4096
1 2657
1 1319
1 653
2 723
1 2612
2 860
2 4350
2 804
1 1207
2 2481
1 6369
2 4619
2 6114
2 3792
2 6519
1 132
1 1586
1 885
2 4336
1 4750
2 5237
2 2497
2 1020
2 651
2 2170
2 4187
1 6955
1 1579
2 3247
1 1754
2 4766
2 1128
1 1713
1 1612
2 5099
2 659
2 4056
1 6794
1 3572
2 774
2 4351
2 3353
2 4976
1 192
2 6784
1 3562
1 2721
2 4956
1 4022
1 4899
1 1693
2 4658
1 626
2 2581
2 5893
1 4140
1 1239
1 5132
2 2417
1 5378
2 1406
1 6114
1 6890
2 3143
2 4042
2 3420
1 1870
1 842
2 6981
1 4659
2 6103
1 70
1 2169
2 1180
1 5493
2 5875
1 5800
1 2344
1 2240
1 1571
1 3613
2 6277
2 3006
2 3893
1 6768
1 4795
1 1483
1 4005
1 3718
2 4353
2 5276
1 5073
1 1038
2 1925
2 5363
2 4238
2 1349
1 2383
1 4174
2 3377
1 6179
1 2567
1 2776
1 1503
1 6844
2 314
2 1839
1 6717
1 2201
1 1033
2 6852
2 6264
2 4716
2 6618
2 6142
2 983
2 1183
1 6981
2 5582
2 2012
2 1981
2 5160
1 3644
2 5671
1 4911
1 5276
1 3154
2 891
1 3953
2 3830
1 1836
1 983
1 1363
2 4319
2 5270
2 5798
1 177
1 3028
2 6854
1 4151
2 1875
2 4838
2 6717
1 2710
1 381
1 370
1 6882
2 1305
2 5775
2 6827
1 3063
2 6779
2 2254
2 6251
1 2018
2 5029
2 6106
2 1566
2 5614
1 1200
2 6095
1 5632
2 1063
2 228
1 6092
2 4025
1 6649
1 3997
1 1350
2 4440
2 154
1 6760
1 6398
1 2885
1 1379
1 194
2 2271
1 5670
1 860
1 5922
1 4761
2 2171
1 6645
1 3842
1 6145
2 3938
1 4741
1 1153
2 4854
1 2115
2 1711
2 6412
1 1861
1 1349
1 5679
2 3369
1 1310
1 5487
1 4594
1 3826
1 6165
1 6824
2 6348
1 6440
1 658
1 2920
1 4231
1 1158
2 3130
2 2965
2 4859
1 6210
1 3812
2 2471
1 3736
1 6583
1 6180
2 3915
2 4541
1 3669
1 6003
1 1860
2 1261
1 3623
1 6189
2 621
1 5661
2 436
2 3114
2 5353
1 3935
2 5864
2 5805
2 531
1 5050
1 4776
2 4696
2 5534
1 816
1 3121
1 5390
1 5623
2 511
2 697
2 5912
2 3334
1 56
2 2772
2 3969
2 2496
2 1299
2 5816
1 554
2 4816
2 537
2 3314
1 3934
1 4009
2 2296
2 5455
1 1678
2 117
1 2354
2 3532
1 839
2 1834
2 2103
2 967
2 3703
1 8
1 4526
2 3755
1 1796
2 1092
1 6832
2 2064
1 197
1 4680
1 4014
1 1024
1 5735
1 5376
1 1742
2 987
1 2585
2 3687
2 4585
2 2116
1 800
1 152
1 4328
2 3994
2 1332
1 5197
2 6915
2 6944
2 3449
2 3620
1 656
1 3293
2 1184
2 3164
2 5674
2 884
1 4011
1 2740
2 3223
1 4069
2 3956
1 2117
2 2865
2 875
2 3854
2 1868
2 981
2 884
1 5330
1 5025
1 4912
1 973
1 4876
1 3610
2 1581
1 5003
1 4020
1 856
2 6064
1 2522
1 4669
2 3392
2 1782
2 6186
1 1097
1 4284
2 5883
1 3645
2 315
1 552
1 3931
1 626
1 3788
2 5102
1 6945
2 3942
1 87
2 2434
2 3515
2 1437
2 4404
1 5998
2 2099
1 3517
1 5633
2 791
1 2496
2 1356
1 68
1 2510
1 2099
1 4845
1 2682
2 3273
1 3866
1 1999
1 6948
1 6191
1 2465
2 5093
2 2373
1 591
1 124
1 6495
1 2981
2 4474
2 6046
1 2759
1 3040
1 3388
1 6685
1 350
2 4504
2 6159
1 1348
2 6229
2 4159
1 3720
1 3895
1 4236
2 5422
2 1888
2 4467
2 2870
1 5057
1 764
1 5747
1 3626
2 6160
1 398
1 1812
2 2900
1 5159
1 2378
1 6050
1 6354
1 2135
1 153
1 1272
1 3712
1 2708
1 889
1 989
2 5013
1 3780
1 443
2 3545
2 3203
1 1390
1 5804
1 2756
2 1747
1 5641
2 5173
2 6232
1 4175
1 2976
2 2755
1 3578
1 885
1 2541
1 4031
2 5700
1 4123
2 1875
2 207
1 1110
1 965
1 4539
1 4283
1 880
2 3801
1 5464
1 5553
1 2538
1 1668
1 2162
2 2402
2 2125
1 2690
1 951
2 2835
1 5135
2 5377
1 437
1 1861
2 2842
1 4718
1 4009
1 6749
1 2893
1 6976
1 1980
1 1300
2 2058
1 3896
2 6265
2 600
1 4319
2 5239
2 1560
1 5017
1 3741
2 176
2 3533
1 6541
2 4060
2 4706
2 4802
2 2205
2 2437
2 5783
2 3777
2 6989
1 1006
1 695
1 1139
2 368
2 3594
2 310
2 3803
1 866
2 2382
1 6945
2 1284
2 2332
2 1893
2 45
1 1991
1 388
2 4309
1 3705
2 5718
1 2730
1 4112
1 3839
1 1060
2 164
2 668
2 2599
2 4626
2 6402
2 5219
1 1963
2 1724
2 4523
2 1195
1 3652
2 4921
1 1959
2 3935
2 908
2 2927
2 1378
1 3116
2 2226
2 4109
1 872
2 133
2 6473
1 5335
1 3555
1 3864
2 4273
1 6149
1 2110
1 5631
2 4941
2 4268
2 1654
1 3856
1 2739
2 6788
2 2931
1 4053
1 4095
2 496
2 5380
1 4909
2 120
1 2113
1 5512
2 1697
2 2322
2 6564
2 3406
2 3480
1 3634
2 263
2 2278
1 5555
1 2237
2 2192
2 6934
2 5617
2 705
2 3606
2 3230
2 4788
1 5250
1 3301
1 2555
2 3970
1 599
2 4215
2 5344
1 1910
1 1658
2 1182
1 584
2 1972
2 3820
1 6426
1 830
1 6024
1 5278
1 1281
2 2221
1 6776
2 3369
1 2634
2 296
2 1318
2 1240
2 4074
2 507
1 5351
2 912
2 1224
1 4080
2 454
1 6383
2 6616
1 3796
2 5505
2 3570
1 2059
1 3807
2 1907
1 2749
1 2484
2 4543
2 825
1 2551
2 3421
1 790
2 3285
1 5587
1 1497
1 2175
2 4694
2 2712
1 5799
1 285
1 3198
1 1305
1 3877
2 2108
2 930
2 3423
2 6755
2 6966
1 885
2 3106
2 2124
2 4224
1 3574
2 2660
1 5016
1 2642
1 4478
1 1614
2 3260
1 6050
1 827
2 5568
2 2041
1 6657
1 2623
2 6206
2 3009
1 5541
2 537
1 5630
2 1645
1 2989
2 6123
2 4571
2 1650
2 6489
2 2138
2 2148
1 103
2 5111
1 2722
2 6573
2 5281
2 6999
1 2672
1 2725
2 3935
2 1248
1 973
2 4119
1 4446
2 5512
1 5650
2 3210
2 1846
2 1080
1 1870
1 713
2 1771
2 437
2 4457
1 6403
1 3213
1 4537
1 2333
2 4091
1 4288
2 3480
2 4608
2 2617
2 5253
2 5588
2 4684
1 6784
2 1463
2 3969
1 2375
2 4006
2 1583
2 1713
2 3899
1 4207
2 4896
2 5721
1 654
1 4426
2 316
1 1858
2 3475
1 1298
1 581
1 905
2 3527
1 4231
1 2693
2 3136
1 3293
2 4539
2 2303
1 4067
1 4123
1 973
2 2107
2 1619
2 1179
1 889
1 6430
2 3063
1 2715
1 6894
1 272
1 5670
2 2069
2 3278
1 1084
2 86
2 1279
1 6554
1 6243
2 3103
2 2732
2 1540
1 4626
1 6529
1 898
2 2930
2 3591
2 1914
1 3474
2 5970
2 360
2 5081
1 3315
2 512
1 5420
2 278
2 2695
2 6890
1 791
1 591
2 3268
1 4629
1 234
1 1205
2 5452
1 45
1 5561
2 629
1 4350
1 81
2 5340
1 3848
2 2091
2 4396
2 4935
2 5579
1 6874
2 6165
2 5098
1 6383
1 340
2 1288
2 2969
1 1274
2 200
1 6611
2 4325
2 4021
1 1105
1 3170
2 305
1 20
1 1531
1 6835
1 1854
1 4256
1 3169
1 2603
1 3336
2 3296
1 2074
2 5575
1 1934
1 740
1 1615
2 3444
1 4462
2 2713
2 6143
1 1519
2 1486
1 3136
2 132
1 6781
2 3028
1 5711
1 4411
1 1565
1 6576
1 3686
1 2431
2 3265
2 1812
2 4659
2 6615
1 6753
1 2827
1 71
1 2651
2 5200
1 6959
1 3574
1 3043
2 6525
2 201
1 2043
2 3753
1 3874
1 3773
2 6898
2 4242
2 6657
1 5948
2 2148
1 2545
2 3890
2 584
2 6142
2 4731
2 286
2 1307
2 1731
2 3012
2 1792
1 73
2 1437
1 4248
1 6
2 5769
2 4888
2 4787
2 6700
2 5904
1 2176
2 1698
1 265
2 4470
1 4405
1 3800
1 1497
2 5519
1 4022
1 4322
2 2161
2 5755
2 4315
2 6819
1 4134
1 4766
2 4170
2 1560
2 3534
2 1040
1 2995
1 6637
1 5285
1 1463
1 667
1 1311
1 5602
2 3912
1 1725
1 3007
1 5816
1 1258
1 6356
2 6630
2 2749
2 451
1 6859
2 1971
2 1806
2 1033
1 3357
1 5223
1 929
2 4563
2 5613
1 5650
1 2953
2 3853
2 1240
2 2147
2 5222
2 1911
1 5166
2 411
1 1362
1 5206
1 3580
1 4530
2 397
1 2105
2 6517
1 433
1 1410
2 3493
2 292
2 5279
1 2080
2 3938
2 1284
1 2797
1 2843
2 4733
2 24
1 3097
1 2312
2 3948
2 4403
1 3046
2 2636
1 2508
1 3721
2 2122
1 3877
2 6902
2 3852
2 6591
2 5791
1 3678
1 3953
1 4251
1 3400
1 2811
1 48
2 32
2 3965
1 6698
1 3007
2 1469
1 4979
2 5411
1 5480
1 1723
1 566
1 5418
1 3294
1 1249
2 742
1 5030
2 6196
2 3168
2 853
2 478
2 1598
2 2039
2 411
1 2919
2 1510
2 3048
2 3954
1 871
1 5248
1 2737
2 1002
2 6414
1 790
2 2389
1 5342
1 4808
1 5678
2 3945
1 1781
2 4428
2 6559
1 1351
2 322
1 6040
1 3519
2 2830
2 4500
1 2386
1 6816
2 5559
1 6894
2 192
1 934
1 6761
1 352
1 2481
1 5211
2 2807
1 2389
2 930
2 3779
2 4333
2 4907
2 1379
2 5760
2 1238
2 2022
2 1447
1 6327
1 6993
1 6206
1 2935
1 3553
1 3824
2 2532
2 4631
2 5204
2 1912
1 5785
2 1903
2 2543
1 379
1 4430
2 6164
2 1249
1 305
2 2077
2 3957
1 3411
2 2202
2 2711
1 5310
1 5241
1 1766
2 6276
2 1784
1 2893
1 4165
2 6870
2 4551
2 5364
2 591
1 1590
2 491
1 111
2 6974
2 774
1 4144
2 3771
1 4183
1 1413
1 390
1 970
1 3405
2 2750
2 2057
1 1608
2 1837
1 4417
1 1097
2 950
1 5027
1 6688
2 4155
2 5946
2 1916
2 579
2 3399
1 973
2 2369
2 4597
1 1209
2 3348
1 4795
2 3885
2 1576
1 4496
2 1481
1 2774
1 378
2 3422
1 5644
1 6816
1 6269
2 2840
2 27
1 4293
1 1615
1 5994
2 4607
1 3212
1 1807
1 5053
2 5385
1 4473
2 3690
1 4591
1 6743
2 2210
1 1535
1 4473
2 3739
2 5836
1 1892
1 2920
2 347
1 5964
1 983
1 4125
1 3946
1 6575
2 5517
1 6581
2 2749
2 42
2 6814
2 4281
1 1559
2 4346
1 2502
1 2007
1 2014
1 4294
1 2070
2 4023
1 4532
2 2296
2 1058
2 2255
1 6895
1 4408
1 5961
2 3408
2 6473
2 2297
2 688
2 6870
2 2537
2 2778
1 654
1 260
2 2512
2 5902
2 1361
1 5982
2 5804
2 1292
2 3448
2 3501
2 393
1 5048
2 4767
1 2863
1 1307
1 6040
1 559
2 5084
2 1341
2 2079
1 2483
2 6866
1 4333
1 2798
2 2755
1 6714
1 4157
1 6846
1 1069
1 1608
2 6108
1 895
1 2687
2 5783
2 2011
1 1333
2 2327
2 3747
2 3961
2 381
2 2211
2 1397
2 5303
1 1988
1 5769
2 930
1 652
2 4745
1 2488
1 6077
2 1835
1 822
2 341
2 736
1 1168
2 4618
2 6151
2 6943
1 4526
2 1962
2 1587
1 1693
2 3116
1 2572
1 4258
1 5725
2 124
1 290
2 6750
1 2147
2 5290
2 973
1 6760
2 5712
2 4219
1 4304
1 5556
2 2425
1 299
2 3553
1 6531
1 4688
1 2350
1 4907
2 5624
2 1330
1 1896
2 3262
1 6997
2 6031
2 1165
1 2741
2 1251
1 4998
1 2002
1 5143
2 2693
2 3734
2 1681
2 5888
1 1046
1 1070
1 5945
2 4653
1 6902
1 5270
2 1148
1 2819
2 4025
1 1947
2 647
1 3224
2 1671
2 3527
2 6678
2 2104
1 5941
1 191
2 3862
1 1201
1 5523
2 3531
1 1808
2 1200
2 5612
1 2849
1 2125
1 5794
1 4706
1 1075
2 4364
2 4548
2 2015
2 252
1 2229
1 3316
2 1525
2 3351
2 5018
1 6669
2 3454
2 5712
1 4481
1 2439
1 2813
2 281
2 1924
1 5796
2 3051
2 783
1 4560
1 1060
1 4347
2 5842
1 41
1 2898
2 4143
1 120
2 4925
1 4397
2 5088
1 1395
2 1236
2 3848
1 5610
2 6582
2 2063
2 3314
1 6205
1 548
2 3606
2 6678
2 3741
2 6089
2 2664
2 6724
2 5939
1 4559
2 3342
2 3751
1 3331
1 6418
2 3872
1 5614
1 5932
2 1052
2 5831
1 4619
2 4930
2 4370
1 4994
2 2902
1 1319
2 3726
1 3978
1 6746
2 2862
2 3563
2 6517
1 6079
1 3598
1 2372
1 3302
1 4983
1 166
2 4525
1 211
2 5226
1 4955
2 47
1 2806
2 122
1 1235
2 1793
1 3757
1 950
2 1126
1 2562
1 3531
1 4923
1 4447
1 6776
1 3772
2 3415
1 2191
1 6948
2 3420
1 6821
2 3723
1 5083
1 4745
2 5892
2 1977
2 2415
2 1420
2 4175
1 6623
1 2620
1 2293
2 1238
1 612
1 819
2 1572
1 1139
2 5677
1 6451
1 6328
2 3847
2 4161
1 691
2 3107
2 2827
1 3781
2 593
1 5084
2 3119
1 417
1 3093
1 4244
2 2262
2 3993
2 3879
1 2282
2 1951
2 2765
2 1421
1 4352
2 1622
2 6626
2 2126
1 2155
2 137
1 3046
2 4866
2 3278
1 1724
2 1880
1 2856
1 2080
1 2926
2 3654
1 4375
1 5145
2 1657
2 1636
1 228
2 5905
1 6654
1 2556
2 5042
1 1746
1 5415
2 4089
2 4605
1 2584
2 5074
2 5003
2 2519
1 4640
1 2149
2 4838
2 6876
1 199
2 452
1 3778
2 493
1 4414
2 1109
2 5452
1 6088
1 2357
2 2893
1 2068
2 3630
1 3380
1 432
2 1333
1 4012
1 5291
2 4204
1 6088
2 2594
2 908
1 2702
2 4578
2 6999
1 6420
2 2693
1 3113
1 1684
1 3910
1 3426
1 3539
1 2084
1 3672
1 5630
2 1175
2 1923
1 6083
2 1212
1 4154
1 5308
1 2423
1 6675
2 2019
1 5160
1 3165
2 2477
1 4111
1 2814
1 219
2 106
2 1038
1 3862
2 1492
2 4238
1 3644
1 3949
1 5477
2 5622
1 3137
1 2044
1 4241
1 743
1 4857
2 1120
1 1510
2 6896
2 2989
2 6996
1 5077
1 1267
2 6592
2 6362
2 6622
2 4976
2 1203
1 1518
1 4930
1 4273
1 4058
1 4196
2 1512
2 5847
2 5885
1 5644
2 1481
2 5676
2 4087
1 4725
2 3059
1 1295
2 1730
2 1807
1 2489
2 1003
1 1841
1 3200
2 5425
1 696
1 892
1 6400
2 2501
2 3193
1 528
1 3180
1 683
2 2956
2 4773
1 3871
1 2565
1 2453
1 2110
1 3796
1 3610
1 4763
1 3957
2 4590
1 5403
2 3130
1 1860
2 1913
1 86
2 2759
1 2700
2 6638
1 735
1 2031
1 3618
2 2922
1 4354
1 4024
1 101
2 2743
2 6610
1 6222
2 1570
2 6074
2 5485
2 3088
2 3424
2 2539
2 1269
1 2728
1 1892
1 2177
2 5873
1 3575
1 1662
2 6427
2 6474
1 1790
2 4226
1 320
2 2095
1 4446
1 4936
1 744
2 5369
2 5962
1 3236
2 1736
1 5544
2 1559
2 1519
1 714
1 44
1 507
1 6708
1 4506
1 6756
1 995
1 2004
2 3923
1 6395
1 3963
2 4339
2 6744
1 4974
2 1850
2 1096
2 1107
1 4759
1 4467
2 4905
1 6530
2 773
2 941
2 5245
1 3485
1 4169
1 3620
2 592
2 1545
2 2395
2 5830
2 3666
2 384
2 2523
2 6582
1 3552
1 4022
1 1841
1 3917
2 5513
1 5341
2 6909
1 404
1 3539
1 3755
1 2503
1 4076
2 1972
1 1359
2 169
2 4886
2 1929
2 6583
2 1656
2 2907
1 283
1 6373
1 1295
2 1909
1 196
2 1261
2 2155
1 5979
2 142
1 4513
1 1456
2 297
1 861
2 1085
1 2
2 3014
1 4800
2 3963
1 3397
2 2381
2 5196
1 921
1 4670
1 589
2 6081
1 1598
1 4536
1 1089
2 5251
1 2600
2 3432
2 4928
2 858
1 3001
2 5521
2 885
2 6714
1 2789
2 2993
1 536
2 6004
1 5869
1 2562
1 2188
1 5011
2 1240
1 5585
1 2991
2 2328
1 4109
1 3594
1 6373
1 5935
2 730
1 1299
2 341
1 3903
2 3088
1 6308
1 5570
2 5902
2 6084
2 4638
2 3668
1 3626
1 5879
2 9
2 453
1 3657
1 575
2 5156
2 4412
2 851
1 213
1 249
1 4637
2 1227
1 949
1 2086
2 2007
1 713
1 5177
1 1085
2 2012
1 6690
2 6126
2 5596
2 3205
1 6463
1 2477
1 782
2 2372
1 6834
1 2923
2 6193
1 2943
1 2860
2 1602
2 3070
2 2900
1 4922
2 5453
1 2044
1 4368
1 4203
1 3848
1 5005
2 4646
2 2883
1 3526
2 847
2 4766
1 2420
1 4489
1 3604
1 6779
2 1552
2 1134
2 387
2 4132
2 2007
1 5798
1 4405
2 1452
1 3847
1 6854
1 4401
1 4186
1 4751
1 2679
2 2328
2 1434
1 3556
2 2943
2 5673
2 6082
2 428
2 2998
1 1702
1 4134
1 4741
2 666
1 4134
1 2428
1 3063
1 3980
1 4737
2 769
2 3222
1 161
1 3647
2 2690
1 6329
2 4929
2 3241
2 1156
1 2126
1 3763
2 4950
2 6444
1 1340
2 2704
1 6560
1 2807
1 1686
1 1339
1 2444
1 3316
1 6815
2 2503
2 5597
2 2333
1 3641
1 2681
2 4522
1 2234
1 2876
1 5434
2 451
2 1462
1 3557
1 5999
2 432
1 1136
2 373
2 5904
2 6739
1 1906
2 4470
1 2924
1 6377
1 6686
1 3281
1 187
1 1460
2 2460
1 1595
1 163
2 6604
1 3981
1 731
1 52
1 1561
2 3396
2 1341
2 3500
1 6507
2 6807
2 6706
1 3788
1 3099
2 722
1 6030
2 2824
2 3951
2 6036
2 233
2 603
1 3193
1 4281
1 4295
1 1688
1 2600
1 3958
2 2616
1 491
2 270
1 448
2 3176
1 5478
2 2321
1 6605
2 1696
1 484
2 2619
1 2089
2 6451
2 1970
1 2969
2 4619
1 3018
2 824
2 3879
1 4262
2 2192
1 4893
1 4027
1 3112
2 3087
1 2056
2 2053
2 2006
1 6937
2 2328
1 3926
2 1926
1 3000
1 6589
2 2686
1 5907
1 6479
1 5036
1 3843
1 333
2 1078
2 6255
1 5105
1 4798
2 6730
1 6019
1 637
1 831
2 1426
1 3248
1 5913
1 6481
1 284
2 1149
1 4636
2 3700
2 1494
1 4681
2 5614
1 123
1 5813
1 4731
1 6504
2 2173
2 1241
1 2843
1 5714
2 2662
2 6631
1 2670
1 6803
2 2460
2 2166
2 1206
1 5813
2 1523
2 3786
1 4959
1 3854
2 145
1 2164
1 3612
1 5168
2 1323
2 3624
2 5848
2 2602
2 518
2 4702
2 205
2 93
1 4126
2 1490
2 6401
1 2175
2 1363
1 996
2 6531
1 4284
2 4615
2 5912
2 2363
2 4752
1 2130
1 791
2 1791
2 5846
2 3414
1 1612
2 2255
1 884
1 5491
2 3079
2 1314
1 2229
1 1652
2 1686
2 3166
2 6365
2 2672
1 4967
1 1812
2 6553
2 290
2 3616
1 2458
1 3324
1 1081
1 6072
2 6479
1 2403
2 4824
1 4218
1 947
2 4786
2 4871
2 2777
2 5852
1 1692
1 5241
1 1814
2 3450
2 5304
1 572
2 4404
2 5444
1 4830
2 3948
2 325
2 2896
1 3518
2 5113
1 4538
1 5999
2 1673
2 1108
1 1295
1 4406
2 4022
1 4990
1 1357
1 3431
1 4231
1 3192
1 1598
2 174
1 5225
1 4596
2 3956
1 1844
1 1760
2 6387
2 3922
1 240
1 5376
1 2013
2 3986
2 1401
2 1789
2 4844
2 2709
2 5445
2 2500
2 5177
1 2974
2 181
2 1752
2 2390
2 4176
1 366
1 5190
2 674
1 4659
2 513
2 80
2 4544
1 2411
2 3876
2 6166
2 2064
2 2849
1 3840
1 2537
1 3852
1 4776
2 705
2 3214
1 5588
2 4288
2 2737
2 5609
2 3051
2 5463
1 6605
1 2671
1 352
2 4451
2 6622
1 3
1 2326
2 1058
1 4377
2 5362
2 1029
1 5634
2 5471
1 5575
2 6247
2 6705
1 4270
1 1160
2 2955
1 358
2 5063
2 663
1 1789
1 6134
1 5774
1 778
1 2155
1 5697
1 2156
1 5107
2 6666
2 290
2 2016
2 704
2 4207
1 6298
2 3202
2 5724
1 6263
1 6661
1 6791
2 3228
1 5407
2 3323
1 2664
2 4027
2 3893
2 5145
1 723
1 2071
2 1029
1 4238
2 5584
1 1858
2 4196
1 2606
1 293
1 4946
1 5953
2 3674
2 3675
2 5785
2 2935
1 4510
1 6239
2 5190
1 229
1 1226
2 2954
1 362
2 622
1 249
2 2881
2 4323
1 3473
1 3917
1 2069
1 4060
1 4386
1 4473
1 1683
1 4684
2 4199
1 3622
1 862
1 2763
2 1227
1 5183
2 1425
2 1448
2 5607
1 3069
1 6997
2 3461
1 4724
2 5363
2 913
2 1337
2 1986
1 563
1 292
2 4981
1 2517
1 3543
1 1765
2 336
1 6042
2 3921
1 6812
2 2987
1 3014
2 2355
2 4287
1 4629
1 3992
1 6264
1 2734
2 2400
1 1650
1 6241
1 3247
1 4163
1 6123
2 6345
2 6906
1 1102
1 3744
2 6170
1 598
2 6969
2 6967
2 1485
2 5714
2 1029
1 5370
2 2806
2 949
2 3801
1 546
1 2525
2 3639
2 199
1 4450
2 1071
1 2982
1 4692
1 3552
1 3530
1 4426
2 4107
1 79
1 2773
1 6688
1 1051
1 3127
1 6886
1 3107
1 1829
1 5859
1 3402
1 5702
2 295
1 5506
2 3552
1 1868
2 4803
2 2760
2 990
1 2552
2 1640
1 4802
1 1003
1 141
2 2240
1 1749
1 515
2 6368
2 2736
2 6175
2 3478
1 1241
2 4676
2 3052
2 3386
1 3597
2 1224
2 3858
1 156
1 6615
1 3840
2 550
1 379
1 250
1 6137
2 6557
1 4245
2 1784
2 4750
2 4644
1 5663
1 6615
1 4156
2 1473
1 778
1 6599
2 1502
1 1815
1 2969
1 4429
2 1546
1 1006
1 1940
1 403
1 441
1 5184
1 2840
2 1901
2 6947
2 3941
1 2772
1 3134
2 5489
1 680
1 573
2 3417
2 2705
2 5224
2 3123
2 4344
1 3166
2 4600
2 3242
1 3489
2 3037
1 3911
1 890
1 4835
1 4529
2 4704
2 1328
2 998
2 1520
1 2803
2 2202
2 6752
1 2196
2 6011
2 511
1 4913
2 1563
2 1383
1 5429
2 6216
2 2743
1 2729
1 2841
2 1459
1 5591
1 1225
1 2130
2 1579
2 268
2 5586
1 1294
1 2446
1 3820
2 6244
1 4996
2 2595
2 1482
1 3321
2 104
2 4825
1 676
1 1017
2 402
1 1745
2 4044
2 150
2 4855
2 4327
1 1032
2 3271
2 1511
2 6029
1 955
1 5561
2 1117
1 4320
1 2233
1 1130
1 827
2 4137
2 3118
1 5645
1 235
1 838
1 2656
1 825
2 2903
2 774
1 1136
2 4721
1 3961
2 976
2 1645
1 5637
1 4291
2 6453
1 241
1 1135
1 3785
2 1225
1 771
1 3152
1 2714
1 2126
2 3091
2 889
1 1259
2 793
2 3457
2 194
1 3692
2 4051
2 4630
2 3270
1 633
2 5705
2 5385
1 3084
1 5267
2 4581
2 651
2 6576
2 1180
2 2971
2 2444
1 3577
1 3006
2 2332
2 3660
1 3584
1 5756
2 3534
2 202
1 1111
2 191
2 5674
2 505
2 6344
2 4203
2 2749
2 6238
2 217
1 751
1 2432
1 2635
1 3503
1 2905
1 5168
2 3391
1 5071
2 1896
2 910
2 1804
1 4175
1 888
1 2872
2 3471
1 5131
1 4297
2 1222
2 1556
2 33
2 912
2 566
1 1743
1 6926
1 869
1 4761
1 5396
1 6638
1 6571
1 1516
2 2632
1 5687
1 1252
2 3080
1 6582
2 2302
1 618
2 5962
1 4747
1 1218
1 910
2 1971
1 6522
1 2188
2 3133
1 6897
1 4976
2 1677
2 4302
2 3348
2 4569
2 6096
2 2478
2 2786
1 354
2 6684
2 5132
1 1020
1 2116
2 635
2 2301
1 6734
1 3616
1 4709
2 2217
1 2643
1 4765
2 5014
2 3724
1 5743
1 3372
1 107
1 1654
1 3891
1 4813
1 2905
2 812
2 5181
1 5126
1 3511
1 1540
2 1781
2 4419
1 311
1 597
2 6505
1 377
1 3161
2 1445
1 5770
1 5402
1 5815
2 6480
1 2428
1 6012
1 1466
1 1128
2 4618
1 6634
2 2828
1 5487
1 4248
2 2570
2 636
1 3015
2 2647
2 5605
2 1765
2 5435
1 6172
2 1938
2 4543
2 6148
2 1209
2 4747
2 5293
2 1493
1 5651
2 4078
1 1213
2 6422
1 4715
2 1837
1 43
2 1581
1 5541
2 4263
2 2830
2 2312
2 3420
1 5253
2 5554
2 1860
1 6131
1 5493
1 2156
1 4033
1 6133
2 3674
2 3289
2 2900
1 4471
1 275
2 5535
1 4876
1 2009
1 4576
1 1810
1 2310
2 1304
1 6568
1 5849
2 1529
1 4103
1 3621
1 3030
1 2690
2 97
2 6958
2 5986
1 5177
2 2545
2 5300
2 2150
1 2642
1 6362
2 6214
2 1331
1 1365
2 5559
1 5413
1 2916
2 254
1 4060
2 688
1 398
2 3094
2 4099
2 242
1 1015
1 4504
1 6161
1 2807
1 5692
1 5613
1 1406
1 4642
1 4409
1 1513
1 505
1 1538
1 3805
2 4820
2 1177
1 4609
1 195
1 3785
1 2596
2 884
1 4210
2 3586
2 1820
2 3365
1 5166
1 4394
2 6541
2 1044
1 1661
2 4089
1 3089
1 2537
2 6906
2 452
1 2533
2 6675
2 982
2 2675
2 3177
1 5333
1 658
2 3905
2 4787
1 1364
2 5239
2 3183
2 2812
2 3091
2 414
1 3321
2 6338
1 4575
1 2992
1 2584
2 125
1 6458
2 5479
2 5831
1 4130
2 4124
2 5466
2 6230
1 3666
2 797
2 4869
2 3681
1 3116
2 1669
1 1343
1 4561
1 1815
2 1813
2 2107
1 3802
1 1889
1 3107
2 624
2 4596
1 1867
2 3346
1 3081
1 6435
1 5707
1 6439
1 1493
2 4399
2 3600
1 4701
2 6143
1 2228
1 5425
2 5562
2 1111
2 3267
2 3671
2 5815
2 1440
2 4031
1 4222
2 1364
2 16
2 1969
1 1640
2 4050
2 771
2 61
1 6066
1 6127
1 1448
1 4002
2 1837
2 518
2 6690
1 6694
2 2974
2 549
1 1145
1 3456
1 3759
1 2253
2 4831
2 332
2 2644
2 3373
1 3507
2 3106
2 3326
1 4694
1 5233
1 5495
1 4548
1 1024
1 4392
1 50
2 6821
1 860
1 4746
2 5385
1 1495
1 97
1 280
1 962
1 6371
1 4208
2 52
2 2282
1 262
2 6287
2 997
1 5793
1 3425
1 890
2 3830
2 2572
1 2154
2 2725
2 1647
1 6498
1 2705
2 923
2 4018
2 448
1 405
1 2762
1 711
1 3501
2 2908
2 2516
1 3513
1 6862
1 198
2 5376
1 3839
2 2187
2 5267
2 5095
2 124
1 5232
1 4304
1 1495
2 2479
1 1069
2 1110
1 308
2 812
2 4230
2 3171
1 6098
1 1209
2 2579
1 4264
2 2908
1 1946
1 6882
2 2257
2 1536
2 829
1 937
2 5839
2 65
2 5167
2 964
1 353
1 4636
1 229
1 5005
2 6639
2 3243
2 2716
2 4494
1 3526
2 3325
1 177
1 89
1 2175
1 6747
1 2833
2 2665
1 296
2 4661
2 723
1 6102
2 1073
2 139
2 3017
2 3173
1 1648
1 4228
2 523
1 1821
2 1166
1 1243
2 3956
2 5012
1 4751
2 4237
2 5403
2 1824
2 2518
1 3332
2 3787
1 2870
1 6895
1 1079
2 4755
1 6510
1 363
2 3368
2 5030
1 2693
1 6744
2 5661
2 1100
1 6202
1 5126
1 5487
1 6616
1 313
1 4275
1 1334
1 4648
2 6540
1 55
2 4402
2 976
2 1477
2 2033
1 3388
1 463
2 6508
2 1320
2 3195
1 3913
1 5543
1 299
1 2679
2 3795
2 5373
2 1034
1 1482
1 2994
1 6442
1 883
1 266
2 5332
2 3631
2 4726
2 6208
1 509
1 6911
2 4216
2 4196
1 6444
1 1019
2 6828
1 743
1 6708
1 3215
1 6757
1 3375
2 6131
2 2234
2 1774
1 2743
2 6054
2 1314
2 10
2 4428
1 3195
1 333
2 4932
2 481
1 5861
2 2193
1 5161
1 2724
2 2868
2 6293
2 97
2 1175
1 2850
1 5958
2 169
2 3312
2 1536
2 4412
1 6884
2 5153
1 3783
2 4162
1 565
1 5944
1 975
2 329
1 831
2 4576
1 6019
1 2365
1 1149
2 2479
1 2306
2 2198
1 1186
2 2142
2 1920
1 1609
2 4946
1 1668
1 1467
1 941
1 3079
1 3411
1 5871
1 1598
2 4678
2 3025
1 6698
1 414
2 2311
2 4064
2 145
1 5406
2 5016
1 919
1 3481
2 505
1 4219
2 3839
2 4535
1 2266
2 1219
2 2670
1 4792
1 625
1 2003
2 1392
2 5377
1 4434
2 6455
1 6881
1 4273
1 4710
1 6593
1 2252
2 4490
2 2288
2 205
1 831
2 1020
2 3409
1 1742
2 2828
1 6426
1 3420
2 1751
2 3738
1 6219
1 4555
1 1586
2 3130
2 6642
2 1432
2 2340
1 3387
2 2702
1 1653
2 3511
2 2239
2 1986
2 6101
1 2055
2 4763
2 2814
2 6584
1 4014
1 3722
1 2709
2 2939
1 4064
1 5842
2 3509
2 4093
1 263
2 4414
2 5106
1 6291
2 560
2 4227
1 6676
2 421
2 3732
2 131
2 1300
2 2664
1 6785
2 933
2 3
1 6706
1 4222
2 1843
1 5954
2 6352
1 2426
1 2562
2 2771
1 5235
2 30
2 6694
2 6911
1 5007
1 3182
2 1555
2 558
2 5083
1 2044
2 173
2 2050
1 5724
1 1853
1 6361
1 2188
1 1969
2 4770
1 1905
2 854
1 1912
1 2672
1 5764
1 4975
1 824
2 6961
2 6748
1 802
2 621
2 2473
2 679
1 4903
2 3648
1 6481
2 3190
1 4864
1 868
2 3408
1 6313
2 1637
1 1842
2 6637
1 4841
2 2969
1 2805
1 1421
2 6964
2 6475
2 1607
1 1499
2 6133
2 3495
1 4210
1 6275
2 4649
2 2818
1 3896
1 1007
1 115
2 433
1 2652
2 5875
1 4129
1 3122
1 4958
2 4824
1 3549
2 2953
2 4051
2 5668
1 3612
2 2372
1 1754
2 4208
2 234
2 6728
2 5776
2 4441
2 5245
1 2874
2 3661
2 2032
2 3646
1 2799
2 3277
2 5714
1 5507
2 6580
2 3496
1 3184
2 4719
2 439
1 3107
2 5000
1 6312
1 5188
1 685
1 6898
2 6792
2 2944
2 6626
1 6276
2 2565
2 770
2 283
1 6079
1 1089
2 2805
2 6188
1 1935
1 258
2 5104
1 845
2 935
2 1355
2 3958
2 6378
2 723
1 2410
2 1462
1 3283
1 2772
2 3720
1 2956
2 2036
2 3832
2 476
1 2782
1 965
2 1159
1 2560
2 1991
2 3355
1 3927
2 5131
1 4224
1 2278
2 2417
2 989
1 4066
1 513
2 1313
1 750
1 3501
1 6718
2 6322
1 4095
1 5317
2 2463
1 2960
1 5510
1 511
2 2294
1 364
1 3663
1 3272
2 3798
2 6203
2 5790
1 3663
1 6551
2 1680
1 3574
2 6326
2 614
1 1933
2 1957
2 3436
2 3202
1 2006
2 670
1 4758
1 3840
2 598
2 1006
1 18
2 2224
1 5456
1 2543
2 299
1 1334
2 2928
1 4112
2 2928
1 4186
1 3703
1 6170
1 3828
1 1441
1 2098
1 1501
2 1743
2 6578
2 3915
1 4241
1 3867
2 2393
1 3759
1 6774
1 5800
2 3439
1 2318
2 716
2 3441
2 5640
2 2735
2 2771
2 1525
2 3460
2 4521
1 1533
2 1248
1 1174
2 2747
2 3903
2 759
1 1000
2 1917
1 1555
1 6911
1 4093
2 2348
1 2009
1 4782
2 1798
2 3474
1 3282
2 848
1 3302
2 948
1 2923
1 2324
1 5453
1 2602
2 1864
2 3900
2 1
2 978
1 334
2 2976
1 2832
2 2246
1 5744
2 4124
2 4784
1 4689
1 5651
1 2438
1 1159
1 214
1 978
1 3193
1 2571
1 1706
2 562
2 2229
1 2347
1 5044
1 2103
1 1420
2 5100
2 3964
2 4134
1 4862
1 93
1 329
2 4697
1 4694
2 1859
2 5273
2 2438
1 6475
2 2438
1 4814
1 3472
2 4736
1 3346
1 6107
2 5812
2 4780
1 3703
2 6491
2 1445
2 4194
1 1234
1 6234
1 2329
2 6306
2 6746
2 6466
2 6426
2 351
1 2395
1 2119
1 1054
1 2192
2 1590
1 4283
1 415
1 4839
2 839
1 1876
1 3371
1 2204
2 4221
1 1721
2 1933
2 1275
1 4430
1 2272
1 2923
1 2217
1 3057
1 2723
2 2654
1 3123
1 130
2 1454
2 5325
2 6464
2 4130
1 962
1 3658
1 1794
1 3948
1 3342
1 2643
1 1400
2 792
2 4633
2 6138
1 5431
1 4876
2 2961
2 4878
2 4037
1 5510
1 3615
1 3424
1 6085
2 6219
2 2304
2 135
2 5566
2 492
1 1270
1 3844
2 4499
2 1388
2 2661
2 5182
2 3460
1 2251
2 4838
2 4287
1 4979
1 6597
2 3944
2 4013
2 497
1 4932
2 930
1 3835
1 2951
2 1058
1 4322
2 3782
1 6925
1 1248
2 2529
2 3392
2 1126
2 6746
2 6244
2 3288
2 2257
1 4432
1 644
1 6943
1 3762
1 2822
2 2375
2 6917
2 440
1 6477
1 4318
1 2418
1 60
1 5104
2 5157
2 2661
2 2104
2 2624
1 6878
2 5857
2 3262
1 4625
2 1597
2 3755
1 1204
1 227
2 4341
2 1901
1 3207
2 4193
1 6674
2 3766
2 3108
2 6917
1 3670
2 6728
1 5433
2 4026
1 4429
2 3928
2 5466
2 6097
1 6472
1 1842
1 2805
1 1077
2 757
2 2930
1 4231
1 3334
1 3261
2 3404
1 2844
2 130
1 2349
2 1925
2 5363
1 4695
1 1085
2 3632
2 3519
1 3898
2 3636
2 2642
2 2551
1 2372
2 6627
2 5125
1 182
1 583
2 1037
2 3465
1 5148
2 6477
1 2294
2 3663
2 5596
1 1042
2 5977
1 84
1 2501
1 4909
2 6015
2 1828
2 2793
2 2811
1 2215
2 4197
2 4968
2 2444
2 3409
1 6415
2 406
1 1508
2 1482
1 834
2 6632
1 6067
2 875
2 6144
1 2067
1 3854
1 801
1 3695
2 550
1 1372
1 3319
1 4369
1 3203
2 4073
1 591
1 700
2 6386
2 582
2 2925
2 1866
1 6590
1 1991
1 1757
1 2929
2 4509
1 2419
2 3343
2 3164
2 6060
2 4592
1 250
2 1649
1 553
1 3196
1 5622
2 4713
2 1760
1 2118
2 5473
2 4867
1 4046
2 3451
2 539
1 5369
2 4241
1 2697
2 6833
2 41
2 2278
2 6967
2 2926
1 6333
1 3865
1 1139
2 3614
2 4331
1 3553
2 1947
1 2001
2 5710
2 4826
1 4332
1 4294
1 1236
2 4361
1 4263
2 765
1 4838
2 1547
1 38
1 115
1 379
1 2702
1 3932
2 1026
1 3149
1 1246
2 754
1 2247
1 2451
2 4418
1 5530
2 5570
1 6733
1 332
2 3576
2 1346
1 5227
1 1821
1 2972
1 3182
1 2502
2 4127
2 3530
1 4117
2 2900
1 5488
1 6226
2 3279
2 1449
1 1334
1 2129
1 2713
2 2249
2 1893
2 5949
1 5005
2 5815
2 5371
2 5
2 6527
2 5426
2 6197
1 1119
1 5794
2 5882
1 4087
2 3543
1 4593
1 55
2 6184
1 2823
1 3534
2 2834
1 4539
2 369
2 4375
1 5330
2 5519
2 5591
1 2292
1 3321
1 5944
2 1284
1 866
1 3876
2 148
2 5792
1 779
1 3159
2 1846
1 4592
1 6755
2 4078
1 3087
2 5732
2 3149
1 4517
1 144
1 4359
2 2148
2 4409
1 6826
2 3443
2 6554
1 4388
2 6790
2 2418
2 36
1 61
2 1117
1 3781
1 780
2 614
2 1281
1 4553
1 5558
1 5509
2 5377
2 1829
2 340
1 3283
2 4057
1 4205
1 3858
2 368
2 2480
1 3219
1 1802
1 989
2 5833
2 2497
2 6186
2 3496
2 5851
1 4391
2 1889
2 2764
1 6689
2 3091
1 525
1 6782
2 3098
2 4604
2 4104
1 6873
2 1401
2 4831
2 6622
1 5314
1 2110
2 6578
2 5992
2 2677
2 2308
2 756
1 1149
2 5943
1 6849
2 3043
2 1308
2 498
2 1401
1 1275
1 731
2 1140
2 5211
1 3150
1 339
2 104
2 2427
2 2958
2 809
1 5259
2 3662
1 6949
2 3775
1 2720
2 1441
2 1862
2 5809
2 3541
2 5258
1 4409
2 3960
2 2748
1 445
2 467
1 2090
2 6531
2 2585
2 3052
2 3600
2 1396
1 1944
1 4167
1 191
1 5782
2 11
1 1509
2 784
2 6010
2 6348
1 2434
2 5544
2 5950
2 4090
1 623
1 385
1 4237
2 3992
1 5078
1 2183
2 2821
1 6350
1 841
2 1315
2 6984
2 5006
1 2716
2 2995
1 1709
1 1696
1 1246
1 3464
2 6652
1 1711
1 3028
1 359
2 2780
2 1738
2 1414
2 4489
2 4161
2 2644
2 4320
1 467
2 390
1 3580
1 1050
2 1678
1 1280
2 6422
1 4992
2 4496
1 3707
2 1528
2 6011
1 5281
1 258
1 1374
2 2262
1 4791
2 5507
1 2038
1 4706
1 603
1 5385
2 1797
1 5794
1 1642
2 577
2 5192
1 4960
1 1100
1 1621
2 5892
1 2334
1 4232
1 3500
2 5950
1 2502
1 3783
2 5159
1 4323
1 1499
2 2580
2 4061
1 3322
1 1901
1 1931
1 57
2 549
1 5177
2 1558
1 1271
1 3852
2 4431
2 3801
1 5027
2 914
1 6554
2 6832
2 2994
1 862
1 2323
1 3651
2 3070
2 283
2 3742
2 2577
1 4582
1 5632
1 1636
2 2674
1 6036
2 6832
2 1647
2 420
1 1901
1 875
1 1185
2 719
2 789
1 6684
2 1758
1 3761
2 4960
2 529
2 5269
2 3227
2 1698
2 462
1 1779
1 2337
1 2240
2 82
2 4832
1 1790
2 1573
1 5161
2 4495
2 4622
2 4558
1 1672
2 26
2 1482
2 5686
1 4772
2 2797
1 1847
1 2395
1 2251
1 4614
1 4255
1 5942
1 2777
2 2843
2 5175
2 223
2 6309
1 2684
1 967
1 5367
2 1386
2 4325
2 4950
1 6908
1 2574
2 429
1 6011
2 6577
2 4718
2 5162
1 5637
2 6731
2 272
1 1330
2 3180
1 1269
2 279
1 2763
2 1613
1 5789
1 5827
2 5789
1 5458
2 2621
1 4750
2 5426
2 2264
2 787
1 2817
2 4061
2 5655
1 2617
1 2549
1 3360
1 1078
1 4437
2 5674
2 444
2 3732
1 4146
1 6531
2 1389
1 5512
2 5021
2 5247
2 2052
2 3898
1 1562
2 5178
2 3675
2 3551
1 717
2 3130
1 996
1 4705
2 1617
1 67
2 1883
2 5340
2 3996
2 4291
1 2327
1 5379
2 1184
2 2967
1 2509
1 2745
1 5651
2 2100
2 4589
1 3216
1 5960
2 1791
2 5514
1 3982
2 4965
2 6261
1 6150
2 6610
2 1491
2 603
2 3045
1 4644
1 3961
2 2072
1 373
1 1914
2 4034
2 2414
1 3204
2 3868
2 346
1 6357
1 2634
1 4305
2 1652
1 1200
2 475
1 5895
1 527
2 3190
1 654
2 5879
1 2852
2 5074
1 3952
2 935
1 5250
1 131
1 898
1 447
2 5066
2 3148
1 3303
2 1724
2 1924
1 1181
2 2439
1 6695
2 6360
1 4025
2 1767
1 5623
1 5949
1 2254
2 2678
1 1987
2 4758
2 5497
2 5346
1 3785
2 2120
2 6431
2 4585
1 3450
1 1733
2 3108
2 6504
2 875
1 4412
1 2288
1 1719
2 2382
1 2447
1 3181
1 1963
1 5775
2 4083
1 1370
1 795
1 2736
2 3003
2 2051
1 3795
2 4837
2 4302
2 4143
2 5076
1 2592
1 6317
2 5488
2 1826
1 1590
1 406
2 4391
1 2245
1 2112
1 435
2 934
1 2120
1 3691
2 1139
2 316
1 2885
1 1545
1 176
1 3292
2 1152
2 4397
1 6376
2 1166
2 959
2 6643
1 4452
1 492
2 6432
1 4822
1 1980
2 2726
1 3059
1 5672
1 65
2 2119
2 5004
1 4334
2 6209
1 3790
2 2274
1 3129
2 3639
2 6279
2 2834
2 6886
2 5736
1 4879
1 5821
1 910
2 2415
2 5619
2 5686
2 3807
1 2050
2 5945
1 3837
1 6874
2 4810
2 5733
1 6671
2 6507
2 6015
1 5397
1 1475
2 6164
2 5354
2 6022
1 4350
2 3193
1 6969
1 1965
2 2304
1 3149
1 2175
1 951
2 4598
2 5580
1 354
1 5793
2 334
2 3607
1 3939
1 3217
1 5925
2 3372
2 737
2 2771
1 5412
2 5732
1 870
2 3308
1 1351
2 3970
2 1984
1 3163
2 2789
2 3618
2 6385
2 1907
2 3186
1 960
1 4279
1 3403
2 3976
1 5669
2 2957
2 4142
1 3210
1 4278
1 2297
2 4491
1 6312
2 5612
2 4140
1 2990
2 1918
2 2309
2 5221
2 4021
1 6588
2 1209
2 2966
2 6603
1 4000
1 5142
2 1381
2 3113
1 383
1 6972
1 6277
2 408
1 2752
1 274
1 4346
2 672
2 153
2 5104
2 3816
1 4965
2 6088
2 634
1 3253
2 20
2 6563
2 3051
2 331
1 2762
1 560
1 4448
2 4135
2 5990
1 1118
2 2609
2 892
2 5618
1 4458
1 4100
2 6320
1 1021
2 3723
1 4009
1 998
1 236
2 1598
2 3927
1 3995
1 5261
2 2011
1 486
2 201
2 3843
2 4566
1 3618
1 3991
2 3349
1 4744
1 3670
1 5902
1 2438
2 4131
1 4543
2 2494
1 2590
2 6137
2 925
1 4983
1 4503
2 4485
2 1773
2 296
2 6513
2 5888
2 3666
2 364
2 5023
1 5734
2 3095
2 4664
1 2737
2 6879
2 6927
1 1407
2 1352
2 1295
2 3885
2 966
1 1756
1 4661
1 1060
2 6399
1 4305
2 5528
2 1657
1 698
2 1581
2 1397
2 5460
2 263
2 260
2 5690
2 4010
1 1654
2 5829
1 2647
2 726
1 2880
2 1714
1 1943
2 2803
2 5715
1 4587
1 2700
1 227
2 5113
2 452
1 1608
2 5940
2 6714
2 3675
1 5204
2 734
2 1214
1 6035
2 2261
2 2310
2 3763
1 6108
1 4034
2 2438
2 4373
1 6272
1 2832
1 4738
2 889
2 1591
1 3310
2 1893
1 2129
1 940
1 3234
1 3458
1 1587
2 3382
2 3034
1 5035
2 2154
2 3952
2 5923
2 2670
1 1155
2 1457
1 949
1 1050
2 6121
2 684
2 5996
1 799
1 322
1 3234
2 5569
1 3699
2 2032
2 1075
1 4519
2 2502
1 113
2 1041
2 3647
2 6719
2 1079
1 6181
2 5925
1 5620
2 3104
2 3607
2 5361
1 1614
1 1975
2 5579
2 3038
2 3043
1 1594
2 3230
1 14
1 4986
1 6818
1 6925
2 244
1 3642
2 158
2 5335
2 2137
2 6932
1 1648
1 286
2 744
1 5532
2 6054
2 6802
2 3738
1 5372
1 314
1 4533
2 1722
2 161
2 2475
1 2600
1 4473
1 2845
2 6874
1 1141
1 2908
2 2483
2 4181
1 1347
2 3977
1 1669
2 2544
2 1277
1 3670
1 673
2 5903
2 1707
2 3722
1 2976
2 1941
1 3439
2 4882
1 5374
2 6824
1 2882
1 6045
2 6637
2 5339
1 4245
1 3480
1 6410
2 3522
2 2312
1 2315
1 758
1 530
2 2830
1 3562
1 2958
2 758
1 4238
1 2493
2 1076
1 2227
1 180
2 4553
1 2876
1 1573
1 2495
2 4228
1 6055
2 6552
1 384
2 6925
2 723
2 6920
1 1137
2 3954
1 3217
1 201
2 6412
2 5135
2 6006
1 3223
2 2615
1 982
2 6003
2 6543
1 6759
1 954
2 6893
2 3709
1 3954
2 1602
1 6333
1 5411
1 1155
1 5020
1 2313
2 1569
1 1457
2 2176
2 2242
1 2735
1 193
2 1481
2 6660
2 3685
2 4344
1 4696
2 1664
1 4404
1 514
1 5544
2 1741
2 634
1 694
1 2418
1 3611
2 3825
2 1583
2 114
1 2255
2 104
1 4156
1 2729
1 4186
1 6721
1 4408
2 354
2 5506
2 6138
2 2044
2 5165
2 991
1 3364
2 1944
2 4310
1 3111
2 6383
2 5590
1 3583
2 6147
1 2300
2 6415
1 1178
2 1024
2 1961
1 5651
2 6184
2 6462
2 1673
2 4414
2 3997
2 2932
2 4865
1 4197
1 145
2 6994
1 3468
1 461
2 6984
1 4518
2 1680
1 245
1 2483
1 2376
1 2695
1 2943
1 5253
1 390
1 591
1 651
2 3383
1 4449
1 1322
1 6596
1 4589
2 6645
1 1798
1 3208
1 222
1 1821
2 5070
2 1676
1 1400
2 6429
1 2527
2 742
1 2274
1 3734
1 6812
2 986
2 5888
2 3333
1 4979
2 1741
2 4266
1 4388
2 4366
2 4805
2 3837
2 1960
2 4803
1 1383
2 4177
1 1042
1 4589
1 6919
1 785
2 5014
2 6352
1 4700
2 2862
1 2871
1 2312
2 946
2 4509
2 3400
2 1011
1 4606
1 1156
2 4532
1 6762
2 1269
2 6497
2 1320
2 4668
1 293
1 6499
2 2332
2 2331
1 2298
1 1670
1 4133
1 4901
1 5795
1 6196
2 2174
2 5837
2 6098
1 2319
1 1154
1 679
2 2848
1 2048
1 1340
2 312
2 2951
2 2123
2 2815
1 1387
2 5453
1 5216
1 3134
2 5245
1 3752
1 6323
1 6925
2 5762
1 6044
2 3085
1 3430
1 2765
2 6575
1 2745
2 838
2 613
1 4742
1 288
2 5317
1 882
1 2997
1 5662
2 5010
2 2756
1 1987
1 4338
1 876
2 1668
1 3499
1 4194
2 2329
1 4577
1 2636
2 6492
1 4899
1 4037
2 3722
1 3030
1 5518
1 3893
1 6059
2 6544
2 756
2 2157
2 634
1 1669
2 154
2 3281
2 3232
2 5453
1 5256
2 6693
1 5862
2 2670
1 2836
2 4638
2 1837
1 214
1 3047
2 4062
2 782
1 3986
1 6447
1 2116
1 2050
1 1642
1 5804
1 2530
2 3315
2 1131
1 3315
1 1846
1 5712
2 3476
2 3765
1 6377
2 4861
1 202
2 777
2 3403
1 3889
1 772
2 3926
1 5389
1 1791
1 1279
2 6810
2 3301
1 6734
1 5467
2 4198
1 2789
1 145
1 2220
2 3288
1 1925
1 511
2 3706
1 6743
2 5036
2 5123
1 521
2 1914
1 2251
2 3533
2 4170
1 1066
1 2683
2 24
1 6952
2 3787
2 3090
2 4722
2 5244
1 3111
1 6938
2 1263
2 2577
1 955
2 337
1 2398
1 5809
2 3360
1 5066
2 6779
1 3927
1 4356
1 306
1 4219
1 2338
1 5926
2 3948
1 2051
1 3480
1 533
1 3126
1 5201
1 6993
1 4346
1 3946
1 4273
1 4911
2 577
2 6838
1 3586
2 4949
1 2516
1 156
1 3142
2 805
1 4448
2 6418
1 4934
2 5568
2 1950
1 6187
2 2492
2 291
2 2539
1 5181
1 2991
1 6116
2 6480
2 5809
2 5618
2 673
2 5539
2 4870
2 4477
1 3465
1 4444
1 6654
2 2842
2 456
2 6530
1 4991
2 721
2 4887
1 6155
1 4548
1 3909
2 6282
1 6079
1 2137
1 2293
2 1921
1 1230
1 1602
2 6780
1 3648
2 2341
2 5853
2 2721
1 2159
1 4382
2 3011
2 2032
2 3610
1 4380
1 5500
1 4503
2 5954
2 6051
1 5216
1 4650
1 2346
1 6038
2 2046
2 3519
2 5139
1 6734
1 6696
2 4659
2 3713
2 1490
2 701
1 5811
1 6195
1 4850
1 607
2 5916
2 4879
2 3651
1 3242
1 2763
1 3811
2 526
1 4331
1 5045
2 5189
2 3425
2 646
2 1577
2 3749
1 2540
2 5351
2 1929
2 2653
2 181
1 2346
2 2989
2 3704
1 3805
2 2571
2 1872
2 1184
2 472
1 5935
2 5977
1 6334
2 2305
2 3416
2 5395
1 87
2 6204
2 653
2 4549
2 425
2 122
1 2464
2 866
1 690
2 6657
1 94
2 5842
1 2216
2 833
1 1467
1 3600
2 906
1 6424
2 1155
2 6218
2 662
2 1534
1 6754
2 6180
1 6937
1 1202
1 3045
1 2357
2 4435
2 6779
1 5327
1 3257
1 3688
2 2888
2 3773
1 2357
2 5344
1 4065
2 3650
1 5782
2 4007
2 3908
2 1707
2 1826
1 2110
1 3537
2 6284
1 6661
1 3480
1 77
2 2818
1 4214
1 1014
2 4243
2 5983
2 2296
1 5523
2 6470
2 625
2 1673
2 6905
1 3001
2 1787
2 230
1 6714
1 2976
2 1602
1 2389
1 1224
1 3564
2 2817
2 929
2 3422
2 1394
2 6038
2 4442
1 6564
2 1340
1 2443
1 3498
1 2599
1 5302
2 4829
2 4370
2 4838
1 4331
1 840
1 5315
2 414
2 150
2 114
1 6029
2 1840
1 4154
2 2092
1 3891
1 2886
2 3818
2 2364
1 6228
2 5569
1 1745
1 1741
2 2900
2 5830
1 5483
2 3949
1 5217
1 100
2 3850
1 5198
1 2879
2 4639
1 4715
2 4534
1 2156
1 3136
1 1350
1 6064
2 253
2 4467
1 1569
2 5336
1 1143
1 2952
2 4502
2 6458
2 663
1 6467
1 688
2 6828
1 5770
2 1340
2 4122
1 4583
2 6829
1 6511
1 1392
1 5226
1 295
1 2084
2 3988
2 4191
2 1954
2 1825
1 1474
2 6429
2 2734
1 755
2 2005
1 1236
1 4438
1 2385
1 6368
1 6268
2 585
1 5033
1 2925
1 3182
2 2890
2 4177
2 473
2 6681
2 2600
1 3807
2 6518
1 3886
2 5774
1 5361
2 4720
1 5500
2 6972
2 1807
2 2129
1 374
1 6957
1 3067
1 5893
1 856
2 3807
1 4928
2 1078
1 3326
2 5119
1 4488
1 3337
2 1964
1 1842
2 3028
1 5456
2 3943
2 1764
1 1048
2 2910
1 459
2 381
1 2628
1 445
1 6042
1 4407
1 4661
1 683
2 556
1 393
1 4634
1 2961
1 4689
2 1039
2 2823
2 5203
1 1849
1 5768
1 1733
2 507
1 3684
2 1158
1 5016
1 4654
1 5634
1 4482
1 3800
2 1741
2 4341
2 4862
2 33
2 5654
2 850
1 5465
1 1611
2 5264
2 3596
1 5014
1 4306
1 2650
1 2256
1 85
2 6550
2 4324
1 6322
1 6968
1 469
1 181
1 4215
1 1855
1 3172
2 6844
2 5281
1 501
1 290
2 3574
2 2638
2 3761
2 1989
2 2278
1 6520
2 5911
1 6163
2 1441
1 6391
2 2748
2 4410
2 718
1 707
2 5269
1 1808
1 5068
2 4154
1 2192
2 6228
2 1675
2 4448
2 3129
2 4763
2 1289
2 3218
2 6462
1 92
1 3255
1 6466
1 4548
2 3013
1 5274
1 5878
2 1480
2 4460
2 6251
2 6081
1 2951
1 1390
2 6391
1 4000
2 3046
2 3067
2 6167
2 1383
1 459
2 1832
2 305
2 6346
1 3010
1 4419
2 2085
1 2555
2 5288
2 5547
2 2609
2 970
2 5828
2 1958
2 1062
2 5441
2 5009
1 5041
2 5544
1 5484
1 4358
2 1387
1 922
1 2935
2 5942
1 2514
1 1776
2 1752
1 792
1 1237
2 1355
1 552
1 24
1 4424
1 6345
2 150
1 5684
1 6492
1 5778
1 1748
2 5831
2 2348
2 300
1 6432
1 4810
1 2153
1 6664
2 5324
2 2982
2 5078
1 2562
1 5127
1 5267
2 1868
1 1405
2 6682
1 6229
1 2952
2 1485
2 2796
1 4569
2 496
2 5643
2 4758
2 1484
2 2178
1 6021
2 6664
1 6509
1 3965
1 5827
2 5818
2 6526
2 6006
2 2442
2 3251
2 1415
2 5372
2 3381
1 4318
1 4482
1 4213
1 3584
1 6399
2 6160
2 5311
2 2267
2 5467
2 4235
1 3271
1 3021
1 3437
1 1810
2 1965
2 5774
2 1626
2 280
1 4677
2 5547
2 5438
2 3861
2 6976
1 2454
2 4101
1 1987
1 4282
2 5500
2 387
1 3034
2 5002
2 150
1 772
2 1069
1 1148
1 2016
1 1509
2 6604
1 4578
1 4620
2 1888
2 5304
2 1655
2 3736
1 4596
2 793
1 219
1 108
2 2467
1 931
1 2282
1 4293
1 1339
1 1036
1 2276
1 4965
2 389
2 3520
2 3550
2 1017
1 4721
1 374
2 5736
1 985
1 4656
2 3528
2 1742
1 3188
2 1280
2 1855
1 6079
1 2729
2 2859
2 628
2 904
2 3670
2 2576
2 720
1 5914
2 3389
2 4441
1 5877
1 2040
2 1475
1 4148
2 1179
1 2
2 4351
1 5019
1 972
2 5268
1 6457
1 4211
1 3360
2 3192
1 3360
2 320
1 3418
2 4696
1 4970
1 4920
1 713
1 4909
2 2777
1 6211
2 4784
2 3971
2 176
1 5298
1 3174
1 6322
1 6978
1 4557
2 3406
1 3846
1 3459
2 267
2 2817
1 5672
2 685
1 3013
2 5647
2 4348
2 6364
1 5739
1 4930
2 4601
2 2058
2 4735
1 6755
1 4099
2 925
2 2253
1 5434
2 3012
2 1260
2 393
2 6731
1 4119
2 2525
2 2064
2 51
2 636
2 2386
2 6974
1 5191
1 447
1 6927
2 3943
1 4630
2 1424
1 3422
2 246
1 394
1 12
2 6435
2 2033
1 1011
2 5579
2 1248
1 2250
1 2867
1 5656
2 5458
2 6487
2 1587
1 6949
2 1826
2 3932
1 45
1 2068
1 3605
2 796
2 6936
2 4126
2 6437
1 2004
2 6519
2 6040
1 2014
1 3808
1 2610
2 4241
1 3401
1 4971
1 5747
1 5638
1 749
2 2203
1 3307
1 3822
1 481
2 5066
1 4771
2 1222
1 2595
1 5215
1 2891
1 2430
1 3508
2 3043
2 3918
2 2850
1 3153
1 29
2 4260
1 4218
2 1411
2 5271
1 2830
1 6371
1 1936
1 414
2 2438
2 1028
2 5313
2 2061
1 2324
1 6449
1 2002
1 3747
2 2978
2 1947
2 6461
2 2304
2 1794
1 5734
1 4511
1 2108
1 6682
1 3017
1 5184
1 4793
1 159
2 2418
2 1055
1 3220
1 5071
2 6952
2 4133
2 2319
1 877
2 6103
2 3526
1 3394
2 2640
2 6535
2 4763
2 2005
1 1429
1 6589
1 6506
1 4008
1 2497
1 4953
1 2204
1 6163
1 2184
2 4046
2 2230
1 3527
2 3449
2 1421
2 5888
1 4627
2 1263
1 3571
1 1817
2 6367
2 1569
2 1982
2 3882
1 2077
1 866
2 2748
2 1534
1 5995
1 6363
2 2900
2 6441
2 6210
2 6908
2 5283
1 1190
2 482
1 4487
1 5920
1 1414
1 996
2 37
2 1864
2 3160
2 3910
2 6758
2 4203
1 2268
1 75
2 502
1 6725
1 5327
2 3696
2 4570
1 118
1 1250
1 1552
1 5087
1 3202
1 6794
2 1617
2 364
1 4874
2 5954
2 4165
2 4299
2 1905
2 1132
2 2281
2 4724
1 312
1 5876
1 1537
1 5834
2 5043
2 862
2 4851
2 2331
1 6306
2 2586
1 5352
2 3372
2 5448
2 4319
1 2974
1 3739
1 5015
2 3981
2 4904
2 6444
1 514
1 2290
1 44
1 2092
2 6361
2 990
2 3972
1 6985
1 5217
2 2799
1 2134
2 5528
1 282
1 3525
2 3604
1 2205
2 519
1 2743
1 789
2 1503
2 290
2 3492
1 6522
2 5682
1 4925
2 3451
2 5121
2 2891
1 1713
1 1204
2 4678
2 4991
1 3811
2 5852
2 6141
2 540
1 1114
1 3389
1 4657
1 4966
1 5059
1 6964
2 6920
2 444
1 5757
1 5681
2 932
2 4096
2 1149
1 2059
1 316
1 1763
1 4635
2 6249
2 1265
2 3391
1 955
2 226
1 4210
1 1226
2 869
1 5126
1 5032
1 5402
2 1373
2 5234
1 6459
2 1387
1 1500
2 1608
2 5091
2 2395
2 3189
1 860
2 4599
2 1327
1 3121
2 4745
1 1106
2 1139
1 5636
2 1754
2 4873
2 446
1 4901
2 505
1 3646
1 6307
2 954
1 5996
1 3392
2 25
2 4058
2 2643
2 2976
2 2964
2 4865
2 6499
1 1094
2 5394
2 3807
1 486
1 6530
2 1038
2 5985
2 4032
1 4284
1 6185
2 4071
2 268
1 2628
1 1580
1 1068
1 6853
2 2050
1 6504
1 5265
2 6293
2 2112
2 3390
2 1026
1 6801
2 5971
2 3255
1 5400
2 3731
1 5206
2 2349
1 29
2 4399
1 2366
2 1703
2 1635
1 4711
2 847
2 2513
2 5670
2 1175
1 1237
1 1106
1 6757
2 1186
2 3548
1 3981
2 149
2 3763
2 5057
2 1041
1 822
1 6260
2 5959
1 4449
2 6052
2 6994
2 5867
2 2964
2 1703
2 4519
1 3960
1 5845
2 1067
2 2767
1 3372
1 5380
2 5273
1 659
2 3297
2 6356
2 1620
2 2602
1 6804
2 635
2 4109
1 4819
2 2369
2 357
2 1736
2 2276
2 3718
2 9
1 516
2 3902
2 1404
2 979
1 367
1 1846
1 4153
2 584
2 1392
1 3214
2 5936
1 4125
2 2955
1 5586
1 4663
1 800
1 3856
1 2251
1 5752
1 181
2 4828
2 4775
2 6713
2 4859
2 3510
2 3567
1 4444
1 3573
1 4532
2 2800
2 6471
2 5513
2 3908
1 635
1 4741
2 252
1 5387
1 477
1 6212
2 2164
1 3505
1 712
2 1141
2 4244
2 3355
2 456
1 4103
2 5260
2 2600
1 326
2 4700
1 2294
1 669
1 4008
2 3074
1 2554
2 425
2 3983
2 3203
2 571
1 2625
2 1128
1 910
2 3272
1 5940
2 2492
2 6652
2 764
2 2912
2 5160
2 3884
1 4670
1 4700
2 6989
1 735
2 6106
1 2317
1 593
2 4476
2 902
1 4945
1 2108
2 1550
2 4774
2 135
1 1228
1 385
1 809
2 4468
2 5770
2 1768
2 1985
1 1719
2 4667
2 5010
2 6854
2 1710
2 1351
2 2736
2 556
1 663
2 4013
1 2553
2 2384
1 4017
2 6406
1 4263
1 2768
2 4200
1 5365
1 1415
1 2488
2 2108
2 2902
2 2020
2 2693
1 2602
2 4516
2 757
1 2398
2 1873
2 3712
1 3106
2 2062
1 671
1 2209
1 6059
1 4516
1 4626
2 5479
1 2138
2 355
1 5903
2 3774
2 3292
1 1506
2 2878
1 4474
2 4115
2 1132
2 6820
2 2221
1 4703
1 6465
1 6760
1 698
1 2752
1 2132
1 294
2 798
2 3918
1 2947
2 1951
1 1978
2 802
2 4130
2 415
2 1162
2 1034
2 5056
2 550
2 4521
2 456
1 2969
2 2816
1 2099
1 20
2 1082
2 325
1 1785
1 4605
1 6024
1 537
2 4528
2 2972
1 1826
1 885
2 2570
2 5002
1 5162
2 6588
1 2924
1 4980
2 4927
1 5239
2 2654
1 2590
2 4670
1 6809
1 6551
2 5526
1 5964
2 660
2 4510
1 4604
2 4358
2 3738
1 3490
1 3041
2 314
1 13
1 6083
2 357
2 5579
2 4168
2 4502
2 3470
1 3481
1 1619
2 3973
2 640
1 1631
2 2243
1 53
1 3672
1 1731
2 48
1 374
2 6824
1 313
2 2325
2 319
2 6975
2 4576
2 4515
1 2095
2 5414
1 5099
2 2086
2 837
1 1507
2 5249
2 5750
1 6497
2 4913
2 6854
1 1072
1 5976
2 4366
1 728
1 2715
1 2748
1 156
1 307
1 5099
1 5033
1 6873
2 597
1 609
2 6458
2 4703
2 1539
1 4281
2 3722
2 2205
2 610
1 2595
2 5539
2 564
2 3383
2 659
1 3107
1 3491
2 3319
2 2425
1 6002
2 1435
2 5287
2 3065
2 1469
2 3675
2 3710
1 5076
1 3581
1 4957
2 5342
1 2917
1 25
2 311
1 4151
1 2541
2 1840
2 1580
1 4676
2 4383
1 3168
1 4424
1 5404
1 3693
1 4491
2 4120
2 6786
1 4641
1 5724
2 2911
2 3109
1 5613
2 726
2 3466
2 632
2 508
1 6277
1 4029
1 6187
2 2454
2 2082
1 4531
2 6737
