8000
2 72
2 1876
2 2331
1 5632
1 4073
1 7074
2 4421
2 3973
2 7486
1 6218
1 225
1 1677
2 2751
2 6213
2 4529
2 4268
2 7832
2 2656
1 3305
1 6282
1 4202
1 2877
2 1398
2 97
2 5447
2 3920
2 3445
2 3840
1 4985
2 4707
2 4983
1 5643
1 1788
1 1746
1 196
2 5433
1 4287
2 5327
2 1812
2 7060
2 295
2 5279
2 1047
2 765
1 1867
2 3355
1 7855
2 2406
1 7417
2 560
2 4593
2 5654
1 5232
2 1120
2 4776
1 4968
2 7780
1 6463
1 2321
2 4428
2 190
1 758
2 2336
1 5060
2 5209
2 5251
2 249
2 2792
1 2182
2 4919
1 3256
1 6883
1 6664
2 375
1 5483
2 6388
2 985
2 5948
1 5778
2 1391
2 4963
2 1939
1 7845
1 889
2 5896
1 4893
1 6990
2 3151
2 5018
1 656
2 5675
2 4863
2 5668
2 2229
1 462
2 3373
2 6559
1 7784
2 4989
1 335
1 4606
2 4251
2 3570
1 306
1 1763
1 1682
1 3739
1 1651
2 2663
2 1640
2 6363
1 1799
2 5654
1 3913
2 6215
1 4340
2 3696
1 7863
2 4586
1 7701
1 7594
1 3333
2 3906
2 3673
1 1707
1 4191
2 7617
2 2117
1 3215
2 192
1 7757
1 301
2 2791
1 2873
1 7488
2 575
2 4983
2 2225
2 873
2 505
2 1847
2 928
2 1289
2 4590
2 5522
1 3987
2 2006
2 1669
1 6826
1 7467
2 1724
1 7290
2 7251
1 478
1 1495
2 7771
1 6675
1 2100
1 7674
2 908
1 168
2 3403
1 3051
2 4547
1 2818
2 1491
2 2596
2 3788
1 7492
2 3411
2 3092
2 1286
2 1864
1 227
1 156
1 2341
2 2520
2 47
2 5907
2 2926
2 6326
1 4603
1 2178
2 5438
1 5652
2 921
1 6376
2 7684
2 93
2 7796
1 120
2 1282
1 2026
2 265
1 982
1 1616
2 5454
2 7657
2 1629
1 7192
2 3915
1 7800
1 1756
1 2715
2 5658
2 2801
1 1108
2 3243
2 1447
1 5599
2 2684
2 3311
2 850
1 7013
1 2110
2 354
2 3312
2 6648
2 7799
1 788
2 1096
2 736
1 1595
1 2855
2 6550
2 2171
2 4046
2 595
2 11
1 3769
2 172
2 6116
2 1419
1 32
1 1538
1 3895
1 557
1 4298
1 5746
2 7872
1 6719
1 2531
1 3027
1 4870
1 5440
2 5291
1 5295
1 2789
2 1892
1 3258
2 4163
2 3147
1 4436
1 7991
1 5123
1 6396
1 3115
1 735
2 4819
2 3727
2 2489
1 6149
2 1423
1 5806
2 3396
1 5900
2 1028
1 3546
2 5506
2 750
1 4981
2 420
2 672
1 3577
2 2007
1 2805
1 3519
1 7181
1 661
1 2951
2 1906
2 735
1 717
1 4906
2 6017
1 1785
1 1040
2 4288
2 3177
2 119
1 7334
2 7169
2 3737
1 5964
2 3272
1 3128
2 1014
1 2811
1 7204
2 7236
1 7064
2 3038
1 7645
2 6232
1 3723
2 7395
1 9
2 7931
1 1359
2 4809
2 7217
2 4361
2 5785
2 680
2 4627
1 4592
1 7056
2 1190
2 6371
2 6067
1 5648
1 6403
2 4166
2 3627
2 2218
1 3534
1 150
1 1793
2 4130
2 1325
2 354
2 5685
2 943
1 7193
2 5419
2 1499
2 4671
1 1952
2 103
1 5912
2 7153
2 5921
2 5889
1 4457
1 4505
2 3539
1 5143
2 349
2 4223
1 2431
1 4219
1 3350
2 6752
2 1281
2 5811
2 5260
1 6316
2 5259
2 5178
1 7433
2 5446
1 1315
1 3452
1 5998
2 6472
2 96
1 6365
1 2797
2 700
1 2672
1 4211
1 7565
2 3172
1 1108
1 455
2 6761
1 498
1 3682
1 664
2 6705
2 273
2 579
2 4377
1 4904
2 3098
1 6835
1 6382
2 5540
1 6495
1 3460
1 5554
1 529
1 6053
2 6107
1 6324
2 6126
1 1826
2 1777
2 2933
2 3086
2 4611
2 5523
1 5868
2 7321
1 4840
1 6115
1 2307
1 712
2 3045
2 2325
1 5207
2 6573
2 6339
1 7090
1 5179
1 3881
2 445
1 3224
1 374
1 7859
2 1604
2 6072
2 6400
2 408
2 188
1 7575
1 7945
1 5941
1 6333
1 7886
2 3186
1 2175
2 6354
2 1162
1 530
2 7996
2 3197
1 5836
2 755
1 5831
1 4273
2 1066
1 403
1 6479
2 406
1 1805
1 419
1 281
2 4169
1 5297
1 5131
2 5690
2 6874
1 3879
2 2915
1 4318
1 2636
1 278
1 5371
1 1860
2 7705
1 5686
1 6037
2 1791
2 2731
2 2324
1 4198
1 4022
2 4899
2 5713
2 6425
1 3556
1 5462
1 2659
1 1035
2 5338
1 3147
1 4178
2 4432
2 1720
1 1727
1 1980
2 7149
1 3192
1 5153
2 4818
2 7452
2 1123
1 406
1 1625
1 4811
1 2521
2 502
1 7593
1 5085
2 974
1 6157
1 7665
2 4327
1 6983
1 1755
1 7409
2 628
1 6945
2 277
2 7167
2 4738
1 907
1 545
1 1283
1 1474
2 2503
1 30
2 6587
2 540
1 1069
1 3674
2 440
2 745
1 3304
1 2585
1 5406
2 4088
1 5878
1 3669
2 104
2 9
2 1452
1 6201
1 5922
1 3221
2 1776
1 420
1 1133
2 2756
1 3134
2 4460
1 574
2 1525
2 868
2 4505
2 6111
1 954
1 3013
2 3302
1 1581
1 3033
1 3481
1 1283
2 5913
2 844
2 7723
1 342
1 5031
1 2178
1 1499
2 3765
1 2866
2 6108
2 3034
1 45
2 2213
2 2032
2 7984
1 7167
1 2243
1 1354
2 5945
2 5213
2 481
2 6566
1 2979
1 1009
1 4199
1 2359
1 2482
2 919
2 7506
2 739
1 3901
1 5982
1 5557
1 6020
2 1326
1 5067
2 1523
2 4137
2 4870
2 5270
1 3911
1 7827
2 6679
2 491
1 3580
1 3065
2 3271
2 6186
2 4021
2 7812
1 3284
1 1511
2 103
1 340
1 5386
1 1195
2 1305
2 4793
2 2063
1 5105
1 6827
1 3386
1 5720
2 7082
1 6540
2 3858
2 7281
2 7930
2 5827
2 941
1 6329
1 1977
1 6887
2 5232
1 4963
1 3954
1 6375
2 1007
1 7222
2 4519
2 4290
1 2676
2 7438
2 3787
2 1808
2 5247
1 7385
2 1350
1 6967
1 1280
2 3291
1 6005
1 4087
1 6623
2 2410
2 5352
2 415
1 5556
1 3762
2 3554
1 1429
1 6415
2 4595
1 6364
2 7059
1 6770
2 6846
1 771
2 100
2 4626
1 6268
1 53
2 2795
2 6105
2 7847
2 3784
2 6812
2 4071
1 7886
2 3843
2 2177
1 7693
2 5782
1 7842
2 6518
1 2640
2 6131
1 6870
1 2349
1 7468
1 4403
1 7875
1 43
1 1998
1 6772
1 3457
2 73
2 4505
1 3369
1 3356
1 7413
2 1378
1 2457
2 1364
2 430
1 5876
1 31
2 3934
1 715
2 1677
2 4651
1 3424
2 6005
2 286
2 1536
1 7993
2 1896
1 2319
1 1588
1 3638
2 3894
2 5561
2 5683
1 5982
2 1156
1 2283
1 2044
1 5736
1 5963
2 5349
2 5027
2 511
2 281
2 800
1 6989
2 6341
2 2637
1 6148
1 5431
1 4749
1 734
1 5616
2 3823
1 3231
2 5909
2 2933
1 473
2 4216
1 4686
1 7387
1 940
2 968
2 5755
2 4956
1 4467
2 7346
2 481
2 5476
1 5516
2 527
2 2841
2 2903
2 3628
2 6187
1 2128
1 4810
1 5913
1 6791
1 3079
1 3465
1 4334
1 7893
2 468
1 5520
1 5467
2 6783
2 5728
2 7122
1 2594
2 353
1 4199
2 4725
2 6427
2 394
2 6715
2 83
2 5233
2 5055
2 5504
2 635
1 675
1 6008
2 3505
2 4846
2 7364
1 417
1 922
1 7715
2 1659
1 1370
2 733
1 451
2 1412
1 5111
2 1901
2 6637
1 6957
1 449
1 150
1 5491
2 282
1 2163
2 6131
1 3292
2 3138
2 6462
2 5942
1 4832
2 3311
2 581
1 3171
1 3503
1 321
2 738
1 3605
1 2474
2 812
2 5151
1 3320
2 2664
1 5045
1 5886
1 2189
2 2418
1 954
1 6066
1 5866
1 136
2 7591
2 4515
1 2551
1 6298
2 1537
2 6254
1 7794
2 5968
2 3615
2 3939
2 3756
1 5634
2 5484
2 1477
1 2505
1 2368
2 4711
1 5965
1 6404
1 4236
2 931
2 423
1 6057
2 731
2 2503
2 2227
2 7961
1 5527
2 7630
1 4038
1 7114
2 6496
2 5512
1 4583
2 6852
2 1414
1 280
2 2387
2 6885
1 6481
2 1716
1 6905
2 7325
2 7610
2 6312
1 2750
2 5683
2 4975
2 3411
1 6713
1 6782
2 2194
1 297
1 184
1 7021
1 4602
1 4847
2 6202
2 640
2 5553
1 2498
2 7924
1 6477
2 1653
2 7249
1 4940
2 892
1 7096
1 4510
2 3168
2 1482
1 6943
1 7680
1 7360
1 202
1 5958
2 3044
2 3952
1 5727
2 7610
2 3911
2 6695
2 1540
2 4798
2 7102
1 1235
2 4485
1 6279
1 7279
1 466
2 5507
1 5888
2 4693
1 3002
1 5171
2 6855
2 2944
1 7187
1 4127
2 6446
1 5843
2 5591
1 4516
1 1083
2 132
2 3385
2 5554
1 5800
1 543
1 6555
2 4047
2 2019
1 3779
1 470
2 1557
1 4111
1 5923
1 758
1 2799
1 1986
1 2310
2 60
2 4384
1 3077
2 4808
2 6170
1 5564
2 3735
2 663
1 378
1 5165
2 490
1 6583
2 7032
1 5296
1 7780
1 5310
2 2979
2 469
2 1567
2 3289
2 4416
2 2434
2 1258
2 1733
1 518
1 2097
1 7046
2 5719
2 3555
2 237
1 489
1 2676
2 5174
1 5785
2 1279
2 5209
1 1939
2 105
2 6308
1 5013
2 1347
1 6695
2 5867
2 5578
2 4481
2 2287
1 4762
2 2608
1 4990
1 6580
2 7148
1 146
2 5469
2 2297
2 3533
2 4879
1 632
2 7576
1 7201
2 7066
2 6809
1 1918
2 3710
1 1658
1 5314
1 1069
2 5038
2 4490
1 742
1 7929
1 5742
2 58
2 7149
1 4556
2 4529
2 5133
1 2548
2 34
2 1374
1 2265
1 7882
1 205
2 1741
2 2059
1 3572
2 5426
1 7438
2 3168
2 3755
2 4491
1 3490
2 1388
1 7321
1 5347
2 6720
2 2455
1 671
2 5213
1 1746
2 5787
1 2321
2 5485
1 7285
1 7943
1 3384
2 2204
2 6653
1 4095
2 6992
1 5768
1 110
1 6906
1 2504
1 5282
1 5700
1 194
1 7429
2 5999
2 2412
1 3704
1 5983
1 5256
1 4745
2 7566
2 2273
1 1179
1 2672
1 7883
1 5517
1 3111
1 3179
1 6154
1 342
2 2371
2 1338
1 3195
2 2341
2 2712
1 2958
1 4000
1 6421
2 7266
2 3852
1 2769
1 4855
1 5363
1 6224
1 4729
2 2126
1 4272
1 2279
1 5208
1 2260
1 5137
2 2644
2 7487
1 5235
1 2150
1 1868
2 3606
2 3277
1 973
2 6266
2 2265
1 4085
1 573
2 1148
2 7958
2 5619
1 2302
2 2852
2 5233
1 5828
1 2222
1 5559
1 480
2 5783
2 7614
2 433
1 5296
2 4369
2 2419
2 6016
2 5246
2 2378
1 7782
1 6021
1 4031
1 4622
1 5380
2 6998
1 441
2 990
2 7694
1 6782
1 7175
2 5676
1 922
1 5883
2 4760
2 1506
1 4816
1 5055
2 561
2 2587
1 5486
1 112
2 3047
2 4520
1 3589
1 296
2 6373
1 13
1 1466
2 3446
1 3308
2 2818
1 453
2 5019
2 3854
1 6003
2 1141
2 2829
1 818
1 6080
2 5482
2 119
1 20
1 7165
1 6170
1 4791
1 1282
1 1138
2 4941
2 1440
2 5600
2 1692
1 5217
1 5238
1 5092
1 7147
2 1223
1 628
2 4826
2 5763
2 4355
2 9
1 5729
2 6139
2 2800
2 2006
1 1069
1 6560
1 3322
2 817
1 323
2 819
2 2466
2 7590
2 2624
2 1447
2 382
1 5041
1 3283
2 6500
2 7286
2 1797
2 5886
1 519
1 263
1 6281
2 89
1 5663
1 68
1 7701
1 5134
1 6705
2 3345
2 2297
2 2462
2 6517
1 2854
1 3126
2 3099
1 2327
2 658
2 2499
1 620
2 631
1 6389
1 586
2 2892
2 5034
1 3076
1 3112
2 907
2 5495
2 6537
1 4464
1 1803
1 3290
1 3553
1 6505
1 196
2 6916
2 6525
2 7563
2 2626
1 3545
1 609
1 7750
2 610
1 817
2 4263
1 1980
2 3288
2 7255
1 6269
1 1026
2 3755
2 4557
2 611
1 6115
2 5879
1 3590
2 5550
2 6172
1 1450
1 875
2 5768
2 2465
1 2120
2 151
1 4398
2 7254
1 6120
2 2139
2 5680
1 4951
1 4084
1 5370
1 5941
1 7729
2 6893
2 6445
1 1524
2 5479
2 1060
1 2145
1 3196
1 238
2 5698
1 4020
2 108
2 5873
1 257
1 5628
1 3324
1 3470
2 3057
2 4544
2 1970
2 3670
2 7220
1 2557
2 494
1 2257
2 6018
2 6178
2 4703
1 3448
1 4070
1 5652
2 3980
2 6905
2 3647
1 3499
1 7052
2 6455
2 6528
2 179
1 4557
2 519
1 7728
2 6061
2 5777
2 3636
2 5547
1 4811
2 4460
2 2172
1 5023
1 1719
1 6216
2 337
2 1103
2 1420
1 5153
2 3161
2 1364
2 1499
1 3146
2 558
1 7831
1 5480
2 5286
1 3871
1 5592
2 2155
1 111
1 3820
2 3883
1 6927
1 7090
1 5710
2 5813
2 1334
1 593
1 2797
2 3187
2 1651
2 3712
1 7528
1 4724
2 5071
2 5193
1 337
1 922
2 197
2 840
1 2158
1 3549
1 3717
1 175
1 7097
1 4231
2 6325
1 2499
1 5601
2 3065
2 6507
1 1117
2 7175
1 165
1 2036
1 682
1 194
2 466
1 4881
1 7916
2 7899
2 5467
2 5813
2 1911
1 1937
1 1456
2 1352
1 3509
2 3158
1 7444
1 5030
2 866
1 2129
1 6813
1 4833
2 3344
2 3802
1 5751
2 7739
2 6180
1 385
1 2785
2 3501
1 3799
1 199
2 5870
1 7843
2 7606
1 2275
1 4422
1 125
1 2722
1 6334
1 1058
1 1039
2 1041
2 7416
1 1364
2 930
1 4620
2 1441
1 4285
1 4913
2 2159
1 5568
2 5780
2 2157
1 4588
1 1488
2 1254
1 3962
2 968
2 3198
2 3856
2 2928
2 5339
2 6188
1 4807
1 4762
1 981
1 6641
1 2961
1 2106
1 1908
1 3415
1 3017
2 6531
1 1935
2 5595
2 3743
2 7326
1 3598
1 2673
1 981
1 4454
2 2031
1 5821
1 2691
2 3691
2 2691
1 6427
2 2452
1 4083
1 5423
1 4632
2 3463
2 1268
1 1004
2 1591
2 5167
1 6363
2 1543
1 7597
1 7283
2 1481
1 4449
1 1765
1 7247
2 5264
1 7344
1 3260
1 6737
1 443
1 4668
1 262
2 5148
2 643
2 7715
1 5384
2 169
1 283
2 7125
1 4667
2 6209
2 805
1 3417
1 2128
2 708
2 1082
2 1671
2 2470
2 294
2 1061
1 716
1 6294
2 3436
2 5289
2 937
1 6696
1 2035
2 7671
2 2100
1 6042
2 874
1 5497
1 2133
1 928
2 2323
1 7626
2 6986
2 5599
2 1222
1 7931
2 7139
1 945
1 1006
2 3216
1 6279
2 1508
2 3081
1 5312
1 3373
2 1275
2 6380
1 2425
1 2468
2 5036
2 1853
1 4954
1 652
1 5600
1 56
1 6263
1 3419
2 3958
1 1067
2 3160
1 985
2 5312
1 889
2 4858
1 6308
1 1732
2 474
1 7949
2 3436
1 7612
2 473
2 4020
1 7416
1 1750
2 150
2 520
1 1759
1 5301
2 7234
2 7637
1 4688
1 6511
1 5349
2 284
2 2187
1 3021
2 7131
2 2704
1 5669
1 3406
2 5074
2 3417
2 4296
2 5668
1 846
1 6483
2 2993
2 2358
2 7398
1 1104
2 4336
2 3868
2 7557
2 5074
2 7084
2 7910
1 7401
2 7185
1 860
1 7765
2 4583
1 4731
1 4879
2 3488
1 1125
2 4399
1 5285
2 2352
1 1630
2 4738
1 1299
1 1636
2 3809
1 2171
1 6755
1 1871
2 3347
2 1494
1 2738
1 3509
2 2153
2 708
2 7472
1 2833
2 3887
1 7080
1 7459
1 2194
2 5636
1 3100
1 2789
2 7194
1 6235
1 426
1 1697
2 189
2 7227
1 1876
1 1306
1 136
2 6144
1 6797
2 1444
2 5815
2 4568
1 2174
2 5737
2 1406
2 1159
2 2498
1 2853
1 4993
2 1443
2 7529
1 5931
2 476
1 1176
2 3128
2 3102
1 7196
1 3110
1 7976
1 4344
2 4803
2 5150
2 5987
2 7110
2 4617
2 1321
1 7370
1 5994
2 7765
2 577
2 626
1 6552
2 5960
2 4725
1 6562
2 3162
1 4914
2 1898
2 6487
1 1804
1 2843
1 1428
1 3648
2 6881
1 380
1 5057
1 1922
1 1884
1 5123
2 6159
1 373
2 407
1 659
1 1905
1 4133
1 3775
2 3457
1 3758
1 3922
1 3478
2 6552
1 5217
1 4656
1 2224
2 6934
1 3578
1 2088
1 2870
1 4652
2 6332
2 2837
1 3367
1 5634
2 4349
1 5064
2 1874
1 6513
2 3241
2 5316
1 7133
1 1031
2 4735
1 3
1 3777
1 2439
2 4691
1 6895
2 4427
2 7014
2 7434
2 6954
2 7965
2 7120
1 737
2 3399
2 6443
2 7520
1 7270
1 654
1 1086
1 491
1 7613
1 5308
1 6772
1 630
2 4061
2 1089
1 6846
1 7227
1 1361
1 5248
1 2721
1 1897
1 5943
2 1426
2 566
1 1441
2 6852
2 3460
1 7722
2 1209
2 7934
2 6740
2 4351
2 6781
1 7424
2 5752
1 4041
1 6121
2 7098
2 4247
2 881
1 7920
1 5742
1 1741
2 1333
2 5176
1 4340
2 491
1 3814
1 6491
2 2359
1 4341
1 7209
2 5544
2 7734
1 7587
1 2039
1 7648
1 7812
2 6625
1 2397
1 4345
1 7688
1 3471
1 6844
2 927
2 6718
2 4993
2 5770
2 7982
1 1204
1 8000
2 6479
1 3577
2 1870
2 5895
2 7977
1 4998
1 6275
2 1351
1 2249
1 7888
2 3869
1 1764
1 6004
1 2180
2 1212
2 5813
1 5379
1 3588
2 916
1 6344
1 2339
2 2343
2 746
2 2651
2 341
1 1334
2 2140
2 2020
1 4462
1 4273
1 3350
2 7434
1 4953
2 3720
2 3997
2 6378
1 17
2 2978
1 4872
2 3668
1 935
2 922
2 2370
2 139
2 898
2 4861
1 330
1 7816
1 5850
2 5709
2 2355
1 7415
1 4283
1 4737
1 6308
2 4473
2 7817
1 4931
1 6360
2 5344
1 1334
2 241
1 5983
1 5686
2 6989
1 7452
1 5276
1 951
1 7915
1 844
1 3525
1 5522
2 7041
1 4409
2 2726
2 172
2 531
2 5331
1 4958
1 7389
1 5564
1 6076
1 4705
2 6257
2 7656
1 6985
2 2420
1 7976
1 5400
2 7493
1 1204
1 1398
1 6753
1 1518
1 5328
1 6275
1 1965
2 565
1 5706
1 1453
2 4985
1 706
2 4473
2 6145
1 4886
2 6318
2 650
1 2182
1 7464
1 647
2 4282
1 242
1 1321
2 4368
1 926
2 435
2 7655
1 1086
2 284
1 3816
1 7298
2 4412
2 5807
2 5924
1 5935
1 7656
1 1831
1 2802
1 7800
1 5396
1 6439
1 6412
2 4154
1 5062
2 1573
1 5154
2 1637
1 3768
1 1005
2 7641
1 7104
1 4248
2 5406
1 5705
2 4770
2 1417
1 7595
2 3135
1 3706
1 7265
2 1179
1 7801
2 6408
1 1001
2 1226
1 5356
2 7713
1 7520
1 1254
1 7553
2 5103
1 6200
1 6707
1 4436
2 4270
1 7255
2 5831
2 1012
1 4849
1 7959
1 1039
1 1638
2 475
1 7494
1 7048
1 2722
1 2406
1 4904
2 903
1 3155
2 544
1 1520
2 1073
2 1819
2 1705
1 7882
2 132
2 7438
2 6838
2 7893
2 2508
2 6898
2 4561
2 4385
2 430
1 7749
2 1494
1 1013
1 3873
1 567
1 5687
1 6475
2 4080
1 1644
2 5753
2 7826
1 6778
2 1851
2 7414
1 7659
2 5426
1 5682
2 4057
1 3309
2 2015
2 1679
1 549
1 6369
2 6812
2 5064
1 4910
2 5639
1 3353
2 4356
1 2781
1 6671
2 4377
2 6496
1 2673
2 5216
2 5938
1 4588
2 4473
1 4821
2 145
1 747
2 7963
1 3067
1 4851
2 6038
1 5520
2 7828
1 6124
2 281
1 3749
2 6935
1 6436
2 6036
2 2684
1 7086
2 2709
2 1052
1 2377
1 310
2 3470
1 3064
1 2454
1 5699
1 2163
1 4900
1 3967
2 5593
2 7419
1 1617
2 374
1 6580
1 560
1 7651
1 1280
1 193
2 6835
1 3378
1 1910
2 7778
2 2806
1 6602
1 4741
1 5550
2 1152
2 6699
1 239
2 111
1 7340
2 2761
2 840
2 4771
2 618
1 5772
2 185
1 1723
2 2556
2 1105
2 4224
2 5023
2 1786
1 1192
1 1710
2 6952
1 1808
1 6677
1 2728
1 4260
2 2683
1 4047
2 7079
1 5654
2 5199
1 6980
1 5304
2 691
1 4595
2 2322
2 189
1 3302
2 1379
1 4239
2 3049
1 1805
1 1709
2 7618
1 5896
2 1849
2 5941
2 6568
2 373
1 3698
2 433
2 624
1 6882
1 2289
1 1518
1 63
2 5715
2 6245
1 265
2 4142
1 675
2 2286
1 4343
2 5831
2 2558
2 4581
2 3582
1 7179
2 2662
2 6738
1 5881
1 5614
2 1838
1 5812
1 5271
2 3353
2 962
1 7101
2 5853
2 4200
1 5725
1 6035
1 6368
1 7146
2 7440
2 6096
2 4171
2 4132
1 4802
2 3202
2 5535
2 5069
1 3499
1 6124
1 1966
2 7955
2 2008
1 1220
2 7775
2 5461
2 5866
1 5043
1 750
2 935
2 7191
1 5272
2 1449
2 4882
1 3303
1 1349
2 1140
2 5457
1 2744
2 4224
2 4677
2 5140
1 4090
2 4420
2 5096
1 5121
2 628
2 1341
2 828
2 2926
2 894
2 464
1 6645
2 3305
1 772
1 1296
2 4760
1 4208
2 2698
2 2762
2 7042
1 7097
2 3938
1 122
2 5538
2 6187
1 1527
2 851
2 2106
2 483
1 3974
1 379
1 6370
1 304
2 2848
1 1997
1 2308
1 2583
2 2985
2 22
1 865
1 1424
2 6428
2 2520
2 2571
1 4680
2 5892
2 7114
2 4201
2 1309
2 900
2 4053
2 5430
1 612
1 2065
1 3609
1 7682
2 3174
1 7091
2 4710
2 1135
2 1502
1 7880
1 6532
2 6838
2 7485
2 5184
1 3947
2 7136
2 5991
2 5282
2 3147
1 4749
1 2356
1 6981
2 2822
2 5552
1 1264
2 5720
2 4593
2 1680
2 5339
1 7067
2 4694
2 201
2 6377
2 3171
2 5365
2 6409
1 7362
1 7066
2 5950
1 5460
1 5891
2 3004
2 6489
2 7553
2 3452
2 1116
1 4703
1 826
2 1200
2 1309
1 2846
1 2432
2 665
1 5818
2 2585
1 1316
2 5857
1 6526
1 4037
1 7631
2 6186
2 4940
2 845
1 4795
2 2438
1 472
2 4174
1 632
2 4352
2 5676
1 4444
2 1000
2 3409
2 3813
2 3516
1 3907
2 1516
2 6579
2 1384
1 4244
2 4147
2 476
2 4558
1 250
1 1215
2 6585
1 1873
2 6440
1 6876
1 4664
2 7366
2 7333
2 3658
1 1881
1 5048
1 5965
2 4925
1 4337
1 5669
2 4110
1 5662
1 5993
1 7679
1 2987
1 5896
1 7616
1 6956
1 6909
2 1676
2 5893
2 5958
1 5101
2 686
1 4574
1 5339
2 5691
2 5414
2 5316
1 366
2 5115
2 2656
1 7173
1 117
1 4754
2 4411
2 6400
2 4697
2 1917
1 7885
2 7980
1 7865
2 523
1 7198
2 3474
2 295
1 5342
1 3113
1 3342
1 3305
2 1646
1 2783
1 5459
1 6777
1 261
1 291
2 7780
2 4166
1 324
2 590
2 4891
2 5361
1 5149
2 4845
2 2405
1 977
1 1943
1 7486
2 1091
1 4335
2 4173
2 3447
2 4235
2 1162
2 3631
2 2943
1 2726
1 6548
1 64
2 435
2 5840
2 3443
2 7126
2 4066
1 5595
2 6274
1 2973
1 2513
1 1580
2 7630
2 6868
2 5688
1 1340
2 2073
1 270
2 3779
2 4632
2 3482
2 1331
2 4306
2 2466
2 122
1 1404
2 890
1 3086
2 7576
2 4347
2 4801
2 5669
2 2311
1 3537
2 2854
2 4037
2 7563
1 2741
1 3607
2 5471
2 2336
2 1332
1 1592
2 5688
2 4403
1 427
2 803
1 6313
1 6566
1 6287
2 4643
1 3743
2 2320
2 5734
1 1912
2 1115
2 3835
1 7435
2 1878
1 6131
2 740
1 430
2 7525
2 912
2 3071
1 529
1 6210
2 2478
2 3312
2 6732
2 2173
2 5406
1 6163
2 7050
2 6617
2 5127
2 1845
1 3722
2 4111
2 7073
1 1752
2 159
2 2700
2 4473
1 7796
2 816
2 6958
1 5552
1 2864
1 1401
1 6923
2 7356
2 2669
1 7560
1 6250
2 7909
2 1468
1 192
1 1032
2 393
1 418
1 4954
1 5844
1 3801
1 6107
1 1759
1 1523
1 538
1 4628
1 7087
1 2941
1 7268
1 5232
2 7230
1 5438
2 4710
1 4292
1 6929
2 2486
1 6368
1 2523
1 4357
1 921
1 360
1 4531
2 265
2 3728
2 6502
2 5758
2 1759
2 7926
1 2328
1 226
1 415
1 5084
1 975
1 6137
1 5940
1 4934
1 2479
1 4113
1 476
1 236
1 2931
1 7917
1 2156
2 121
1 1959
2 3650
1 970
2 3919
2 4076
2 6204
1 4210
1 1153
2 1591
2 3575
2 7922
2 3095
1 7378
2 7045
1 6381
1 7886
2 6746
2 5230
1 4507
1 278
1 4864
2 2604
2 455
1 786
2 4360
2 6507
1 6225
1 6555
2 4173
1 2639
2 3050
1 7934
1 2106
1 7790
2 2522
2 1529
1 5266
2 1681
2 6781
1 1282
1 6186
1 5431
1 6593
2 7872
1 7146
1 6354
2 7594
2 5520
1 2191
1 2312
1 2703
1 5121
1 5484
2 6708
2 4251
1 6936
2 7204
1 98
2 588
2 1613
2 562
2 5079
2 1335
2 2444
1 1889
2 1478
1 6018
2 4277
1 2452
1 1884
1 7976
1 1052
1 5824
2 885
1 1657
1 4426
2 492
2 3556
2 4247
1 6586
2 2360
1 432
1 5626
2 3997
2 4307
1 7569
2 7725
2 7319
1 5188
1 631
1 4367
1 4735
2 2210
1 6531
1 7123
2 5603
2 7964
2 4172
1 5504
1 898
1 2225
2 1820
2 4850
2 2896
1 3641
2 4336
1 407
1 5045
2 7258
1 6908
2 5875
1 7694
1 5332
2 1700
1 284
1 3370
1 7350
2 388
2 6590
1 3791
2 7334
1 5929
2 1049
1 2867
1 5150
2 213
1 3070
2 4675
2 1065
1 639
2 4182
2 352
2 5098
1 7185
1 539
1 7324
1 853
2 5033
1 988
1 3329
1 6900
2 7512
2 4862
1 6603
1 35
2 614
2 4533
2 2089
2 7316
2 6284
1 4943
2 5824
2 7820
1 5432
1 4970
1 6568
1 4260
2 2188
1 7289
2 5613
1 3082
1 2336
2 3331
1 143
1 1661
1 4220
1 867
2 7234
2 7060
2 606
1 1929
1 2799
1 3256
2 6394
2 1976
1 7153
1 549
2 7285
1 6150
1 7385
1 2989
2 3689
2 31
1 5739
1 7669
1 5732
1 6850
2 2782
2 4342
1 4137
2 3971
2 5984
2 4286
2 2797
1 7687
2 463
1 428
2 5851
1 2507
1 3137
2 7479
2 6609
2 2141
1 6590
1 7784
1 2657
2 6369
2 7873
1 4571
1 7441
2 6990
2 2106
1 2306
1 6491
1 4719
1 5006
1 290
1 4270
2 5026
2 3606
1 276
1 6123
2 924
1 1436
2 261
2 3176
1 1763
2 353
2 7990
2 7856
1 1746
1 5466
1 2941
2 3905
1 153
2 2222
1 323
2 5325
1 506
1 4601
2 1412
1 3194
2 1293
2 2253
2 4818
2 1123
2 7485
2 3947
1 4241
2 7636
2 6217
1 2446
1 4092
2 7825
1 7876
2 6305
2 6815
1 6544
2 4757
2 5700
1 860
1 6395
2 2488
1 5963
2 4966
1 7279
2 2107
1 63
2 7561
2 6271
2 3074
2 3099
1 4768
2 4273
2 452
2 5904
2 1693
2 704
2 3659
2 4802
1 4164
1 6040
1 759
2 4168
2 2672
2 1310
2 7868
1 1776
1 4301
2 6821
1 3488
2 1080
2 2396
1 6010
2 1790
1 7062
2 5619
2 5593
2 7301
2 4402
2 2106
2 5750
1 6073
1 7975
2 3951
1 6325
2 5937
2 4293
1 1251
1 1202
2 7256
1 7889
2 1850
2 5306
1 4141
1 2948
2 47
1 3791
2 3395
2 7880
2 6222
1 6312
2 1153
2 382
1 3576
2 2095
1 4322
1 507
2 6883
2 6401
2 5110
2 70
1 3415
1 2866
1 1888
2 219
1 3890
1 1542
2 5142
1 4267
1 2660
1 6201
2 6372
1 6682
1 6708
1 2872
2 5162
1 1344
2 7865
2 6566
1 1497
2 5801
2 2466
2 6168
1 7033
1 3413
1 4527
1 7193
1 7142
2 3960
2 2358
1 7334
2 3599
1 123
2 5791
2 6643
1 6518
2 1977
2 3432
2 805
1 306
2 5827
2 5473
1 3670
2 5488
2 1500
2 5296
1 6100
1 4077
1 3838
2 4623
1 1314
1 3134
1 1875
1 6538
2 1461
1 329
2 829
1 4994
2 696
2 5385
1 2703
2 1260
1 6409
2 142
1 7697
2 6226
2 954
1 5115
2 704
2 273
2 5841
1 2054
1 7051
1 857
2 6728
1 699
1 1816
1 5488
1 3661
1 6457
1 4221
1 3504
2 4867
1 883
2 7751
1 324
2 1343
1 7088
1 438
1 3567
2 3916
2 4876
2 5631
2 5958
1 488
2 1269
1 9
2 7792
1 1285
1 6447
2 2544
2 6189
2 3529
2 5392
2 7941
2 4364
2 2575
1 5253
2 716
1 1844
1 2915
2 3019
1 6205
2 7004
2 137
2 3703
2 4996
1 4562
2 119
1 7278
2 129
1 760
2 3478
2 2286
2 5256
1 898
1 5893
1 6659
2 5730
2 5946
1 278
1 2898
1 4490
1 4413
1 2832
2 4178
1 6576
2 699
2 3563
2 14
2 7674
1 4538
2 1303
2 101
2 4350
1 2771
2 4725
2 4170
2 6794
2 1908
1 476
1 1412
2 6940
2 3164
2 3925
2 1134
1 3242
2 4450
2 2720
2 6072
1 2844
2 4527
1 6189
2 3237
1 3916
1 7487
1 6627
1 1419
1 2189
2 4644
2 4893
2 4695
2 7009
1 5828
2 4648
2 5190
1 1601
2 2070
2 1542
1 1708
1 1945
2 5096
2 4718
2 1457
2 5066
1 4060
2 2185
2 6095
1 102
1 1830
1 6519
1 6421
2 4023
2 6991
2 2120
1 7079
2 4280
2 5877
2 644
1 6972
1 2395
2 7369
2 4452
1 158
2 193
1 7888
1 3158
1 622
2 2053
2 2083
1 7420
1 6430
2 3634
2 4016
1 5229
1 2229
2 1544
2 1270
2 1267
1 6990
1 6267
2 3404
2 6156
1 6233
1 2484
1 411
2 5097
2 7960
2 4494
1 4895
1 2994
1 612
1 6425
2 426
1 4672
1 6886
2 5083
2 4513
2 3425
1 7582
1 7882
2 4541
1 5272
2 1759
2 1428
2 3403
2 5850
2 5392
2 2263
2 2540
1 5330
2 6957
2 5481
2 1622
1 7645
2 2884
2 2129
2 5009
1 6991
2 6265
1 780
2 1467
1 7405
1 194
2 4362
1 517
2 1905
1 4972
1 4846
2 5108
2 2889
2 2708
2 6417
2 5857
2 4696
2 5039
1 7743
2 2681
1 6964
1 5763
1 7032
1 765
2 2918
1 3051
2 6641
2 6851
1 2157
2 5206
2 6481
1 7859
2 7291
2 1993
1 6516
2 1675
2 757
2 7961
1 3435
1 6428
1 888
1 433
1 2106
1 2699
1 143
1 7186
2 601
2 1296
2 4606
1 7694
1 3379
1 5818
1 4411
1 5772
2 7274
1 2154
1 6191
2 712
1 3793
2 3539
2 2937
2 1808
2 1905
1 5184
1 6635
2 4296
1 1925
1 2446
2 11
1 3302
2 3262
2 1326
2 5204
2 4598
2 5567
1 7461
1 626
2 3351
2 1762
1 2507
1 5065
2 3837
1 2289
2 2703
1 7343
1 237
1 493
1 6833
1 2925
2 2692
2 5067
1 2823
2 387
1 7985
2 7154
1 7289
1 4513
2 5942
1 1151
1 2629
2 46
2 3691
1 3074
2 1531
2 2821
1 6714
2 7550
2 5186
2 2162
2 6692
1 4844
2 5521
1 7290
2 891
2 504
1 6839
1 1297
1 358
2 3650
2 6548
1 4513
2 7200
2 4510
1 5149
1 522
2 5881
2 2133
1 3164
1 2332
2 7315
1 419
2 7150
1 3358
1 4519
2 1719
1 6980
2 6091
2 2878
1 2294
2 4514
2 4496
2 7544
1 5175
1 5219
1 1807
1 200
2 3976
2 114
2 4959
1 7413
2 7016
2 658
1 266
2 2523
2 2251
2 4119
1 1742
1 2792
1 6361
1 3883
1 6812
1 416
2 5103
2 5323
1 2524
2 794
2 5661
1 7687
2 2215
1 5568
1 6119
2 6
1 3915
2 4627
2 4932
2 5631
1 5834
1 1188
1 1505
2 4033
1 4636
2 604
2 2015
1 4139
1 808
1 565
1 337
2 1717
2 1295
2 5631
2 5439
1 4902
1 1826
2 1628
1 4965
1 2075
2 807
2 1604
2 6517
1 4358
2 5080
1 3650
1 3729
1 301
2 6627
2 3509
1 210
2 1639
1 2667
1 5200
2 6276
2 482
2 2245
1 5978
2 2919
2 1120
2 4220
1 5615
2 6896
1 7541
1 5582
1 3389
1 2885
2 1291
2 4397
1 4487
2 3845
2 5022
1 319
2 2726
2 2750
1 3777
1 1118
1 1603
1 4981
1 7959
1 3992
1 4446
2 1185
2 5274
2 752
2 5195
2 7088
2 2199
1 91
2 2735
2 1153
2 112
2 4357
2 7111
2 7208
1 6809
2 4618
1 3746
1 1837
1 5276
1 6397
1 1378
2 7501
1 1557
1 2020
1 6783
1 2744
2 6646
2 2681
1 4291
2 3345
2 7620
2 683
2 4239
2 3186
2 4952
1 923
2 981
1 1125
2 7839
2 7327
2 1692
1 3755
2 6939
1 6531
1 1343
1 2937
1 1120
2 4803
1 5230
2 6582
2 4696
2 82
1 300
2 5311
1 6527
2 1558
1 7247
2 4195
1 3751
1 6506
1 7427
1 6375
1 1077
2 4058
1 2375
2 1923
2 2402
2 1323
1 1518
1 1187
1 5371
2 2256
1 5280
2 2152
1 5345
1 6902
1 982
2 2596
1 458
2 4153
1 5986
2 1953
2 2239
1 557
1 2405
2 1498
2 860
2 7126
2 7510
1 6720
2 2259
2 175
1 642
2 311
2 5737
2 2791
2 5190
2 7958
1 2807
2 4320
2 7383
1 5227
2 1450
2 3567
1 6779
1 2613
2 4227
2 1246
1 3085
1 7080
1 5656
2 301
2 4541
1 1004
1 1745
1 844
1 461
2 1438
2 6636
2 6371
1 1813
2 1550
1 2490
2 3659
2 3648
1 1471
2 160
2 3474
2 3405
2 235
2 663
1 58
2 2767
1 1276
1 2348
2 4794
1 2157
2 5331
2 2560
2 956
1 2787
2 1669
2 2697
2 30
2 7807
1 5337
1 7439
2 49
1 2084
2 2892
1 4784
2 253
2 779
2 3533
1 4381
2 5307
1 5309
2 4097
2 986
2 5081
2 3354
1 6080
1 386
1 5370
1 5014
2 2518
2 3649
1 627
2 2230
2 579
1 6936
2 3343
1 5912
2 3260
1 1949
1 204
1 6312
2 3239
2 5624
2 7196
2 43
1 1699
1 1383
1 421
2 7416
1 3901
2 6714
2 1089
1 2106
2 7740
2 2008
1 4670
2 4527
2 3671
2 5240
2 3935
1 5548
1 6521
2 5161
1 601
2 7895
2 3012
2 2635
2 3799
1 364
2 5899
2 3092
1 375
1 6969
1 4311
2 1292
1 6155
1 3489
2 3619
2 2129
2 7065
1 7580
1 1503
2 659
2 3355
2 7670
2 6641
2 4633
2 448
2 3724
1 5871
2 2106
2 4585
1 5714
2 1702
2 2469
2 6637
1 7503
2 5206
1 3482
1 6101
2 6431
2 948
2 1262
1 5408
2 7536
2 5607
1 4747
1 4416
2 4422
1 6028
1 4334
1 7067
1 4280
2 2802
1 2535
1 7308
2 177
1 1118
1 2653
1 6239
1 1199
2 6088
2 3015
1 7000
2 5703
1 1628
2 1844
2 5037
2 1951
2 5050
2 1988
2 6408
1 5554
2 7222
1 5676
2 6086
2 6928
1 7961
2 4214
2 2618
2 3995
1 5150
2 4927
2 2154
2 139
2 182
1 4279
2 1297
2 2795
1 645
2 5476
1 4252
1 2522
2 418
2 4384
2 3245
2 6859
1 3483
2 1942
1 5723
2 3589
1 1583
2 6281
1 1264
2 2020
1 850
1 1933
1 41
2 3670
1 428
1 3532
1 1017
2 2207
2 7130
2 2754
2 3207
2 5397
1 108
2 3906
1 6060
2 2468
2 6309
1 6895
2 1078
1 6412
1 7038
2 707
1 999
1 606
1 4067
1 6732
1 2998
1 5315
2 2229
2 6569
2 2829
1 501
2 6342
2 7249
1 1289
2 3907
1 609
1 6157
1 6718
2 210
2 7423
2 1977
2 3185
1 7447
2 1426
1 2888
1 1179
1 4061
1 2814
2 317
2 2925
2 3205
1 6043
1 3634
2 1094
2 4289
1 565
2 6100
1 6782
1 2712
1 6028
2 2981
1 6879
1 4517
1 2132
2 7225
1 231
2 7704
1 4022
2 6394
2 4744
2 5236
1 4941
2 1444
2 4968
2 6991
1 3370
2 7241
2 6625
2 4821
2 17
2 3534
2 6849
1 389
2 7609
1 1196
2 3211
2 2099
1 5776
1 6320
1 3380
1 6212
2 3637
2 4028
1 807
1 4277
2 3964
1 3076
2 2882
1 3668
2 6573
2 1233
2 2967
2 3973
1 3141
2 6081
2 3052
1 191
1 4787
2 1669
2 2747
1 77
2 5853
1 1186
1 3826
1 4301
2 7065
1 4273
2 7412
1 2612
2 884
2 4511
2 2711
2 2632
2 2862
1 7534
1 5924
1 2532
2 6268
2 5938
2 6874
2 7864
2 2245
2 2516
2 875
1 2886
2 166
2 5202
1 6013
1 6054
2 4910
2 957
2 1515
2 3075
2 5410
1 4602
1 6913
1 4124
1 7354
2 898
2 5379
1 6788
1 7457
2 6946
2 6311
1 1635
2 1593
2 6011
1 854
2 5490
2 790
1 7491
1 2992
1 2434
1 2174
1 4162
2 7109
2 3894
1 1008
1 5270
2 1116
1 901
2 3353
2 5040
1 6511
2 2681
2 928
2 5653
2 7085
2 498
2 3804
2 3486
1 5175
1 6436
2 5912
2 1208
1 868
1 6037
2 406
1 7588
2 7678
2 1440
2 5193
2 2104
2 4866
1 1140
2 1881
2 2780
1 5155
1 6997
2 2275
2 2830
1 5704
1 6042
1 6582
2 5470
1 6474
1 3374
2 728
2 6131
2 2166
2 6608
2 7359
1 5765
1 17
2 3283
1 1048
2 3105
1 4687
1 3038
2 5955
1 2472
1 4251
1 1516
1 4757
2 7759
1 2514
2 3661
2 4501
1 2592
2 3656
1 5348
1 959
1 3576
2 7041
1 5799
1 5445
1 1416
2 4985
2 1250
2 6280
1 212
1 6365
1 4789
1 5347
2 4919
2 4432
2 5137
1 6817
2 989
2 2919
2 2686
1 514
2 7559
2 3885
2 4312
1 378
2 522
1 2335
2 526
1 4018
2 5904
1 2097
1 6946
1 3205
1 5590
2 5704
2 3947
2 7172
1 429
1 6782
2 1558
1 1907
2 5689
1 737
2 2529
1 713
2 3445
2 3635
1 4190
1 4020
1 1132
2 6636
2 7414
2 7506
2 5057
1 1972
2 4963
2 569
2 7913
1 1578
1 5109
1 5104
1 172
2 1887
1 4175
1 4468
1 6567
2 4187
2 2343
1 2613
2 3213
1 7447
2 7625
2 5078
2 7201
1 1026
2 6164
1 4016
2 4989
1 4925
2 1787
1 5071
2 7887
2 990
2 4805
1 1971
2 3863
2 3824
2 526
1 6993
1 6762
1 7409
1 708
2 1744
1 6002
2 979
1 5803
1 2892
1 3819
2 4604
1 3993
2 7767
2 7784
2 2950
1 1467
2 882
1 7308
1 3520
1 6414
1 2200
1 5585
1 747
2 6119
1 7540
1 4293
2 4286
2 3755
2 7334
1 2952
2 4066
1 2904
1 4162
1 6287
1 1078
2 2234
2 5841
1 2852
2 1548
1 4214
2 2702
1 2275
2 1450
1 3523
2 5482
1 6846
2 4875
2 2412
1 6792
1 6650
1 7964
1 848
2 130
2 881
1 7167
1 994
2 610
2 2702
1 3211
2 617
2 5866
1 1684
2 9
2 1921
2 2509
2 87
1 4984
1 216
1 3379
1 1793
2 2315
2 945
1 2041
1 14
1 4838
2 3172
1 1454
1 7184
2 2724
2 477
1 7127
1 7020
2 3412
1 4953
1 6444
2 2139
1 632
1 4908
2 5082
2 1387
1 7301
1 4286
2 5759
2 7803
1 2277
2 1481
2 1008
1 5378
2 1144
2 796
2 5494
2 6281
2 3918
1 3611
1 5133
2 2732
2 495
2 6333
1 4068
1 733
1 7315
1 6989
1 3360
1 1825
1 4074
1 1065
2 2008
1 5009
1 3670
1 902
2 2138
2 6234
2 2476
2 2346
2 5285
2 4670
1 183
1 5872
1 2861
1 529
1 3956
1 2504
1 475
1 4156
1 5847
2 4980
1 1354
1 509
1 5765
2 6477
2 4555
1 3045
1 7383
1 2428
1 3809
2 1625
2 7774
2 3905
1 4998
1 4754
2 2265
2 5935
1 5348
2 5213
2 7041
1 5229
2 3869
1 796
2 5117
2 3767
1 7811
1 2754
1 2670
1 3483
2 6689
2 6875
2 741
2 5437
2 3696
2 5506
2 7912
2 6227
2 995
2 6057
2 6513
1 426
2 2716
1 7061
1 5486
1 3807
1 1972
1 5790
1 3714
2 3815
1 2359
2 5747
1 7682
2 6984
1 7781
1 2005
1 5625
1 221
2 755
1 6423
2 4453
1 3797
2 2120
1 2277
1 4088
2 5749
2 1536
2 570
2 280
1 1362
1 620
1 551
1 671
1 3927
1 1168
2 3923
1 2268
2 7493
2 5412
2 2614
2 7696
1 5038
2 7508
1 4573
1 5169
2 2809
2 1215
1 1577
2 5099
2 7906
2 7740
1 3216
2 6554
1 823
2 208
2 1818
2 529
2 7068
2 7865
2 6629
2 1366
2 967
2 3815
2 2465
1 2979
2 3332
2 7101
1 2389
1 4327
1 5299
1 1877
2 7641
2 7043
2 7877
2 1977
2 6810
1 2190
2 3522
1 7211
1 6105
2 81
2 6342
2 4894
1 4267
2 6603
2 1088
2 1402
2 570
2 6319
2 626
2 3292
2 4995
2 5281
1 52
1 7507
1 4119
1 7868
1 2352
1 6372
1 2714
1 2255
1 3943
1 1543
1 7367
1 668
2 6827
1 5800
1 2729
1 279
2 2787
2 7655
1 100
1 2733
2 202
1 2265
2 2794
2 3386
1 3504
1 2373
2 2758
1 4562
2 4343
1 807
2 1365
2 5753
2 2008
1 4848
1 3143
2 5227
2 5084
2 7684
1 7075
2 2261
1 1763
1 507
2 6208
1 5401
1 928
1 160
2 6221
1 2894
2 3418
2 2357
2 5386
1 830
2 3309
1 7981
1 396
1 3303
2 6599
1 6641
2 3453
1 4282
1 1452
1 5788
1 2585
1 4895
1 307
2 766
2 1395
1 5486
1 774
2 4125
1 1262
2 1400
1 6246
2 1711
2 197
2 5692
1 7908
2 7394
2 6019
2 2802
1 617
2 6740
1 7243
2 6532
1 2799
1 7323
2 5521
2 3600
1 1286
2 7806
1 6879
2 4584
2 1872
2 7994
1 4050
2 4433
1 6341
2 4414
1 4506
1 5767
1 2288
2 4399
1 3453
1 6648
1 6960
1 7717
1 7444
2 836
1 3576
1 7148
2 7245
1 2692
2 3663
2 3076
2 4264
2 384
1 4497
1 1954
1 5306
1 3447
2 1324
1 1389
1 109
2 6490
1 5603
2 3265
2 5373
1 7249
1 6351
1 5487
1 5564
2 1269
2 5337
2 3131
2 5903
2 7829
2 1857
1 6236
1 751
1 7282
2 4891
1 5760
2 938
2 4866
1 524
2 6790
1 4191
1 1008
2 4305
1 386
1 966
2 7322
2 6393
1 6525
2 1829
1 1874
1 5030
1 5362
2 2715
2 6303
1 2960
1 3601
1 2970
2 5113
1 6785
1 7488
2 2021
2 2383
1 7578
2 7829
1 7766
2 1092
2 4429
2 6877
1 7450
2 2478
2 1249
1 921
1 7155
2 6486
1 6513
2 3515
1 1333
2 6396
2 5485
1 2734
2 1417
2 6224
1 152
1 2891
1 2157
2 4473
2 6408
2 5989
2 4274
2 4497
1 3113
2 3326
1 3133
1 5671
2 4538
2 7439
2 6983
1 6716
1 2382
2 68
1 1053
2 5831
2 269
2 893
1 4129
1 2674
1 560
1 4622
1 391
1 6682
2 6281
1 384
1 1560
2 4178
1 889
1 1614
1 1394
2 4257
1 3319
1 3497
1 2182
1 3775
1 7184
1 117
1 1113
1 6364
1 609
2 394
2 2052
2 6682
2 7327
2 7283
2 2868
2 1614
2 7632
1 4978
1 2475
1 3650
2 5967
2 5370
2 508
1 5814
1 7308
1 2996
1 5331
1 3226
1 7241
1 6139
1 5739
2 6998
2 3934
2 2591
2 3478
1 6914
2 7478
2 6950
2 6520
2 3054
1 2512
2 5638
1 5772
2 2972
2 4223
1 556
1 3166
2 7361
2 3306
2 5369
1 1935
1 4808
2 3405
1 5503
2 1365
2 1807
1 7478
1 5704
1 952
1 4007
1 2824
1 5456
1 4118
2 6424
1 4412
2 2886
2 96
1 2267
1 91
2 7759
2 4763
2 1950
2 7813
1 1731
2 4255
2 2116
1 1646
1 1070
1 6299
2 1762
1 4572
2 7568
2 2640
1 1155
1 6698
1 7454
1 6865
2 1061
2 3783
2 3263
1 265
1 6777
2 5943
2 4943
2 3381
1 5415
1 5457
1 3615
2 6822
1 1032
1 6272
1 4402
2 4864
1 1643
1 2
2 1154
1 2302
2 5329
1 7788
2 6394
2 3308
1 1584
1 5860
2 4537
1 4331
1 6387
1 2982
1 2965
1 688
1 2360
1 4672
1 7574
2 5957
1 2641
1 7445
1 823
2 455
2 4932
2 2461
1 3624
2 359
1 1099
2 6116
1 5583
1 233
2 7573
1 647
1 6466
1 2792
1 4675
1 7994
1 4942
2 6543
2 2283
2 2756
2 1780
2 4833
1 7513
2 5313
1 2470
2 435
2 1801
1 7135
2 3855
2 5869
2 7854
2 866
2 7240
1 1421
1 622
2 5665
2 2147
2 2723
2 4899
2 4103
2 5156
1 1429
1 796
1 466
2 3843
1 1757
1 7066
2 919
2 2284
2 5510
1 5396
1 5692
2 6719
2 5427
2 691
1 2364
1 6481
2 857
1 7703
1 2855
1 4776
1 4224
1 7824
2 2591
2 5187
1 3205
2 1445
1 2460
2 6032
1 7386
1 785
2 5097
2 3827
2 1861
2 5825
2 7333
2 4614
1 2077
2 5335
2 5443
2 3603
1 6865
1 4074
1 714
1 3164
1 5472
1 6467
2 6422
2 7892
2 2786
1 162
1 5589
1 5091
2 3325
2 503
2 5387
1 7270
2 3121
2 1514
1 2318
1 6509
1 4365
2 723
2 5578
1 1915
1 1783
2 2178
1 2431
2 4489
1 7785
2 7161
1 4990
2 5700
1 7342
1 2157
2 6256
2 5002
1 3945
2 4233
1 6927
1 7217
2 206
1 2730
1 7019
1 7168
2 167
1 4068
2 1638
1 1715
2 7632
2 3323
2 632
2 1660
1 1595
1 1835
1 2411
2 893
2 4909
2 5601
1 864
2 6030
2 5759
1 5376
2 137
2 4989
2 4831
1 29
2 1901
1 4041
1 204
2 6531
1 7399
2 6887
2 2717
1 4272
1 4135
1 7293
2 5051
1 470
2 112
2 3434
2 5282
2 986
1 7640
1 252
2 7396
1 6552
2 75
1 2615
2 2726
2 5918
2 1352
2 4949
1 802
1 7660
2 7075
2 7808
1 4067
1 1531
2 4545
2 7706
2 2763
2 1523
1 4511
2 6646
1 2768
1 4339
2 5387
2 7068
2 6971
1 7885
2 425
2 649
2 2536
2 3463
2 1200
1 365
1 4169
1 4763
1 2667
1 7787
2 6179
2 567
2 2232
2 3036
2 3023
1 5310
1 3148
1 1804
1 4474
1 7046
1 2541
2 6268
2 2213
2 984
1 3318
1 158
2 3494
2 7027
1 7767
2 2780
2 7462
1 1033
1 4114
1 5970
1 3937
1 6400
2 1087
2 1231
1 233
1 6898
2 6665
1 728
2 7522
1 3374
2 1455
1 4773
1 1223
1 7541
1 5316
2 1314
2 1252
2 2878
1 5552
2 7151
1 7067
2 1074
2 492
1 4704
1 5344
1 3888
2 2185
1 4798
2 4284
1 4554
2 3562
2 388
1 717
2 2759
2 1926
2 1699
1 2756
1 1311
2 935
1 6910
2 1701
2 5314
1 6893
2 4719
1 7051
1 6417
1 4620
1 3520
2 1826
1 483
2 7626
2 1395
1 7915
1 6338
2 7554
1 5179
1 1916
2 555
2 3171
1 640
1 6973
2 1937
1 7537
1 6047
1 4652
1 3419
2 5187
1 1768
2 4058
2 1505
1 6724
1 3422
1 5740
1 4211
1 7731
2 5050
1 7002
2 851
2 2787
2 3688
2 3699
2 630
1 3963
2 3657
2 4503
1 3398
1 6710
2 2095
2 3196
1 3811
1 1636
2 1444
2 4522
1 1053
1 424
1 3172
2 6207
2 1340
2 5496
1 6750
2 3307
1 1529
1 3360
2 6967
2 5045
1 6274
2 3840
1 1863
1 4724
1 7673
2 7625
2 537
1 3223
2 5237
1 5379
1 5743
2 5726
2 5568
2 714
2 5117
2 2783
2 1752
1 4877
2 1193
1 2
2 3695
2 6222
2 5137
1 3461
2 7402
2 6628
2 1413
1 7288
2 6885
2 4860
2 3401
1 1410
2 1326
1 404
1 6100
1 5018
2 2565
1 4094
2 6868
1 6671
2 611
1 6307
2 6311
2 1025
2 1008
2 3005
1 7523
1 1893
2 2698
2 1500
2 4560
1 5637
1 197
2 1315
2 936
1 574
1 7334
1 1672
1 7838
2 704
1 5159
2 5783
1 1428
2 4241
2 2807
2 5295
1 4323
2 1995
2 2358
2 1539
2 3863
2 3161
2 6205
2 794
1 4401
2 62
1 724
1 2640
1 1443
1 2895
2 3514
2 7571
2 4759
1 7731
1 6817
1 4007
2 3945
1 4394
2 4015
2 2402
2 1256
1 6339
1 318
1 4913
1 2137
2 7333
2 2077
2 465
1 244
1 455
1 6733
2 7383
2 3556
1 6967
2 6020
1 41
2 7435
2 279
1 2414
1 3522
2 4924
2 6235
1 2215
1 5233
2 6464
1 2509
2 194
1 5146
1 2386
1 3082
2 6405
2 2676
2 5283
1 130
1 3947
2 4810
2 6999
1 3323
1 3808
2 251
2 4421
2 2510
1 6985
1 6202
1 3898
1 7209
2 2745
1 6094
2 5687
1 3339
1 317
2 2707
2 2863
1 6283
1 5201
2 1015
1 4426
1 1810
2 3816
2 6269
2 1637
2 4252
1 617
1 4734
1 2383
1 5628
1 5548
2 3491
2 334
1 2773
2 7361
2 4140
1 4568
1 5729
2 4329
1 6956
2 1690
2 1389
1 7451
2 6155
2 7348
2 7451
1 7361
2 4099
2 3771
2 4255
2 1720
1 1827
2 1014
1 322
1 2324
1 6991
1 7457
1 3298
1 5145
1 4734
2 7405
1 6001
1 7939
1 5051
2 6846
2 7858
2 1407
2 1700
2 2476
1 3455
2 6064
1 2222
1 2114
2 3397
2 5291
1 1503
2 1922
1 3973
2 4091
1 3986
2 544
1 981
1 7709
2 6199
1 7746
2 2654
1 3973
2 848
2 7686
2 7068
1 6871
1 3382
2 4348
1 801
2 7087
1 5202
2 4392
2 2066
2 1306
1 7652
1 2625
1 488
1 4635
2 959
2 1972
2 2736
1 6567
2 4106
2 6370
2 1419
2 1897
2 577
2 3230
1 7983
2 3647
2 3506
2 3760
1 4260
2 7867
2 4225
1 85
1 5256
2 5987
1 4068
2 7292
1 6732
1 113
1 2344
1 2442
1 5109
1 5267
2 4330
1 7575
1 476
2 108
2 2975
2 7215
1 4526
1 4433
1 13
1 2195
2 7148
2 4557
1 4623
1 4725
1 556
2 3934
2 1812
2 7807
2 214
1 6262
1 1121
1 6797
2 2408
2 6139
2 1803
1 7470
2 6579
2 6215
1 7421
2 1318
2 476
1 1577
1 7224
1 3503
1 7451
1 162
1 462
2 5108
1 7039
2 2728
1 7654
2 4821
2 4137
1 999
2 5564
2 4774
1 6220
2 6587
2 7262
2 7023
2 1203
1 567
1 688
1 6510
2 4987
1 289
2 6440
2 4496
1 7509
2 5747
2 1298
1 1724
2 7878
1 5980
2 6670
1 3272
2 7526
2 5629
2 3533
2 2369
2 6628
2 1837
1 5847
1 6056
2 512
2 2997
2 456
1 6576
2 1040
2 2004
1 1615
2 4929
1 4604
2 4732
2 2926
1 6136
2 2306
2 7316
1 4221
1 5604
1 1074
1 2676
1 5222
2 5514
1 3571
1 300
2 618
1 290
1 4732
2 7421
2 3611
2 3800
2 2332
1 5598
1 5024
1 4557
1 4019
2 5945
2 436
2 1107
2 3767
2 3435
1 551
1 3892
1 5104
2 4167
2 987
2 2667
2 59
2 4948
1 6537
1 873
2 3211
1 1355
2 7290
2 6162
1 4963
1 5210
2 3406
2 5886
2 2718
2 7139
1 1272
1 5817
1 7271
1 6397
1 7231
2 6594
1 6017
2 7154
2 3327
2 6799
1 7233
1 2047
2 1830
1 200
2 6542
2 7128
1 2872
2 7944
1 2792
2 3297
2 396
1 6304
2 6238
1 5750
1 3980
1 3219
1 6615
2 4836
2 7289
2 539
1 6282
2 2926
1 6244
1 5986
1 2182
2 6537
2 7670
2 4361
2 5483
2 1248
2 5033
2 165
2 5422
1 3857
2 4365
2 2685
2 4377
2 4717
2 1732
1 3726
2 1736
1 4860
2 2886
1 3975
2 557
2 3447
1 158
1 6926
1 1166
1 3852
2 299
1 1273
1 770
1 4382
1 800
1 1493
2 1719
1 706
1 1156
2 4130
1 1775
1 1539
1 2611
2 6100
2 7166
2 5727
1 6683
2 404
1 1678
1 5960
1 5567
1 3389
1 667
2 2980
2 1016
1 1888
2 1720
2 6413
2 303
2 1601
2 7176
2 850
1 7460
1 4568
1 7749
1 3188
2 4203
2 5136
1 2620
2 7209
2 5353
1 5323
1 4175
2 3420
2 731
2 1884
2 6450
2 7211
1 7696
1 4492
2 1903
2 1960
1 7530
2 3926
2 6818
2 7385
2 6177
1 6122
1 2429
1 3769
2 511
2 5486
1 517
1 1268
2 1573
2 4984
1 5331
2 7406
2 6725
1 5334
1 2773
2 3197
1 7846
1 7750
2 2506
1 2666
1 2915
1 5182
2 4873
1 5172
1 5164
1 165
1 1659
1 1742
2 7620
2 1944
1 732
1 5724
1 4609
2 678
2 702
2 6713
1 6031
1 2132
2 518
1 4468
1 6893
2 5466
1 6317
2 718
1 2094
1 420
2 448
1 6974
1 2298
2 530
2 5280
2 4205
1 6602
2 504
2 4419
1 6395
1 6768
1 95
2 4402
2 5176
2 6221
2 3203
1 4873
1 6187
2 6168
1 403
1 5242
2 3599
1 4958
2 1779
1 7818
1 7121
2 4220
2 1341
2 4818
1 7187
2 6887
1 2044
2 7999
1 5228
1 293
1 239
2 3858
1 3814
2 81
1 4748
2 5921
1 510
1 1499
1 7035
2 4436
2 2984
1 4869
2 3543
1 7785
1 4424
1 5863
2 4528
2 7601
1 7162
2 1772
1 4748
1 209
1 7819
2 275
1 3553
2 5634
1 3262
2 5295
2 540
2 7697
2 7496
1 2727
1 6302
1 5215
1 4884
2 3255
1 2426
1 3362
1 1535
2 5805
1 120
2 6754
2 5341
1 3180
1 1492
2 7165
2 1395
2 6317
2 3904
1 6948
1 3451
1 1337
1 4510
1 3099
2 4771
1 2928
1 7431
2 3645
1 5005
1 5894
2 1095
1 4662
2 7697
1 5953
2 222
2 2247
1 4727
1 6716
2 3968
2 6342
2 7869
1 678
2 5334
2 6427
2 2967
2 2691
1 891
2 1092
2 7210
1 2538
2 4992
1 2833
1 6736
2 902
1 2153
1 2281
2 3800
1 2133
2 7917
1 2884
1 4098
1 1644
1 7738
1 4398
1 135
2 3633
2 6191
2 1162
2 5967
1 4832
2 1888
1 77
1 1529
2 1031
1 3349
1 6143
2 3735
1 3017
2 7499
1 2494
1 1135
1 4382
2 7410
1 2426
2 3835
2 3794
1 6381
1 7162
1 3882
2 4226
1 7573
1 6997
1 1373
1 1122
2 1655
1 5562
2 3498
1 5817
2 7249
2 2089
2 5916
2 3427
2 5081
2 2935
2 4146
2 6159
2 4150
2 2510
1 668
2 4926
1 1924
2 2219
2 7745
1 6858
2 2389
2 6047
2 7483
2 6493
1 2283
2 3534
2 1305
2 7925
2 2111
2 3250
2 3740
2 3751
2 4412
1 4121
1 2555
2 473
1 2053
1 4003
1 7967
1 6406
1 6827
2 7365
1 6503
2 6206
2 2872
1 6985
2 870
2 803
1 5927
1 4428
2 6304
2 3821
2 4777
2 5630
1 5265
2 6631
1 7329
2 805
2 3813
1 3568
2 2089
2 2523
1 4033
2 3643
1 4428
1 6731
1 761
2 4879
1 5641
1 7800
2 663
2 2824
1 22
2 7734
1 6235
2 7700
1 3035
2 6639
1 5365
1 183
1 115
1 7199
1 5388
2 6279
1 5806
1 7193
2 1147
2 689
2 6610
1 768
2 463
2 5874
2 3221
1 1614
2 2699
1 222
1 36
2 2897
2 6884
1 7005
2 1439
1 3688
1 2628
1 4585
2 1179
2 5258
2 1355
2 786
1 7775
1 5696
2 6026
1 2682
1 5480
2 7463
1 1030
1 1625
2 3557
2 3439
2 7483
1 7993
1 827
1 4062
1 5462
2 5947
2 66
1 3405
2 7034
2 2833
1 2886
1 5737
2 7612
1 7362
1 4487
1 564
1 3943
1 745
1 3961
1 770
1 6265
2 758
1 3077
1 7229
2 2339
2 1836
1 3398
2 4065
1 1805
2 7329
1 6797
1 1920
1 4240
2 2561
1 7069
2 5247
2 1402
1 972
2 3568
2 3159
1 718
2 3667
2 2545
2 5525
2 4482
1 2686
1 5439
1 4635
2 7999
1 4745
1 1648
1 5789
1 2980
1 5762
2 1612
1 6692
1 2178
2 4493
1 6861
1 1934
2 2209
1 2017
1 5606
1 1804
1 3770
1 3721
2 2809
2 5731
2 1724
1 7587
1 1055
1 5292
1 1352
1 3300
2 4197
1 6612
1 180
2 1490
2 3337
2 29
2 1804
1 3336
2 3137
2 4379
1 5132
2 6326
1 5364
1 695
1 6567
1 4958
2 4478
1 6383
2 4355
1 4696
1 7216
1 2644
2 1274
2 1487
2 4366
2 6539
1 5019
1 6210
1 3472
1 5069
2 7847
1 2692
1 5410
1 39
2 5012
2 509
2 5604
1 2490
1 6286
1 1958
2 1706
2 5756
2 2737
1 592
1 1469
2 7157
2 7376
2 2846
1 1240
2 7107
1 1970
2 1223
1 1708
1 4375
2 1871
1 7189
2 5213
1 1846
2 1495
2 4712
1 6146
2 6137
2 4267
1 1652
2 1833
1 6157
1 4898
1 255
2 3280
2 3379
1 1989
2 5668
1 5485
1 5057
1 2196
1 4626
1 680
1 6687
2 3327
1 6925
2 3291
1 2187
2 5933
1 3372
1 5849
1 6549
1 1529
1 1306
2 6436
1 676
1 4208
2 1046
2 4021
2 2992
1 7060
2 1139
1 7801
1 7238
2 1372
2 4696
1 3790
1 2439
2 306
1 2368
1 521
1 2728
1 1524
2 7035
2 7667
1 2739
1 4595
1 2348
2 6856
2 4549
2 1207
1 5001
1 1719
1 335
1 3064
1 5470
1 1509
2 5205
2 4135
1 1547
1 426
2 818
2 291
2 1729
1 4498
1 402
1 4356
2 7880
1 5405
1 7030
1 5012
2 4348
2 3711
1 371
2 7121
2 7884
2 7649
1 6387
2 1900
2 4346
1 1310
2 3507
1 6669
1 349
2 5319
2 1284
1 3981
2 7394
2 6751
1 458
2 6330
2 6471
1 5536
1 2112
1 7639
1 3614
1 3956
2 7153
1 921
1 4240
2 7549
1 128
2 5035
2 1048
1 7566
1 7970
2 1003
2 5315
2 4527
2 5855
2 3115
2 6839
1 6877
1 5524
1 49
2 41
1 5959
1 1332
2 7863
2 3173
1 7634
2 4610
2 2539
1 3850
1 6679
1 2520
2 5168
2 139
1 3360
1 1380
1 220
1 4591
1 494
1 6630
2 3384
1 4754
2 5750
1 2355
2 4035
1 5858
2 1055
2 4213
1 1263
1 1059
2 5701
1 7913
1 226
1 7851
2 4409
1 31
2 2678
1 6823
2 5247
2 1917
2 5050
1 2708
2 7567
2 6076
2 1327
2 7495
1 277
2 4586
1 4555
1 3366
1 1201
2 1511
2 5754
1 3372
1 6775
2 1512
2 7768
2 7656
2 1135
2 5687
1 3448
1 4926
2 2775
2 7600
2 7392
2 101
2 6748
2 4549
2 778
2 6440
1 293
2 4092
2 4837
1 7846
2 2760
1 7660
2 4178
1 2258
2 659
1 6659
2 7848
2 3379
2 7172
2 131
2 6385
1 1957
1 4305
1 7808
1 1834
1 2006
1 6753
2 5348
1 2694
2 2441
1 2705
2 2667
2 1195
2 6103
2 4209
2 6439
2 5364
1 5737
1 1860
2 2621
1 494
1 1983
1 3971
1 4070
2 5403
1 620
1 7770
1 4336
1 5170
1 7064
2 1833
1 1466
2 2205
2 5181
1 6853
2 5691
2 249
2 2282
2 5813
1 6652
1 6874
1 1987
2 2485
1 6809
1 132
2 2175
2 3638
2 6404
2 5555
1 2345
1 4188
2 450
2 4692
1 991
2 4991
2 5420
1 5833
1 3158
2 2795
1 4271
2 4906
1 468
2 224
2 6413
2 4990
1 2100
1 82
2 5530
1 646
1 550
1 297
1 5439
2 6707
2 4332
1 7491
2 1338
2 4010
2 7327
2 5037
2 2460
1 4551
1 7976
1 6830
1 5834
1 791
2 2055
1 2300
2 7741
1 4381
2 2831
1 69
1 2434
1 2126
1 2791
1 1767
2 5947
1 3669
2 3851
1 504
1 7771
2 1040
1 2953
1 2111
2 4398
1 4369
2 1861
1 5945
1 7951
2 861
2 950
2 6485
1 2544
2 7472
1 3494
2 3257
2 5718
1 1464
1 4277
1 5691
2 7449
2 1878
2 215
1 4776
1 6248
2 7520
2 82
1 5504
1 7428
2 1249
1 257
2 1015
1 6784
2 599
1 7251
2 6774
2 904
2 5812
1 3341
2 4761
1 7959
1 798
1 1284
1 7983
2 6975
1 751
1 1380
1 2557
1 356
2 6838
2 6379
1 2874
1 7041
2 6003
1 4270
1 4180
2 4450
2 5855
2 3539
2 2090
1 2600
1 1890
2 3222
1 3664
2 4553
1 3803
1 4357
2 7887
1 4877
1 5212
1 1156
2 7394
1 7058
1 4780
1 2185
2 7610
1 6921
2 6275
2 6496
2 6202
2 694
2 4817
1 6697
1 5179
1 2164
1 1591
2 6805
1 5002
1 2159
2 7819
2 7213
1 6565
2 6824
1 2905
2 1802
2 578
2 1908
1 1821
2 1566
2 1736
1 4157
1 522
2 4074
2 3220
1 2560
1 6919
2 7430
1 4597
2 1166
2 2476
1 7324
1 6513
2 7755
2 2761
1 3949
1 7550
2 4850
1 3551
2 11
1 3273
2 4879
2 6949
2 6301
1 2354
2 3843
1 6917
2 7902
1 1037
1 67
2 668
2 4254
1 6691
1 2969
1 1149
2 4479
1 5232
1 930
2 1711
2 2874
1 6563
1 7182
2 3242
2 728
1 5728
1 6180
1 6110
1 4473
2 4545
1 2747
1 5485
1 1232
2 4945
1 3266
1 6700
2 2084
2 4496
1 1017
1 1702
2 2577
1 6706
2 1397
2 6744
1 3717
2 2271
1 5152
1 7350
1 3140
2 2804
1 6711
2 36
1 6757
1 3969
1 6218
2 3006
1 6418
2 3401
1 7295
2 5457
1 6988
1 7878
2 7120
1 5536
1 3428
1 6050
1 2056
2 7072
1 6531
2 3647
2 6858
1 956
2 6499
1 1327
1 7882
1 529
1 6868
1 7613
1 4626
1 2227
2 440
1 1698
2 1599
1 2087
1 5703
1 4433
1 7745
2 6119
2 5260
2 1772
2 2974
1 6241
1 1830
2 4108
2 5615
1 5304
1 5640
2 4541
1 7138
1 4289
2 5689
2 6847
1 3191
2 7687
1 7957
1 3334
2 3587
2 5960
2 3466
2 1467
2 6768
2 2806
1 4379
2 5754
1 442
2 3511
1 3489
1 7186
2 1779
1 1317
2 2501
1 1927
2 3008
2 7054
2 3719
1 4179
2 1498
2 3701
2 2363
1 5217
1 15
2 6352
1 1990
1 5521
2 7295
2 2056
2 3621
2 5239
2 7263
1 4284
2 423
1 2971
1 5496
1 190
1 878
1 3962
2 6633
1 6036
1 1202
1 2308
2 5025
2 184
2 1469
1 3804
1 2342
1 5337
2 3760
2 3419
2 6417
1 2328
2 637
1 5262
1 1807
1 716
2 5483
1 7475
2 1762
1 4606
1 5781
2 704
2 3742
1 1133
2 4267
1 7644
2 5420
2 2635
2 5168
1 2468
2 3018
1 3007
2 1850
2 5031
1 265
1 6689
1 181
2 2026
2 1230
1 449
2 7904
2 5541
2 402
2 7328
1 1422
2 1476
2 2787
1 5685
2 4135
2 1831
2 2336
1 2729
1 3877
1 5475
2 3776
1 2524
2 5911
1 1087
2 1995
1 2782
2 3169
1 5495
2 3295
1 5686
1 57
1 7740
2 4205
2 1183
1 1964
1 3762
2 1850
1 5062
1 6487
2 4336
1 3103
2 4301
2 5295
1 7044
1 73
1 6411
2 7226
1 5165
2 378
2 970
2 659
2 5215
1 7429
1 7623
2 3114
1 4354
2 7062
1 118
1 2113
1 2419
2 4776
1 6651
2 6832
2 130
1 6861
2 4402
2 4066
2 3634
1 5225
1 1768
2 6230
1 3516
2 1015
1 928
2 5215
1 2765
2 7171
1 4431
2 1956
1 131
2 3630
2 2719
2 3105
2 1204
1 686
1 5680
1 3556
1 3047
2 7307
2 3283
1 3152
2 6233
2 5155
1 1165
1 30
2 5817
1 935
2 2394
1 2583
2 2348
1 5532
1 4776
2 6236
1 6410
1 6554
1 4503
1 1758
2 1823
1 5200
2 3199
2 6374
2 2539
1 4223
2 5290
2 5966
1 2338
2 1914
2 3094
2 4997
2 685
2 7340
2 4533
2 6287
2 6311
2 1746
2 7341
2 6659
2 7265
1 1213
2 1432
2 2764
2 991
1 3793
2 3908
2 4456
2 7961
2 6985
2 244
1 3116
2 1786
1 1201
2 4254
1 7678
2 1508
2 1130
2 3307
1 5914
1 1898
1 3561
2 5882
1 5582
1 404
2 1849
1 2205
1 5437
1 7647
1 244
1 2138
2 5343
2 4091
1 398
2 4331
2 704
2 267
1 1418
1 5374
1 7229
1 2729
2 6723
2 3446
1 1098
1 7071
1 7525
1 1513
2 686
2 6382
1 1713
1 2080
2 5
1 779
1 764
1 3674
1 4606
2 4957
1 2672
1 6857
2 7834
1 6081
2 5962
2 4436
2 6323
2 3526
1 5274
1 7059
2 883
2 497
2 966
2 6998
1 6040
2 2426
2 7496
1 5790
2 6199
1 7245
1 6443
1 5281
1 2294
1 6282
2 6482
1 4235
2 1680
2 261
1 1202
1 2488
2 981
2 2247
2 5267
2 59
2 6631
2 139
1 594
1 7963
2 4222
2 4418
2 7010
2 6736
2 165
1 4688
1 3078
2 6986
2 7227
2 1612
2 6488
2 874
2 1459
2 6724
1 2310
2 1479
2 852
1 1783
2 5264
1 7851
2 5690
2 1241
1 7243
2 1491
2 467
1 2258
1 5473
1 7603
1 2595
2 3199
1 6222
1 6831
1 2048
1 5999
2 5924
1 6563
2 2263
1 4392
2 1544
1 3932
1 741
2 3232
2 6964
1 2844
1 3838
2 3076
2 2163
2 410
2 6026
2 6773
2 7336
2 6784
1 1475
1 4229
1 4871
2 5932
1 1977
1 894
1 6746
1 5359
1 3342
2 2716
1 3005
1 3537
2 1658
2 7118
1 418
1 2123
1 4807
2 1849
1 6542
1 3275
1 1686
2 3381
1 3803
2 5300
2 5913
2 1486
1 2356
2 3227
2 4631
1 5060
2 4059
1 6347
1 2091
1 2891
1 2919
2 5441
1 4037
2 140
2 4158
2 817
2 2408
2 4834
1 6559
1 7424
1 6058
2 6238
1 348
2 6920
1 4279
2 4612
1 3096
1 2839
2 783
2 3467
2 1805
2 7920
2 7875
1 6753
2 1928
2 5000
2 7099
1 4069
1 1642
1 2698
1 3443
2 6506
2 3369
2 6804
2 4794
2 4667
2 2702
2 1848
2 177
2 6546
1 5045
1 5756
2 1106
1 3743
2 2576
2 7770
1 4775
1 6920
1 612
2 833
2 3598
1 355
1 3082
2 2002
1 3068
1 61
2 4463
1 7651
1 247
2 1302
1 980
1 7615
1 2586
2 7971
1 591
1 7652
1 3541
1 459
1 3913
2 1476
1 4650
1 4458
2 3774
2 7110
2 6577
1 5330
2 192
2 1410
2 2773
1 1093
1 116
2 4616
2 1621
2 4219
2 3666
2 4761
1 7684
2 1442
1 1001
1 4715
1 2506
2 5721
2 1050
1 1258
1 3424
2 7797
2 2265
2 6770
2 7191
2 6652
1 5551
2 6806
2 978
2 3564
2 1210
1 5980
1 328
1 3381
2 1131
1 7423
1 3907
1 5371
1 4550
1 2092
2 1187
1 1621
2 7974
1 7493
1 6300
1 1617
1 5431
2 6881
2 692
2 6830
1 1978
2 3401
2 2246
2 7648
1 3525
1 1021
1 4737
1 2767
2 1152
1 2861
1 5929
1 2008
1 2665
2 5248
1 597
1 3594
2 4177
1 6545
1 3120
1 3307
2 6941
1 621
1 1017
2 4273
2 2501
1 2646
2 7107
1 5385
1 5720
2 7683
1 4469
1 4051
1 2742
1 2206
1 5258
2 804
1 4821
2 5188
1 3858
2 7171
1 3709
2 4745
1 3120
1 3244
1 5836
1 6641
2 2778
2 6352
1 498
2 2360
1 6044
2 5139
2 694
2 6411
2 7446
2 7501
2 7664
2 5517
2 2681
2 394
2 524
1 1043
1 1421
1 5194
2 3469
2 1448
2 7214
1 3393
1 520
2 1674
1 3083
2 7384
2 7525
1 5482
2 2086
1 6186
2 34
1 3504
2 1110
2 2120
2 6415
1 6837
2 392
1 3189
1 2835
2 1287
1 2426
1 5483
2 1957
2 1321
1 2750
2 1748
2 2580
1 6032
2 1213
2 914
2 2368
1 6055
2 6322
2 696
1 606
2 4492
1 554
2 6542
2 1592
2 4177
2 3211
1 6289
2 6187
1 6332
1 6218
1 5744
1 5095
1 327
2 563
2 6929
1 7539
2 6688
2 1829
1 2314
1 5798
1 5354
2 6355
2 4328
1 2542
1 7802
2 7428
1 6251
1 1101
2 3804
1 5332
1 3144
2 5144
2 2508
2 2801
2 7398
1 4215
2 1085
1 6495
1 1697
2 7143
1 1237
2 4341
1 458
2 4858
2 2798
1 733
1 677
2 598
2 5974
2 3607
2 170
2 7218
1 1296
2 7223
2 7237
2 5916
1 658
2 6499
1 3862
1 5110
2 6085
1 2454
2 1713
2 884
2 3273
1 735
1 5087
1 4384
2 4846
1 4322
1 4635
2 7831
1 6715
1 6102
2 1110
2 4105
2 1834
2 7302
1 2675
2 7420
2 3818
2 6097
2 2380
1 329
1 6748
1 5162
1 6123
2 1054
2 2519
1 7704
2 1554
2 58
2 1444
1 1207
2 6835
1 4660
2 3651
2 1653
1 2361
2 3637
2 6948
2 6229
2 4478
1 5561
2 110
1 5744
2 6930
1 3155
2 2940
1 7215
2 6010
2 5030
1 6811
2 18
1 3886
2 5164
1 3853
1 1132
2 6554
1 2994
2 7689
1 7013
2 5983
1 7386
1 2041
2 6263
2 3791
1 2456
1 3194
1 2161
2 3124
2 7733
2 31
1 4599
1 6986
1 6032
1 7151
1 6656
2 1536
1 1176
1 163
1 6871
2 1851
1 3603
2 5161
2 7706
2 786
2 2138
1 2211
1 3710
1 5715
1 90
1 2088
2 6473
2 189
2 3988
1 3650
1 6678
2 708
2 4638
2 5999
2 3093
1 2129
1 2209
1 7584
2 7432
2 7999
2 7321
2 7485
1 3080
2 7391
2 6488
1 7007
1 1214
1 1588
1 4931
1 4692
1 3882
2 2487
1 2515
2 735
1 5087
2 405
1 6613
1 4021
2 516
1 7596
1 5610
2 2433
1 7125
2 6866
2 2888
2 3617
2 1056
1 1743
2 55
2 5478
2 7113
2 5277
2 6357
1 1304
1 5639
1 7343
2 1491
2 3056
1 3876
1 5159
2 1654
2 3613
2 3648
1 5086
2 1175
1 1023
2 5839
2 3040
2 3683
2 7407
1 7191
1 2477
1 2843
1 2933
1 3123
1 7162
2 341
1 1680
2 3346
2 6254
1 5113
1 2738
1 5177
1 3429
1 453
1 257
1 573
1 624
1 3274
1 1047
1 3338
2 4883
1 3565
2 514
1 4958
1 3526
2 2150
2 1221
1 6926
2 4724
2 4804
2 5782
1 6465
2 255
1 3432
2 542
2 112
2 3642
2 6213
1 6972
2 876
2 2030
2 3302
2 7234
1 1240
1 214
1 4072
1 6070
2 6506
2 2851
2 1468
1 3795
2 2926
1 3768
2 4839
2 837
2 6916
1 1135
1 321
2 2928
2 157
2 338
1 633
2 2602
2 386
1 739
1 7503
2 7805
2 2380
1 4436
2 5337
1 7590
1 173
1 7824
2 7231
2 1688
2 4838
2 1008
1 6527
1 3321
1 1679
2 4487
1 5161
2 36
2 658
2 599
2 7268
2 2406
2 6704
1 89
1 487
1 5057
1 3259
2 4217
2 3137
2 6636
1 6618
1 1815
1 6802
1 4112
2 6600
1 2824
1 7696
1 3853
1 7381
1 2770
2 4355
1 3507
2 7587
2 1268
1 5512
1 4042
1 5483
1 5148
1 5522
2 2122
1 630
2 6383
2 2724
1 3427
1 4964
2 4484
1 6297
1 439
1 40
1 4777
2 2972
2 3803
1 4745
2 3293
2 7920
1 2777
2 1827
2 7700
2 7658
2 7857
2 5796
2 6391
2 6513
1 4947
1 2256
1 7905
2 5573
2 1575
2 4158
1 3298
1 1333
1 5254
1 88
2 5440
2 2536
1 2494
2 6111
1 497
2 3477
2 5521
1 7460
2 7586
1 5643
1 5175
2 4432
2 3828
1 3370
2 6424
2 7197
2 4346
1 5671
1 3154
1 795
1 5820
1 396
2 5113
2 5996
2 375
1 5941
1 5650
2 328
1 6554
1 1300
1 6551
2 1594
2 6474
2 7343
2 5814
2 2785
2 7455
1 5213
2 2834
1 2096
1 1061
1 268
2 4672
1 1262
2 2460
2 7742
2 3595
1 4535
2 2425
1 3335
2 3377
1 7673
2 3811
2 6609
2 4260
1 2807
1 54
2 2393
2 2378
2 4234
1 5379
1 4975
2 1213
2 3931
2 3342
1 2937
1 2443
2 170
1 5070
1 6768
1 2359
1 7371
2 7537
1 353
1 3063
2 4899
1 7382
2 5550
1 7220
2 6511
1 1681
2 3403
1 6541
1 574
1 3498
1 3842
1 3028
2 1842
2 5470
1 1391
1 1487
2 3267
2 7389
2 2756
2 1592
2 1659
2 3978
2 7494
1 7358
1 4603
1 3135
1 3022
2 2626
2 1397
2 6662
2 3786
1 4570
1 2928
1 97
1 3385
2 3538
1 647
1 4546
2 5938
1 2278
1 2794
1 7635
2 4702
2 905
2 3100
2 3696
2 1017
1 6625
1 6899
2 3048
2 2965
2 4425
1 1563
1 3009
1 5271
2 1613
2 7571
2 6129
2 6776
1 4082
1 7598
2 4004
2 69
1 1196
1 5012
2 4797
1 1760
1 7013
1 383
2 3533
1 5692
2 4604
1 4478
1 3358
1 3877
2 6532
2 6965
2 1259
2 5430
1 1985
1 1754
1 7973
1 5537
1 4527
1 6202
2 7600
2 6443
2 187
2 7410
1 611
2 4141
2 6791
2 3319
2 4748
1 3092
1 4394
1 5967
1 3754
1 33
1 3118
2 1237
1 6769
1 3498
2 4688
1 4153
1 2185
1 4439
1 2627
2 6205
2 2767
2 5478
1 7214
2 6841
1 4627
1 1256
1 6634
2 5592
2 4376
2 5570
1 901
1 2841
1 4760
1 7917
2 3201
1 4751
2 5693
2 1590
1 6933
1 225
1 4392
2 5950
1 6315
2 1419
1 1070
2 1339
1 7777
2 731
2 7254
1 3381
1 7369
1 1972
1 5213
2 6858
1 6504
2 783
2 626
2 6059
1 7098
1 3061
1 2042
1 2524
1 1964
1 199
1 6669
2 4216
2 1377
1 4470
1 4023
2 1451
1 4270
1 6603
2 5752
2 2102
1 2846
2 4448
2 1797
1 47
1 4271
1 7972
2 4548
1 3774
1 2707
2 1499
2 5204
1 5345
2 3504
1 2588
2 3203
2 3496
1 1120
2 3858
1 917
1 7866
2 433
1 5436
2 516
2 6607
2 998
1 3436
2 5307
1 947
2 5940
2 3531
2 6489
1 4233
1 5638
1 6228
2 2996
2 2374
2 7418
2 789
1 6740
2 306
1 6818
1 7473
1 500
2 171
1 7940
1 6113
2 2436
2 1505
1 1819
2 4846
1 2474
2 7003
1 4051
2 1656
1 7164
1 1200
1 2128
1 1458
1 5959
1 5199
1 5864
1 1827
2 6412
2 5240
1 3236
1 4583
1 6333
1 1152
1 387
2 2477
2 7812
2 5585
2 1655
2 2358
2 3709
1 4648
2 5926
1 5596
2 6327
2 6870
2 4395
2 1737
1 567
2 1727
2 1874
2 3579
1 3253
1 29
1 5216
1 7495
2 3549
1 2942
2 5576
2 3923
1 4175
2 3330
2 6263
2 4186
1 2783
1 5598
2 4425
1 3180
2 2134
1 6300
1 4625
1 3307
1 3823
2 473
1 7190
1 4431
1 5723
1 3525
1 5200
2 163
2 3134
1 678
1 111
1 2310
2 1648
1 5974
2 2324
2 6123
2 2492
2 832
2 534
1 3865
2 6820
2 6631
1 4031
2 556
2 3547
1 2079
2 1932
1 658
2 2761
1 7058
2 7217
1 3855
1 6987
1 189
1 5074
2 4089
1 7857
2 7024
2 971
2 3837
1 4030
2 6417
1 4585
2 3032
2 4523
2 7833
2 1134
1 5534
1 357
2 4374
2 7505
1 4855
2 5770
1 6119
2 7932
1 6365
1 368
1 7812
2 6925
2 2592
2 3294
2 2547
1 2069
1 2850
1 656
1 2260
1 3612
1 731
2 3575
1 1302
1 2523
1 853
2 3959
2 4351
1 5504
1 4849
2 7208
2 488
1 1709
2 7073
2 1558
1 2686
2 4410
1 940
2 65
2 2691
2 6510
1 2670
2 3678
2 395
2 1802
2 6740
2 7251
2 4608
1 4671
1 2596
1 6974
1 3998
1 2611
2 3827
2 7343
2 1143
1 6592
1 5229
1 3242
1 3504
1 1460
1 7250
2 5415
1 3202
1 3730
1 2931
2 3665
1 1274
2 3087
1 3320
1 3594
2 2554
2 3158
1 2141
1 4453
2 5046
2 7813
1 4017
2 1002
2 1463
1 6894
2 2710
2 6934
1 3100
1 6103
1 3
1 2777
2 7252
1 1530
2 5061
2 4886
1 6052
1 5894
1 7801
1 934
2 3623
1 795
1 1684
2 4629
2 6026
2 3922
1 6044
1 932
1 5836
2 2419
1 300
1 5893
1 7364
1 125
2 948
1 4834
2 3418
1 1762
1 3958
2 5143
2 4876
2 7432
1 266
1 5875
1 1643
1 6538
2 4059
2 7675
1 5788
2 628
1 4456
2 5479
2 5784
1 7050
1 3524
1 7715
2 6444
1 1218
2 4311
2 6735
2 3513
2 453
1 3354
1 7743
2 1333
1 7219
1 4446
2 5116
1 6696
1 4380
2 6726
1 7361
1 7024
2 7559
2 6473
1 5951
1 1022
1 2735
1 7857
2 6617
1 2583
1 640
1 5854
1 6377
1 5332
1 95
1 1796
2 2873
1 7650
2 5663
1 169
1 3275
1 4482
1 1805
2 6824
1 2898
2 4554
1 5029
2 4272
1 5366
1 7138
2 7003
1 3782
