9000
1 8428
2 4856
2 1131
2 5630
1 1004
2 1940
2 7321
1 2166
1 265
2 5533
2 1986
2 7412
2 4804
1 3531
2 2840
1 2923
2 2673
2 4915
1 794
2 3282
1 3744
2 4950
1 8098
1 6380
1 1406
2 2241
2 6037
2 7337
2 5954
2 7431
1 1271
2 1276
2 1105
1 1066
1 6876
1 363
2 2882
2 3798
1 4648
1 4851
1 8858
1 5742
2 5640
1 2001
2 6856
1 1261
1 119
2 3249
1 5530
2 3591
1 2530
2 1002
2 4415
2 1045
2 644
2 1312
2 3163
2 1764
1 410
2 2938
2 5399
2 3182
2 5672
2 5442
2 1534
2 5736
1 3139
1 8679
2 7817
1 6683
2 5685
1 1390
2 7716
2 6539
1 7428
2 5573
2 4478
1 5323
2 6379
1 7734
1 245
1 1718
2 6943
1 4994
2 3943
2 6511
2 1835
1 1060
1 2682
2 3803
1 2165
2 1449
2 8069
1 82
1 8847
2 5431
2 4173
2 793
2 8414
2 435
1 3426
2 2763
1 4782
2 1417
1 5311
1 4563
1 7789
1 5232
2 6461
2 4595
2 1148
2 2187
1 6768
1 7417
2 2185
1 8073
2 3905
2 3709
1 8447
1 2910
2 7626
2 260
1 5164
1 7168
2 3253
1 6736
1 4282
2 1011
2 4398
2 8318
1 6815
1 6870
1 3404
1 3822
1 6910
1 7875
2 5964
1 606
1 2315
1 1930
2 1285
1 1111
1 6642
1 3567
2 4901
1 191
1 7561
1 7904
1 8187
2 3614
1 3409
1 5768
1 3507
1 817
2 961
1 8006
1 550
1 3834
2 1851
1 2567
2 4967
1 1237
1 2070
2 375
2 4367
1 4564
1 650
2 6628
2 5913
1 6077
2 6215
1 772
1 279
2 1751
1 4926
1 6682
2 3059
2 6160
1 7990
2 3069
1 3599
1 122
1 1496
1 6921
1 1222
2 3841
2 1419
2 5724
1 7248
1 3215
2 6578
2 865
1 7722
1 1632
2 2057
2 3193
2 1315
1 2006
1 2508
1 5693
1 480
1 534
2 311
1 2709
1 4850
1 8545
2 6679
1 7260
1 4811
2 1597
2 4776
2 6002
2 3028
2 7441
1 6868
2 4577
1 1049
1 316
1 1323
2 464
2 8483
1 3567
1 4565
1 3059
2 3190
2 6198
2 1506
2 8945
2 6329
1 5619
1 7530
1 629
2 1369
1 1851
1 8814
1 3845
2 5094
1 1375
2 2965
1 110
2 571
2 6852
1 4071
1 518
1 8050
1 4700
2 7302
2 2488
1 1654
2 4075
2 303
1 2292
2 3240
2 1266
1 4070
2 613
1 7979
1 7479
2 5760
2 3873
2 8640
1 3419
2 5223
1 8452
2 3202
2 4355
1 3545
2 5133
2 1723
1 6040
1 1232
1 5423
2 8677
2 3967
2 716
2 2281
1 4554
1 5410
2 6957
1 7863
2 3317
2 333
1 2145
1 5583
1 422
1 7233
2 2732
1 3213
1 4314
2 4708
1 6315
2 8600
1 8096
2 2343
1 2168
1 3490
2 6149
2 7919
2 2945
1 8443
1 3529
1 5652
2 4777
2 8311
1 1544
2 1061
2 4094
2 4108
2 6347
2 7395
1 8377
1 3221
2 5396
2 2226
1 713
1 5634
1 4781
2 3075
1 3039
1 4861
1 2337
2 2660
2 5283
2 6134
1 2929
2 1942
2 3335
1 2760
1 8065
1 1101
2 5143
2 8961
1 5457
1 8012
1 8815
1 8430
1 3973
1 7871
1 3277
1 430
2 5085
2 6167
1 4186
2 2234
1 1709
2 1434
1 5557
1 2587
1 4685
2 2248
1 5864
1 6940
1 2274
1 3799
2 3161
1 8099
2 7756
1 5920
1 6306
2 4356
2 8423
1 4311
2 8042
1 2791
1 3370
2 1999
2 7642
2 8893
1 3146
2 8052
1 1185
1 7831
2 3040
2 2087
2 8464
2 2191
2 615
1 2093
1 1543
1 3972
1 4191
2 5056
2 7230
1 3450
1 5269
1 3205
2 5292
2 736
2 6040
1 2293
1 588
2 7992
1 2541
2 340
2 7234
1 8883
1 1908
1 7645
2 2939
1 6123
1 5865
1 2340
2 2355
2 5975
1 172
1 2898
2 4836
2 4530
2 4930
1 1652
1 1453
2 932
1 7130
2 492
2 2241
2 1544
1 5776
2 4039
1 3172
1 7900
1 3397
2 6997
1 4994
1 8532
1 7893
2 597
2 5696
2 2111
2 2704
2 1598
2 536
1 6464
2 5081
2 4623
2 6473
2 5678
1 1986
1 8960
2 8077
2 6541
1 1782
2 7478
2 4922
1 3531
2 2790
2 395
2 4921
1 988
2 4941
2 7148
1 7914
1 367
1 1292
2 7353
1 3262
1 8222
1 7566
2 104
1 5483
2 4658
1 1396
1 1355
2 2115
1 3108
1 1827
2 3405
1 77
1 1373
2 2673
2 1017
2 6883
2 7127
1 452
2 4787
2 963
2 378
1 3307
2 6685
2 4607
2 3168
1 5523
1 3460
2 5244
1 1993
1 8571
2 4528
2 1974
2 5160
1 4264
1 7039
2 571
1 396
2 2850
1 7331
1 4507
1 2400
2 7053
2 3575
2 855
1 3875
1 7738
2 6430
1 4495
1 345
1 8603
1 4180
1 3978
2 1536
2 4434
1 971
1 3090
1 7852
2 3594
2 6055
1 3044
1 4787
1 2236
2 1306
2 6101
2 1593
1 4844
1 4193
1 2016
1 2509
1 5242
1 6790
1 3625
1 3995
1 561
2 2636
1 4341
1 7616
1 8139
1 5942
2 7608
2 5633
2 5979
1 8872
1 2982
2 7149
1 3538
2 5707
2 1242
2 1654
2 7683
1 5862
1 2506
1 2372
2 3366
1 1392
1 6760
2 7850
2 3009
2 6207
2 3795
2 3870
1 1898
1 148
2 5300
2 7773
1 8766
2 8708
1 4457
2 5413
2 382
1 8913
1 7230
1 8745
2 245
1 2463
2 6607
1 6745
1 7907
1 5735
1 1551
2 4880
1 4164
1 1191
2 5044
2 2220
1 1194
2 7568
2 6385
2 8177
2 3079
1 1639
2 7962
1 5430
1 5764
1 4901
2 5443
1 4390
1 5005
1 7064
2 8274
2 3929
2 5658
1 5087
2 7521
2 2121
1 679
1 2937
2 3869
2 469
1 5909
1 5510
2 4889
2 1609
1 5495
2 277
2 2852
2 491
2 7102
1 8772
2 1862
1 672
1 4526
2 5131
2 8495
1 6525
1 4399
2 6698
1 6657
2 191
1 924
2 54
2 7177
2 1748
2 2471
1 593
1 2025
2 1047
1 179
1 2894
2 5937
2 1616
1 8065
2 5337
2 1513
2 8913
2 3820
2 7893
2 3809
1 4658
1 2020
2 4556
1 4626
2 5582
1 5207
2 8474
2 4218
2 4876
1 4283
1 7570
1 1619
1 3135
1 93
1 5720
1 5004
2 5534
1 8782
1 638
1 3903
2 6965
2 8024
2 2319
2 5058
1 4562
2 2742
2 8974
2 7062
1 7641
2 1897
1 2736
1 8411
1 8344
2 3099
2 5086
1 26
1 8771
2 2057
2 1845
1 1337
2 8818
2 5208
2 5398
1 2627
1 4798
2 7695
2 8413
1 2141
2 4872
1 8862
2 2350
1 4162
2 8162
2 2343
1 275
1 864
2 1371
2 460
1 1959
2 6025
2 3327
1 4800
1 3655
1 4002
2 3557
2 6036
1 916
1 4567
2 4184
2 1932
2 7266
1 1910
2 3839
2 2119
1 7980
1 4896
1 1604
1 299
2 2406
2 2427
1 6424
1 3367
1 1241
2 3730
1 3542
2 3951
2 2515
2 6139
1 1188
1 4355
1 284
2 5040
1 6357
2 8824
2 1577
2 3311
2 5154
2 1678
1 4749
2 4298
2 7220
2 4304
2 5915
2 5680
1 1507
1 3111
1 4198
1 5954
1 5666
2 4319
2 4818
1 6246
2 8776
1 6105
2 904
2 8384
1 8393
2 3208
2 4869
1 8284
1 5772
1 1180
2 1019
1 829
2 1731
1 1041
1 7047
1 1985
2 1909
2 8792
2 1369
2 6722
2 8591
2 7725
1 5048
1 8935
1 8542
1 3128
1 2547
2 1017
1 7639
1 8557
2 921
2 2671
1 3824
1 2964
1 3313
1 4283
2 2924
2 6162
1 4091
2 2778
2 3035
2 3069
1 2854
2 5799
1 5599
2 7980
2 1295
1 1216
2 2912
1 6693
2 945
1 424
2 6393
1 2668
2 607
1 5652
2 3049
2 1963
1 211
1 8150
2 1635
1 5964
2 2067
1 3621
2 4918
2 4521
1 2367
2 2970
1 8886
1 5709
1 8244
2 6557
2 6273
2 2545
2 2164
1 1206
1 2963
2 1248
2 3867
2 8885
1 5938
2 2610
1 3027
2 8370
2 2875
2 1756
1 5618
1 421
1 3979
2 6095
1 2455
2 2032
1 4614
1 3341
1 8296
1 1400
2 724
1 5663
1 39
1 6072
1 719
2 5362
2 5080
1 2869
2 863
2 5973
2 869
2 3387
1 974
2 8069
2 2458
2 7486
2 4612
1 7929
2 2321
2 6914
2 1899
1 5158
2 4487
2 2684
2 7436
2 3084
2 7158
2 727
2 5617
1 102
2 3961
1 2160
2 2057
2 2199
1 2459
1 666
1 8480
1 3784
2 8432
2 347
1 99
2 5875
1 7577
2 5133
1 8400
2 2587
2 4380
2 2365
1 636
2 345
1 4843
1 1023
1 3179
2 1728
2 7009
1 2265
2 2141
1 5874
1 7352
1 2684
1 3603
1 8817
1 1333
1 3974
2 6581
1 3783
1 5833
2 610
1 7303
2 1255
1 282
2 6006
2 896
2 5385
1 2977
1 7316
2 2858
1 8794
2 3098
1 3018
2 4940
1 3474
1 5295
1 6282
2 1579
2 3172
1 6589
1 5370
2 8660
1 2025
2 6685
1 2197
1 4916
2 1902
2 8532
2 3993
2 649
1 457
2 4060
2 1983
1 6014
2 2903
2 232
2 4014
1 5011
1 257
2 4676
1 6656
1 2114
2 7299
2 155
1 2555
1 6995
1 6548
1 3231
2 657
2 2577
1 7345
1 4021
2 1825
2 6715
2 7018
1 1421
2 6716
1 5980
2 6691
2 5063
1 289
1 3156
1 7644
1 8113
1 3177
1 284
2 9
1 2498
1 4619
2 358
2 2627
2 2362
2 6562
2 1090
2 861
1 7015
2 4706
1 3658
1 416
1 3050
2 2270
1 1039
1 7951
2 1711
1 3605
2 7178
1 2644
1 4209
2 4072
1 4140
2 4602
2 4812
2 8014
2 3686
1 616
2 353
1 4201
2 8634
2 6004
2 8678
2 4222
1 231
1 8245
1 7875
2 520
1 250
2 320
2 3990
1 2582
1 1703
1 1309
1 6840
1 7088
1 2444
2 311
2 3686
2 534
1 5231
2 7615
2 2312
1 8178
1 7355
1 2433
2 2053
1 1473
1 8903
1 566
2 3293
2 2749
1 8734
2 3864
2 758
2 4070
1 2240
1 8017
2 4440
1 4172
2 3512
1 8437
1 9
1 5679
2 3756
2 75
2 1001
1 6928
1 4889
2 7664
1 119
1 2053
2 5980
2 492
1 5147
2 6864
2 1433
1 5371
2 2369
2 1585
2 8392
2 765
1 5756
1 2063
2 410
1 3790
2 1569
1 6331
1 4217
2 926
1 1360
2 2006
2 1646
1 2587
1 8151
2 1341
2 8289
1 7178
2 8854
1 3524
1 1620
1 7330
2 804
1 3753
1 1376
2 8985
1 3208
1 1812
1 3334
2 7981
1 2569
2 6422
2 8815
1 7637
1 23
2 5607
1 3798
2 6756
2 2095
1 22
1 3768
2 4877
2 8859
2 3892
2 8267
1 6762
1 7112
2 8065
1 5692
2 7003
2 4566
2 230
2 5503
2 7781
2 8148
1 6074
2 2291
2 2656
2 5913
2 2086
2 7867
2 681
2 5004
2 4136
2 2990
2 2222
1 4452
2 1851
1 3952
1 8196
1 3937
1 6005
2 1959
2 3388
2 6010
1 88
2 5143
1 1570
1 4204
2 962
2 207
1 1013
1 5689
2 2013
1 1481
1 4338
1 4943
1 4608
2 677
2 3449
2 525
2 364
1 1759
1 5037
1 1409
2 5032
2 117
1 3176
2 6253
2 6493
1 5546
1 2622
1 7077
1 1066
2 7933
1 6061
2 8803
1 6233
1 8427
2 2003
1 8356
1 1760
1 3456
2 1288
2 4392
2 3226
2 4954
1 2240
1 61
1 5563
2 8103
1 4690
1 8692
2 2480
1 1050
1 2468
2 8211
1 6260
1 5242
1 540
2 8321
2 7308
1 2635
2 6696
2 7350
2 5372
1 5451
2 5415
2 2776
1 6815
2 3117
2 3438
1 2415
1 3572
1 1682
2 8597
2 5994
2 3067
1 6635
1 39
1 2599
2 1996
2 6824
1 7093
1 8679
2 6881
1 7236
2 5539
2 8143
2 2663
1 3799
1 737
1 3633
2 8456
2 3123
2 164
1 4737
1 8636
1 6191
2 1355
1 688
1 8475
1 5367
1 2866
2 4309
2 3661
2 3274
2 8018
2 8431
2 4890
1 4619
1 8743
1 3428
1 2650
2 2640
1 1449
2 4133
1 2095
1 358
1 4668
2 327
1 3622
2 6603
1 2808
1 7315
2 6714
2 4298
2 2225
1 4071
2 792
2 2915
2 7631
2 6076
2 7932
2 177
2 4663
1 3350
1 4835
2 6706
2 6785
2 8719
1 1430
1 1154
1 3137
2 3340
2 3814
1 4808
2 6470
2 318
1 1338
1 3143
1 189
2 6034
2 3978
1 8086
1 4175
2 3345
1 472
1 1833
1 4855
1 2105
1 1090
2 1534
1 3613
1 7930
1 8594
1 6929
2 5822
2 2003
1 1126
1 2369
1 1513
1 1562
2 2504
1 104
2 3227
1 1511
2 5230
1 6894
1 6485
2 3418
2 4675
2 4631
2 3753
2 6384
1 4116
1 1065
2 7112
2 1082
2 3812
2 4551
1 6718
1 3670
2 2697
2 577
1 8820
2 6556
2 3949
1 4161
2 4950
2 1810
2 6878
1 3503
2 5899
2 4513
1 6614
1 1182
2 4336
2 1966
1 3188
1 6620
1 8668
1 1394
2 4785
1 550
2 6693
1 7881
1 5339
2 1203
1 42
2 5039
1 3590
2 5588
2 4863
1 8750
2 1094
2 186
1 8389
1 8946
1 638
1 5488
2 4807
2 8469
2 7820
2 500
1 4325
1 739
2 5578
1 8250
1 165
1 7112
1 6431
2 3322
1 3117
1 6196
1 4964
2 477
2 2659
2 6414
1 7336
2 7084
2 5773
2 806
1 8116
2 8001
1 4417
1 4178
2 1679
2 1427
1 7070
1 6402
1 1148
1 1678
2 7233
2 8060
2 2831
1 4065
2 7257
2 4560
2 1131
2 8790
1 803
1 5509
1 8015
1 486
2 2775
2 8322
1 6196
1 6603
1 986
1 8486
1 2409
2 4140
1 1194
2 5129
1 6784
1 1692
1 8892
2 7937
1 8238
1 1907
1 4769
1 150
1 6351
2 3116
2 2756
2 6277
2 7871
2 1357
1 5542
2 2377
2 5626
1 6666
2 2491
1 2797
2 5149
1 682
2 7435
1 5652
1 6010
1 1504
1 6858
1 985
2 5712
1 6419
1 3343
1 6135
1 2137
2 4487
1 4721
1 3627
1 2402
2 5922
2 469
1 2029
1 6503
1 6336
1 2217
1 4666
1 3821
2 5616
1 3181
1 8509
2 261
1 7356
2 3780
1 3001
1 5655
1 1629
1 5576
1 5984
1 2853
1 5372
2 3307
2 2648
1 548
1 5122
1 6415
2 5801
1 7335
2 6289
2 4414
2 232
2 5956
1 1385
1 3074
2 1727
1 8244
2 6956
2 8375
1 5690
2 175
2 1466
1 3253
2 6124
2 6390
2 5726
2 911
1 2064
1 3511
2 8431
2 2758
2 3968
1 5789
1 6552
1 4518
2 361
1 4606
2 5296
1 3679
1 1253
2 1155
1 1155
1 869
1 2584
1 3762
1 4823
2 2569
2 7852
2 5063
1 4744
1 1838
2 7662
1 5511
2 2148
1 3989
2 3774
1 7748
2 1487
2 1434
2 4010
1 773
2 4041
1 8693
2 2331
2 4267
1 7235
2 5058
2 630
1 4420
2 1374
1 4792
2 3469
2 5755
2 219
1 6597
1 4900
2 8606
2 4148
2 4625
1 1093
1 6831
2 1082
1 3367
2 7276
2 8092
2 4517
2 2008
2 8395
2 1920
2 7504
1 7359
2 2247
2 415
1 2561
1 5173
2 4025
1 1581
2 7997
2 4343
1 8343
2 8680
1 938
2 5563
2 576
1 8913
1 3307
2 8031
1 2315
2 2120
2 4352
1 2458
1 2289
2 3805
2 1508
2 2569
1 2846
2 4263
2 3117
1 7771
1 1540
1 6104
2 8023
2 8237
1 6568
2 1263
2 4945
1 1911
1 2779
2 1949
1 2030
2 2709
1 3002
2 7153
1 1654
1 3415
2 3551
1 5789
2 6091
1 2914
1 1277
2 318
1 4884
1 1740
2 6896
1 2623
2 1637
2 2204
1 3299
2 287
1 1268
2 3128
2 2376
2 8190
1 4374
1 308
1 1380
2 3756
2 7296
1 1234
1 8008
2 2898
2 4679
2 2805
2 1729
2 5295
1 8569
2 620
2 520
2 7925
2 89
2 4678
2 3387
2 5370
1 1735
1 1456
2 8754
1 5775
2 4469
1 4112
1 483
2 4740
2 2515
1 1078
2 7223
2 1609
2 4572
2 125
2 5475
2 6718
1 1567
1 1318
2 3744
1 8645
1 135
2 4966
1 7795
2 1875
1 651
1 6835
1 2461
2 1483
2 1511
1 2067
2 2860
2 522
2 6585
2 1509
2 3320
2 5132
1 4925
1 5285
1 95
2 118
2 6945
2 1469
1 2482
2 4482
1 945
1 3927
2 6493
2 894
1 7629
2 1260
1 99
1 1253
1 6974
1 2840
1 2320
1 5580
1 4181
1 5635
1 6501
2 4470
2 5108
1 2745
1 7064
1 3409
1 3194
1 883
2 5665
2 5718
2 6003
2 3636
2 6910
1 3301
1 6566
2 5765
1 8239
2 7007
2 1510
1 3802
2 1995
1 571
1 2666
1 5002
1 4874
2 401
1 388
2 5763
2 808
1 5482
2 7125
1 908
2 2385
2 8814
1 3320
1 1225
1 1215
1 8812
2 3243
2 5250
1 4781
1 5870
1 89
1 5852
2 2160
2 3250
1 4003
2 1583
1 5128
2 3538
2 1826
1 2454
1 3388
2 8725
1 4014
2 106
2 6947
2 388
1 4722
1 7384
2 8148
2 1965
1 8765
1 694
1 2703
1 2292
1 2435
1 1938
2 1682
2 7365
1 2723
1 7827
1 4205
1 7379
2 1719
2 846
1 2157
1 7844
1 262
2 5154
1 4237
1 4810
1 909
2 972
1 2464
1 6180
2 2929
1 8516
2 8352
1 2195
1 7399
2 4806
2 7075
2 5334
2 3533
1 2418
1 6201
1 1294
2 3894
1 2628
2 143
2 6083
1 4314
2 5285
2 1927
2 2117
1 739
2 6840
1 1062
2 2811
1 1201
1 1558
2 6732
2 2640
2 5855
2 2059
2 4863
2 8144
1 5212
1 5558
2 3737
2 3352
2 2531
2 3909
1 8245
1 3044
1 4779
2 5118
2 1006
2 1902
1 2448
2 1959
2 736
1 1366
1 6544
2 5608
1 4021
1 4804
1 2687
1 1212
2 5490
2 8264
2 4595
2 7027
1 3167
1 4530
2 913
1 3571
1 8146
2 4442
2 2118
2 946
2 1596
1 2306
1 7774
2 5029
1 163
1 2863
1 7633
1 6221
2 3862
2 8972
1 2073
1 3444
2 6677
1 230
1 558
2 2932
1 2710
1 849
1 5714
1 7953
2 601
2 929
1 4765
1 5946
2 3709
2 2298
2 5409
2 2444
2 8952
2 1281
1 8447
2 3471
1 8115
2 8121
2 8241
2 4351
2 3179
1 4479
1 7446
2 7996
2 362
1 3814
1 754
2 5746
2 1564
1 8076
2 8651
2 7778
1 7299
2 1738
1 7052
1 7671
2 8475
2 920
2 5253
2 3010
1 4678
2 3447
1 3594
1 2303
2 4841
2 3254
1 688
1 1613
2 4789
2 1245
1 6123
2 8674
1 8335
1 3429
1 7650
1 4636
1 4017
1 2822
2 2465
1 3377
1 847
1 8151
1 7199
2 5281
1 6778
2 8346
2 4854
2 3127
2 7809
2 5500
1 2917
1 3835
2 7243
2 3026
2 2561
1 3314
2 1453
1 5031
1 1943
1 4165
1 4266
2 2975
1 1996
1 8414
1 8983
2 2632
1 7526
1 1646
2 6187
1 8539
1 1960
1 4002
2 5429
2 5855
1 498
1 193
1 1453
2 7694
1 7886
1 1927
1 5913
1 5246
2 7764
1 886
2 5186
2 8537
2 1327
1 103
2 8581
1 7974
1 7398
2 2837
2 2811
2 2758
1 1284
2 7139
2 8393
2 160
2 4041
1 2217
2 8848
1 7125
1 678
1 2131
1 1222
1 8204
1 3461
2 4650
1 1548
2 3887
2 5302
2 1065
2 2718
2 653
2 7651
1 5545
2 2213
1 5334
1 4453
1 4374
2 7400
2 3522
1 925
1 8959
2 839
1 658
1 3868
1 1034
2 5687
1 2165
1 2243
1 5389
2 129
2 4356
2 4908
1 5430
1 1363
2 2599
2 8846
1 5405
2 4133
1 5182
1 3334
1 1685
1 8069
1 2833
2 3584
2 4510
1 6876
1 4848
1 1954
1 8213
1 1934
1 5267
2 4706
2 2707
2 3614
1 4124
1 3635
2 2666
2 4136
1 952
2 5564
1 6051
1 5
1 4393
1 1321
2 5179
2 5834
1 5055
2 4567
1 2361
1 1434
2 3450
2 132
2 7241
2 3895
2 3282
2 1421
2 164
1 2341
2 3968
1 927
1 5326
2 3592
1 4650
1 2615
2 4407
2 5784
2 4218
2 465
2 5683
1 2860
2 5207
1 1053
2 5778
1 2372
2 4011
2 1972
2 736
2 4701
1 436
2 3920
2 3502
2 5290
1 6948
2 4466
2 4111
1 6509
2 7344
1 7938
1 6204
2 394
1 5124
1 1082
2 5800
1 4164
1 493
2 1371
2 5773
2 3614
2 5854
1 8782
2 1421
1 8363
2 1468
1 3676
1 5226
1 3438
1 7370
1 5768
1 3919
1 3716
1 4062
2 4511
2 8732
2 5389
2 4314
2 2951
2 822
1 374
2 6516
2 1989
2 1244
1 4738
1 8438
2 8821
1 3340
2 2828
1 1542
1 6774
2 3364
1 3982
1 2631
2 2163
2 7297
2 1766
2 4887
1 3715
2 3435
1 332
2 2247
1 994
2 1855
1 7709
1 4030
1 4174
1 4804
2 7803
2 7038
2 6891
2 2446
1 5035
2 2909
1 2584
1 1518
2 5925
2 877
1 87
2 1568
2 6839
1 4085
1 1080
2 6892
2 2459
1 8462
1 799
2 8878
1 4340
2 1302
1 1370
1 4294
1 4029
2 4337
1 1324
2 592
2 7666
1 4123
1 516
1 7084
2 1525
2 6991
1 2903
1 8512
1 8186
2 251
2 810
1 6873
2 5123
2 3794
2 2512
2 654
1 3142
1 5328
2 1626
1 7149
1 3386
1 2177
1 2034
1 5580
1 2973
1 99
2 7455
1 377
2 2657
2 2112
1 813
1 5258
1 5186
1 741
2 3602
2 4863
2 1626
2 197
1 2985
1 8626
2 4909
1 655
2 211
2 6542
2 1885
2 1619
1 6809
2 7453
1 7991
2 865
1 3595
2 4848
2 5564
1 6690
1 4828
1 971
2 7402
1 5117
2 1636
1 1342
1 3960
2 8036
2 4133
1 7134
2 3485
2 900
1 4574
1 1274
2 3562
2 2993
2 5291
2 3014
1 4131
2 4615
1 6643
2 371
2 6378
1 242
1 7841
2 3437
2 2564
1 2671
1 5627
1 2316
2 3642
1 6601
1 7222
1 3468
2 4513
2 7741
1 496
1 6229
2 8299
1 4117
2 8572
1 8115
1 4164
1 7465
1 1962
2 4303
1 4405
1 8170
2 589
2 7588
2 932
1 5245
1 579
1 4594
2 5922
1 4630
2 7856
2 1927
2 2420
2 7034
1 2907
2 3497
2 2883
2 6820
1 4943
2 4406
2 4044
1 6041
2 1699
1 3460
1 5417
2 6748
1 803
2 8481
1 7206
1 2987
1 4909
1 8084
2 5380
2 1832
1 8261
1 7802
1 1009
2 504
2 5178
1 6827
2 1686
2 6600
2 8182
1 8162
1 7432
1 7931
2 3770
2 1720
2 1168
1 4181
2 7567
1 6433
1 4419
1 6171
2 7062
2 7541
1 7906
1 6240
2 5113
1 6897
1 5211
2 5098
1 2944
1 5140
1 3558
1 7003
1 4309
1 8034
2 5905
2 7273
2 6680
2 2764
1 2221
1 7886
1 2068
1 2694
2 390
1 4185
1 2703
1 4160
2 6295
2 363
1 8286
1 4117
2 604
1 6202
1 2016
1 431
1 2278
2 985
2 8174
1 1105
1 4627
2 6046
1 1977
1 4372
1 163
2 4020
1 4884
1 2043
2 5852
2 8047
1 1941
1 3791
2 5463
1 2842
1 2376
2 2995
2 4240
1 2004
1 8045
1 913
1 7146
2 4430
2 1909
1 8411
2 6489
1 54
1 3145
2 2402
1 3662
2 5760
1 7275
1 4539
2 590
2 8000
1 538
1 7997
2 1267
2 3673
1 754
1 669
2 5626
2 8170
2 4202
2 2371
2 1964
2 5435
2 8821
2 6922
1 8237
1 212
2 2745
2 8155
2 5752
1 62
1 7931
2 5578
2 7345
1 1264
1 2345
1 5111
2 2497
1 3492
1 3854
2 5942
2 8549
2 8975
2 4538
2 3688
2 2327
1 1068
2 2304
2 3441
2 4460
2 8138
1 622
2 7352
1 1892
2 4249
1 4032
1 8178
1 2558
2 1785
2 6677
2 1214
1 8993
1 2092
1 624
2 3338
1 2292
1 3751
2 3968
1 4365
2 7447
1 3189
2 7433
2 747
1 3103
1 2835
1 3505
2 8428
1 6182
1 4461
2 3532
2 3197
1 3897
1 4295
1 7673
1 7966
1 4800
2 4253
1 5722
1 2083
1 225
2 3012
2 6024
1 2035
2 4134
2 3199
1 8484
1 2723
1 1066
2 5587
2 8911
1 4052
1 2488
2 2547
2 4683
2 4697
2 2236
2 8133
2 816
1 7354
1 5056
2 2490
1 2592
1 2699
2 3865
2 2906
1 979
1 830
1 2855
1 5566
2 8756
1 2877
1 416
1 3636
1 5890
2 713
2 6358
2 3447
1 8320
2 5686
2 5324
1 3924
1 6757
1 5748
2 213
2 4806
1 4429
2 4224
2 4317
1 731
2 6534
2 7752
2 2486
2 877
1 8252
2 555
1 1980
1 3546
1 2781
2 5407
1 1377
2 7388
2 613
1 5880
2 3922
2 2482
1 3996
2 4424
2 393
1 1284
1 2323
2 4258
1 3569
2 67
2 939
1 1110
2 1901
1 1895
2 8806
2 6072
2 1025
2 2415
1 2803
2 1224
1 2230
1 3029
2 7126
2 8523
2 4635
2 3479
1 3470
2 3545
2 7303
2 4071
2 6390
2 1565
1 7384
2 8988
2 2908
1 729
2 1423
2 7
2 5837
1 391
1 3921
2 2703
2 5503
2 1408
1 5376
2 8589
1 2869
1 8905
2 5496
2 3816
1 383
2 7289
2 4594
2 2434
2 4752
2 7213
2 3677
2 4818
1 7286
1 2476
1 5416
2 584
2 7101
1 3251
2 2592
1 3980
1 2884
1 8338
2 3176
1 7063
1 6286
1 885
2 3885
2 1600
2 2651
1 836
1 2918
1 7816
2 293
2 4004
2 6178
1 8719
2 1955
1 7852
2 1801
2 5733
2 5745
2 2616
1 4802
2 5521
2 7853
2 4585
2 5884
1 3510
1 4076
2 1411
1 956
1 8433
2 6491
1 2581
1 2837
2 4516
2 6783
1 5157
1 5115
2 5446
1 3198
2 4898
1 1352
1 8585
2 4131
1 2264
2 1440
1 1986
2 278
2 1895
1 8924
1 645
2 6641
2 2340
1 554
2 4470
1 412
1 8799
1 1795
1 5585
2 2794
1 2899
1 36
2 3171
2 2450
1 5402
1 5669
2 3047
1 3751
2 4542
2 2581
2 3314
2 4808
1 4552
2 5189
1 6055
2 7521
2 7197
1 3496
2 2171
1 1264
2 1556
1 186
1 8578
1 8825
2 5914
2 5629
2 5393
2 5586
1 8502
2 781
1 1161
1 7119
1 4653
1 5470
2 6635
2 8096
2 4359
1 553
2 5254
1 6766
2 1688
1 1170
2 4587
2 298
1 5304
1 5789
1 2770
2 1286
2 5235
2 4948
2 3137
2 3441
1 8354
1 2890
1 5020
1 6295
1 409
2 2876
1 1400
2 615
2 5158
2 4931
1 7439
2 1300
2 7760
1 52
1 5415
2 3149
1 3398
2 7519
2 1283
1 5788
1 5931
1 4155
1 7337
1 2098
1 1345
1 1896
1 2890
2 2330
2 6355
1 12
1 2901
1 6954
2 7426
2 6031
1 8844
2 6205
2 121
1 4454
2 1989
2 8660
2 4384
2 6412
1 770
2 4664
2 2692
1 956
2 5721
2 1713
2 1614
2 3217
1 5965
1 1394
2 1920
1 7423
2 5484
2 8795
1 3947
1 8639
1 3191
1 4709
2 2756
1 5054
2 3629
2 7098
1 3522
1 910
2 1305
2 2555
1 1122
2 5444
1 271
2 4423
1 4411
1 8008
2 890
1 7227
1 5306
2 6441
1 609
1 7972
1 6183
1 1910
1 2981
1 4775
1 4758
1 5942
1 3565
1 50
1 4767
2 4225
2 2066
2 4096
2 1182
2 5292
1 6571
2 4017
2 3012
2 3521
1 7043
1 2495
1 6172
1 2540
2 3206
2 5298
1 8319
1 4424
1 8615
1 1317
1 3537
2 3448
2 7821
2 5799
1 1433
2 7246
2 3930
2 7507
1 2325
1 7136
1 1266
2 7912
2 5380
2 3782
1 7826
1 1010
1 298
2 5557
1 2358
2 2007
2 951
1 5167
2 4778
1 27
2 1648
1 8824
2 6442
1 6524
2 2109
2 7442
2 7682
2 1415
2 7473
1 8235
2 5647
1 1913
2 6077
2 3258
2 7956
1 5318
1 3957
2 5973
1 3126
2 2350
1 674
2 6054
2 863
1 5891
2 3614
2 2601
1 543
2 4445
2 1172
2 1304
1 6918
1 5534
2 2541
2 455
2 2172
1 1726
1 6859
1 6000
1 1442
2 8151
1 7586
1 7744
2 2830
2 2114
1 1906
2 5825
1 2891
2 5249
1 71
1 4110
1 5598
2 643
2 4457
2 8170
2 4954
2 7028
1 796
1 1257
1 3989
1 858
2 1961
2 540
1 6952
1 6552
1 4227
2 5282
2 4043
2 910
2 8571
2 8650
1 3863
1 3240
2 4965
2 234
2 1426
2 3427
1 7632
1 2211
1 5183
1 6259
1 3234
2 2282
1 1683
2 2991
1 2618
2 6336
2 3026
2 91
1 4356
2 1507
1 1711
1 2926
1 6456
2 7332
1 2519
2 4466
1 6931
1 8463
2 6783
2 6702
2 7092
2 4326
1 3529
2 8543
2 2313
2 2878
2 1876
2 5882
1 7584
2 7600
1 129
1 8924
2 630
1 2145
1 5838
2 2211
1 5731
1 3451
2 855
1 6138
2 3956
2 8185
2 4880
2 3409
1 1408
2 3983
1 8340
2 2274
2 6028
1 1848
1 6737
1 5341
1 3887
2 8046
1 5409
1 2541
2 718
2 7470
1 2307
2 737
2 8937
2 6721
1 4176
1 3204
1 8059
1 7668
2 4598
1 1734
1 8686
2 4720
2 5833
1 6072
2 3110
2 3275
2 8973
2 4988
2 7953
1 6485
1 821
1 1362
1 7510
2 132
1 1167
1 2684
1 4570
2 2281
1 622
1 7099
2 8652
1 7417
2 623
2 5328
1 1787
1 8988
1 8388
1 7676
2 3706
1 8273
1 884
2 840
1 7291
1 4041
2 2504
2 6182
2 3713
1 3143
2 7160
1 3653
1 3844
2 2910
2 3684
1 1498
2 6753
1 4859
1 7651
1 5506
2 7375
2 2047
2 6368
1 696
2 204
1 6743
1 7184
1 8373
1 8078
1 7435
2 2213
1 6531
1 6602
1 7930
2 1766
1 2265
1 2200
2 3388
1 4029
1 7907
1 2813
1 5239
1 6456
1 5319
1 1216
1 6715
1 2336
2 832
1 749
2 494
2 5453
1 4894
2 3150
2 2049
1 2231
1 8429
1 5076
2 4624
1 4430
1 3442
2 602
1 3174
1 6948
2 345
1 6467
1 8294
2 7630
2 5290
2 1455
2 3124
2 7183
2 2766
1 5538
1 2162
2 6493
1 5279
1 1589
2 2739
2 5033
2 8134
1 6107
2 6580
2 8915
2 4395
1 8125
1 1837
2 4716
1 5544
1 591
1 1853
2 186
1 3022
2 608
2 771
2 3040
1 6078
1 4333
2 1102
1 4315
2 4345
1 2479
2 1990
2 7126
1 1202
2 3169
1 2896
2 5287
1 3678
1 8099
1 7670
1 1112
2 4251
1 7586
1 7581
1 535
1 4094
2 7382
2 5813
1 5638
2 2371
2 6754
2 4069
2 3195
2 681
2 2119
2 4572
2 8553
2 6307
1 5385
1 241
1 1206
2 1248
2 7544
2 347
1 6403
1 500
1 3369
1 42
2 8239
1 8045
1 1731
1 3117
1 4596
2 487
1 3794
1 1809
2 424
2 5001
1 1688
2 7065
1 6733
1 6925
2 4118
2 3064
2 3978
2 5675
2 5847
1 1144
1 3936
1 6455
1 4190
2 8983
2 2141
2 8431
1 1843
1 5940
1 3404
1 5334
1 650
2 2583
1 4364
2 6291
1 6156
1 5766
2 4125
1 1459
2 6492
2 3961
2 3310
1 739
1 6355
1 991
1 2353
2 8302
1 1156
2 3782
1 8045
1 5805
1 1889
2 599
1 1483
1 634
2 164
1 2680
2 7506
2 708
1 5647
1 6896
1 675
1 3991
1 5909
1 583
1 8062
1 177
2 5590
1 6227
2 2187
1 3701
1 8519
2 6580
1 2305
2 4548
2 7383
1 5145
1 3931
1 6215
1 7955
2 7712
1 2686
1 4558
2 651
2 1738
2 8644
1 3268
1 5876
1 2604
1 6372
1 5281
1 1612
2 5192
1 5608
1 1143
2 1424
2 5562
2 2581
2 1381
1 5705
2 3187
1 8655
2 2831
2 3635
1 8898
1 1138
2 1052
2 1389
1 5230
1 8354
1 1295
1 5988
2 1797
2 8876
2 1270
1 1231
1 5672
2 7482
1 2702
2 2740
1 7876
2 1659
2 3429
1 314
1 1186
2 8513
2 8846
1 3861
2 7584
1 2322
2 2665
2 5486
2 8487
1 4783
2 1849
1 5216
2 3459
2 7688
2 260
1 2068
1 7262
2 5822
2 8022
1 8573
1 8061
2 1671
2 2662
2 7573
1 2201
1 8678
1 1127
1 94
1 3767
1 3672
1 4352
1 5642
1 2624
2 2016
1 2237
1 1963
1 6634
2 2068
2 940
1 4836
1 5350
2 445
1 1441
2 4486
1 4960
2 7683
1 4795
1 6036
2 5945
1 8687
2 6492
2 416
2 1912
1 7816
1 8069
2 7235
1 7205
2 62
2 2351
1 585
1 7397
1 562
1 4099
2 7634
2 6633
1 6660
2 4907
2 3395
1 4311
2 4683
1 3735
1 8507
1 3079
1 665
1 2073
2 2590
1 2711
1 3236
1 4129
2 8293
1 832
2 3918
1 7954
1 3140
1 7911
1 2365
2 6211
2 931
2 4717
1 1316
1 7870
2 7782
2 7271
2 2633
2 2869
1 3716
2 422
1 5373
2 992
1 5204
2 3831
2 4951
2 2192
1 4867
2 2901
1 545
1 1896
2 2983
1 8178
1 7073
2 3422
1 6152
2 5322
1 3866
1 4734
2 4681
2 4697
1 3760
2 5424
2 3220
2 1615
2 3504
2 957
1 8867
1 8275
2 573
2 2478
2 1928
1 1653
2 7164
1 5781
2 6750
2 3563
2 2505
2 3841
1 1205
2 1885
2 2575
1 6446
2 3577
1 4905
1 76
1 1147
2 380
1 3503
1 7731
2 4851
1 6128
2 2062
1 4361
1 196
2 5814
1 5701
2 5072
1 1107
1 1642
2 2147
1 4687
2 590
1 2924
1 768
2 7191
1 8480
1 1849
1 6722
2 1128
1 2361
2 7120
2 1257
2 1162
2 2340
1 4597
1 7586
2 7205
2 8927
2 3057
1 5544
1 865
1 630
2 6952
1 2414
1 4606
1 5328
1 5273
2 87
2 3550
1 3128
2 290
1 8542
1 6358
1 4789
1 2514
2 662
2 8000
1 3843
1 7861
2 5908
2 452
2 2744
2 2900
2 3856
2 4562
2 7344
1 4650
1 2303
2 3570
2 4002
1 3415
2 5228
1 3005
2 3320
2 8241
1 778
2 3321
1 3075
1 5542
1 4803
2 8921
1 212
2 8380
1 1197
2 426
1 3740
1 1353
1 3312
2 4751
2 2309
1 3835
1 4337
1 7493
1 7671
1 681
1 8370
2 2112
1 4844
2 6496
2 3751
1 4437
1 532
1 1303
2 491
2 2734
2 2018
2 3699
2 2097
1 6713
2 5005
2 3180
1 2267
1 6481
1 1936
1 7326
1 2999
1 2043
2 8258
1 4249
2 76
1 6450
1 6935
1 666
2 3609
2 3884
1 6669
1 8448
1 5407
1 7835
1 3608
2 8743
1 1243
2 6149
2 222
2 720
1 8885
2 5020
2 7971
1 3415
2 1395
2 4606
2 5607
2 4667
1 974
1 6910
1 4027
1 698
1 8220
2 282
1 544
1 323
1 4468
2 5027
2 7624
1 7634
2 3709
2 2408
2 8882
2 8104
2 5888
2 1371
2 5018
1 5152
2 3705
2 3434
2 2463
2 4746
1 1346
1 4215
2 1276
1 1092
1 1080
1 8977
1 7447
1 6564
1 4572
2 7041
2 4525
2 5911
1 1212
2 4526
1 6876
2 150
1 2079
1 3025
1 1663
2 8635
2 6236
1 2697
2 3838
2 4401
1 420
1 3208
2 8844
1 6561
2 6219
1 7404
2 8263
1 2614
2 4427
2 5288
2 5411
2 354
2 5177
1 649
2 8247
1 3814
1 6094
2 8553
1 8158
2 8534
2 6479
1 3847
2 456
1 1154
1 654
2 2068
2 2727
1 7182
2 5407
1 8535
2 6450
2 475
1 8227
2 5219
2 4237
1 3500
2 5480
1 556
1 5479
2 3170
1 4527
2 2590
1 6242
1 1369
2 629
1 1294
1 4110
1 1977
2 187
1 5742
2 735
2 7981
1 7678
1 6933
2 6867
2 5607
1 6319
1 1469
2 1637
2 1938
1 2820
1 4787
1 6245
2 6847
1 2613
2 891
2 6429
1 6809
2 8800
1 3001
2 7349
1 1416
2 3734
1 4321
2 248
2 1994
1 3692
1 40
1 4989
1 4997
1 1115
1 2824
1 2447
1 4590
2 2312
2 3553
2 5
1 5166
1 3052
1 5386
2 3763
1 2183
1 1693
1 1004
2 3367
2 2883
1 2803
2 8400
1 4573
1 1246
2 3876
2 467
1 4267
1 431
2 3217
1 1601
1 3525
2 1699
1 7774
2 559
1 6987
2 2970
2 3526
1 8864
1 7406
1 1008
1 1733
2 2393
1 5455
1 4637
2 212
1 4829
2 5696
1 4046
2 393
2 3282
1 5344
1 2338
1 2636
2 698
1 7435
2 3421
2 3787
2 835
1 472
1 4216
2 2526
1 2631
2 322
2 4806
1 1436
2 7444
1 2056
1 8841
1 3685
1 1773
1 3036
2 6572
1 213
1 4759
2 2880
1 4678
1 2312
1 3958
2 572
1 4573
1 5368
1 8942
2 5857
2 1881
1 800
2 2425
2 4169
1 7093
1 2693
1 5295
1 7589
1 6849
2 6063
2 1762
1 3502
2 1787
1 5085
1 3134
1 1068
2 1169
1 2006
1 2151
1 7914
1 5928
1 2641
2 7803
2 5632
1 1097
2 710
2 2083
1 6215
1 5662
1 2755
2 6078
1 897
1 3729
2 136
1 606
2 1007
2 5102
2 1442
2 497
1 8624
1 3332
2 6916
2 3962
1 7009
2 2728
2 1513
2 1222
2 2439
1 1898
1 6988
2 5911
1 2999
1 8414
1 6520
1 595
2 8839
1 6780
1 6384
1 830
2 3530
2 1825
1 8000
1 4244
1 2144
1 7787
1 1866
1 8344
1 5099
2 5977
2 5731
2 4937
1 3667
1 5744
1 6251
1 3583
1 8243
2 1335
1 5360
2 4682
1 4810
1 4357
1 1044
1 4115
2 1099
2 4445
1 1970
2 4057
1 7853
2 8537
1 1693
2 8510
1 2036
2 724
1 4705
1 6303
1 8126
2 806
2 6296
1 1128
1 7215
2 2556
1 8103
1 3421
2 5261
2 3318
1 3622
2 5594
2 6917
1 4463
2 8419
1 804
2 3364
1 3488
1 1671
2 4213
1 6942
2 6590
2 4496
2 4724
1 6107
1 3791
1 150
1 8747
1 5709
1 5873
1 1854
2 7040
1 4220
2 691
2 2417
2 364
1 8738
2 3369
1 5254
1 4751
2 4495
1 7437
2 3428
2 7578
2 1126
2 49
1 4097
1 1563
1 8973
1 4853
2 286
2 3036
2 6337
2 5263
1 985
2 5517
1 2880
2 3814
1 5345
1 854
2 3534
2 6935
1 4277
2 6085
2 489
2 3192
2 5302
1 5310
1 3668
2 4488
1 1264
1 2734
1 2375
2 4796
2 4525
1 2271
1 2118
2 715
1 7954
2 5783
1 7822
1 5932
1 7920
1 8729
1 7243
2 4034
2 6940
2 4506
1 4140
2 6031
2 3792
2 1221
2 2717
2 7422
2 8728
1 7224
2 6077
1 5679
1 4637
1 5301
2 4926
2 5439
1 1830
2 3634
1 1527
2 4246
1 5546
1 2025
2 4757
1 6631
1 4399
2 1673
1 5013
2 6515
2 4454
1 5891
1 4468
1 2318
2 252
1 7845
1 5936
1 481
2 4850
2 3394
2 548
1 230
1 5270
1 4320
1 4744
1 3903
2 32
1 5361
2 742
1 4832
2 5262
2 3795
2 6190
2 784
1 6041
1 6041
1 8755
1 3420
1 686
1 6055
1 7268
2 7316
1 4150
2 5202
1 2740
2 3684
1 8654
2 7837
2 2699
1 5820
1 4727
1 2533
1 4930
1 408
2 5423
2 6926
1 8171
2 3537
2 4943
2 3131
1 4038
2 8658
2 2491
1 482
2 6757
2 3260
1 716
2 8670
1 5745
1 6018
1 1761
2 3907
1 4923
1 1662
1 1658
2 6726
1 100
1 4314
1 1036
1 4171
1 5245
1 8856
2 3088
1 7644
2 6688
1 4083
2 2484
1 8904
2 116
2 3563
1 4208
2 4330
1 3046
1 3293
1 6594
2 2270
2 1699
2 905
1 7123
1 5880
1 7670
1 3282
2 5879
1 6285
2 4696
1 5729
1 8009
1 8911
1 7043
2 2010
1 7669
2 4613
2 8006
2 1246
2 5140
2 1657
2 7957
2 2535
1 7972
2 5040
2 4494
1 7119
2 8749
1 3366
2 4916
1 3730
1 2036
2 6423
2 5175
2 5799
2 2660
1 1023
1 6163
2 1147
2 8985
2 1395
2 5925
2 3846
1 8851
2 286
2 3609
2 1955
2 673
1 5621
1 3799
2 28
2 2243
1 5115
2 2793
1 3429
1 2951
2 3965
2 5062
1 6724
1 5941
2 2727
2 3650
2 8575
2 2594
1 286
1 892
1 3942
1 7417
1 2300
1 3470
2 3237
1 6101
2 2831
1 6329
2 8955
1 3681
1 8834
1 990
2 7718
2 4552
1 2730
1 8286
1 2628
1 4677
2 1642
1 1636
1 1275
1 2173
2 3696
2 1269
1 8747
1 3472
2 3286
2 3167
2 2590
2 7499
1 2354
2 6239
2 4183
2 2025
2 6598
2 4153
2 3256
1 8637
2 2032
1 2012
2 5386
2 7682
2 1851
2 2299
2 3945
1 427
1 2092
1 2053
2 2318
2 4499
2 8551
1 5006
1 6971
2 1470
2 632
2 1340
1 5706
2 4182
1 4297
2 699
1 5615
2 296
1 5738
1 7458
1 4753
1 3340
2 7349
2 3995
1 5525
2 8384
2 6822
2 2926
1 2850
1 2350
2 8017
1 727
2 8974
2 3801
1 1780
1 6532
2 5520
2 8756
2 6232
1 8576
2 2796
1 827
2 1788
1 4722
1 739
2 3528
1 6635
1 3399
1 8176
2 4679
2 5169
2 3940
1 5500
1 995
1 7905
2 4324
2 515
2 1983
2 2178
2 8408
1 1140
2 333
2 397
1 82
1 4220
2 7330
2 1481
1 8769
1 8044
1 6272
2 6231
1 6401
2 5415
1 5075
1 3567
2 4176
2 7597
1 4349
1 553
1 5265
2 8883
1 962
2 2756
1 8925
1 7888
2 308
2 1003
1 1621
2 1546
2 1760
1 4923
2 7177
2 967
1 3663
2 1206
1 8324
2 2252
1 2751
1 3195
2 3198
1 4777
2 4791
2 6940
1 6385
2 3571
1 1966
2 7214
1 5612
1 2417
1 5333
1 4924
2 1219
1 4727
1 608
1 2229
1 1269
1 5302
2 2449
2 5458
2 8749
2 1626
1 7589
2 3265
1 4337
1 4659
1 1221
1 7972
1 8030
1 2484
1 3950
2 146
1 6402
1 527
1 7210
2 1901
2 2584
2 4928
2 8565
1 131
1 1792
2 4717
2 6088
2 6773
2 725
2 3316
2 1930
2 2467
1 8981
1 2437
1 3737
1 1774
2 4188
2 2539
1 8029
1 8260
1 841
2 7160
1 4038
1 6912
1 1391
2 8486
1 8433
1 103
2 7045
2 1719
2 736
1 4276
1 8671
2 6534
2 3623
2 7333
2 4395
2 2867
1 2071
1 4435
1 4469
1 1643
2 4854
2 1430
1 4452
1 4909
1 5341
2 5535
2 802
1 526
2 5489
1 4884
2 1792
2 5030
1 995
2 1320
2 3751
2 7441
2 3088
2 2753
1 6944
2 1624
2 3729
2 1840
2 3933
1 7749
2 6740
1 1452
2 6182
1 7386
2 8353
2 8703
1 685
1 850
1 4462
1 3767
2 7386
2 7719
2 6812
1 6942
1 7304
2 2442
1 3991
2 962
1 8142
2 7982
1 8890
2 7646
1 8302
2 6150
2 881
2 3632
1 530
1 898
2 8469
1 7753
2 2042
2 2390
2 3132
1 1040
1 4063
1 3410
1 2390
1 5679
1 5524
1 1163
1 6449
1 1668
1 4943
1 8177
1 318
2 6114
1 6325
1 8456
2 2713
2 2701
1 1227
2 3575
2 7605
1 7953
2 6621
2 4027
1 238
2 5660
1 7619
2 1117
2 3781
1 6559
1 287
1 7816
2 6631
1 8962
1 5568
1 7924
1 5023
1 3621
1 3986
1 6958
1 127
1 8783
2 1364
2 7053
2 179
2 8019
2 3345
2 4190
2 2446
2 5694
2 8303
2 4753
2 2403
1 690
1 899
2 1410
2 7662
2 6910
1 4643
2 402
2 3176
1 5651
1 3338
2 3075
1 4990
2 5233
2 1840
2 8599
1 2706
1 3400
2 3224
2 457
1 3425
1 5071
1 8272
2 1658
2 4331
2 1241
1 5460
2 4582
2 8831
1 4611
2 8171
1 4845
2 5932
1 1383
1 6480
1 6714
2 7505
1 4532
2 2419
1 6095
1 1246
1 1804
1 5253
2 8063
2 3040
2 4253
1 408
1 4419
1 4049
1 4272
2 3004
1 6574
2 8190
2 7413
1 6139
2 1761
2 791
2 8749
2 3382
1 7487
2 4658
2 4046
2 7550
1 4562
1 2225
1 2018
1 1788
2 8740
1 3039
1 8833
2 4377
1 7318
2 2503
1 4946
2 4935
2 5061
1 766
1 4038
2 3950
1 4288
2 1971
1 7110
1 7944
2 1764
1 8582
1 1536
2 125
2 1440
2 5494
2 3662
2 3512
1 6609
2 7105
2 1206
2 8312
1 3695
2 3929
1 5891
1 2168
1 439
1 2385
2 4730
1 6567
1 8879
1 4076
1 2854
1 8673
2 4964
1 2998
2 4221
1 5228
1 7191
1 8313
2 2169
1 5580
1 8403
2 5449
2 7552
2 6703
2 7929
2 2528
1 6412
2 5561
2 3037
1 2195
2 683
1 5642
2 2959
2 7308
2 5680
1 6579
2 842
1 8814
2 8296
2 189
2 8200
1 5404
2 2919
1 5674
2 2284
2 6490
1 5353
1 4385
2 4031
2 3065
2 8321
2 526
2 5484
1 7720
1 2189
1 1496
2 8843
1 8526
2 8119
2 7626
2 5242
2 7105
1 2918
2 4642
1 4679
2 1242
1 1451
2 829
2 6136
2 3446
1 1916
2 8289
2 7555
2 6151
1 4453
1 8690
1 4686
2 1305
1 4530
1 5717
2 2792
1 7765
2 3590
2 1552
2 6382
2 4706
1 2327
1 280
1 8879
1 1807
1 4752
2 2953
1 8544
1 7858
1 6733
1 3034
1 3801
1 2532
2 651
2 1878
1 1886
2 1786
1 1661
1 4069
1 1135
2 2525
1 80
2 1161
2 3448
1 7963
1 5536
1 369
2 146
2 2405
1 4313
2 6809
2 4857
2 7871
1 5927
2 3144
2 1420
2 4075
2 8662
1 7640
2 3415
2 6861
1 6106
2 3386
1 5884
1 56
2 112
2 4535
2 2278
1 2952
1 7220
1 1576
2 3444
2 6423
2 3880
2 7375
1 468
1 1761
1 1540
2 4868
2 4078
2 7823
2 3280
2 7065
2 5981
2 759
1 2868
1 2094
1 5929
2 6578
2 1049
1 166
1 8944
2 4909
1 3093
2 5952
2 2640
2 8080
1 7978
1 4527
2 5110
2 6986
1 8359
1 4242
2 8675
1 5052
2 2710
2 5005
1 8258
2 3217
1 6021
1 3894
2 5491
2 7941
2 7829
1 6937
1 6050
2 3835
1 110
2 8756
1 1025
1 788
2 33
2 8163
1 834
1 4407
1 668
2 4302
2 8630
1 20
1 8850
1 5662
2 801
2 7240
2 4768
2 1652
1 6867
1 4540
2 4881
2 338
2 1712
1 8165
2 6379
1 2439
1 3369
2 8134
2 1752
1 6191
1 1137
1 641
2 2302
2 369
1 6169
1 7490
2 4815
2 4344
1 3941
1 6149
2 6657
2 5155
1 796
1 2370
2 4407
2 1132
1 1916
1 1216
2 982
2 469
1 7676
2 3631
2 8785
2 3814
2 1648
2 1821
2 6398
1 6416
2 848
1 1322
1 7151
2 2981
2 5537
2 2643
1 4170
2 3326
1 3211
1 6619
2 3977
1 4804
1 2969
2 309
1 3499
2 2079
2 5236
2 6548
2 3713
1 3050
2 1409
1 8572
1 5690
1 5741
1 1142
1 5918
1 4735
1 6953
2 1657
1 3783
1 5711
2 2120
1 5217
1 5113
1 5284
2 307
2 554
1 8153
2 2060
2 3865
1 5150
1 959
1 5026
1 2791
1 8007
2 3146
2 4786
1 4330
1 2126
2 5585
1 8448
1 2071
2 310
2 3043
1 2194
2 5436
2 2690
1 3680
1 3354
2 2196
1 1323
1 5037
1 2333
2 7695
1 4843
2 5964
2 254
1 5319
1 485
2 4865
1 8699
2 7844
1 6066
2 3215
2 5543
1 5401
2 3757
1 4833
1 1959
2 2245
1 2792
2 593
2 677
2 1307
1 3806
2 1749
2 5648
2 4602
2 2358
1 3741
2 7186
1 8062
1 3238
1 1414
2 1664
2 3669
2 7710
2 6714
1 2853
1 6251
1 3937
1 3325
1 1736
2 4038
2 959
1 7169
1 1498
2 5883
2 310
2 6164
1 5377
1 7
1 5412
1 2605
1 2615
2 2950
1 694
1 7962
2 8355
2 904
1 804
2 7381
2 2391
1 7991
2 1219
1 7666
2 1720
2 8187
2 1490
1 6051
1 4954
1 3790
1 2134
1 2764
1 362
1 1536
1 1910
2 1759
2 8473
2 2332
1 367
2 546
1 712
2 8488
1 5849
1 3036
2 2790
2 1809
1 1928
1 2803
2 1003
1 1925
2 6068
1 3425
1 3745
2 8272
1 6161
2 1626
2 5366
1 7544
2 8936
1 6815
2 3276
1 7400
1 5220
1 7959
1 225
2 3880
2 3918
1 7769
2 4439
1 5996
1 7553
1 1003
1 7324
2 1641
1 5511
2 1382
2 5419
1 5843
2 8538
1 7543
2 6129
2 2097
2 3340
1 5384
1 3177
2 4575
1 3576
2 1276
2 4153
1 1884
1 415
1 1231
2 4459
1 3002
1 4419
1 140
1 8285
2 5392
2 1063
1 1901
2 7513
2 203
2 805
1 3479
2 1885
1 5800
2 3494
1 7059
2 4796
1 6628
2 4479
2 3302
1 5420
2 6469
1 7126
2 1386
1 694
2 3190
1 4361
1 2451
1 6713
2 4503
2 4447
1 7602
2 7759
2 2594
2 4108
2 7853
2 5422
1 3848
2 6345
2 4941
2 4665
1 5201
2 2442
1 6231
2 3756
2 6455
1 6975
1 7332
2 8371
2 3125
1 5548
2 5585
1 6644
1 472
1 5849
1 5639
1 6224
1 8788
2 5562
2 5132
2 2063
1 778
1 400
2 5920
2 5049
1 7562
1 1278
1 793
1 4365
1 1870
2 4845
2 56
1 5709
1 6855
2 5473
1 2666
1 4376
2 6174
2 6049
2 79
1 1439
1 8140
2 2163
1 1278
2 6257
2 690
1 4317
2 6272
2 7544
1 658
1 6541
2 5152
1 4601
1 4003
2 4563
2 2258
1 1352
2 5442
2 305
2 1040
2 1457
1 468
2 562
1 7334
1 3384
1 4876
2 8448
2 5112
2 2569
2 8443
1 7892
2 2102
1 2985
1 8403
2 6891
2 119
2 8796
1 1555
2 3187
1 2027
1 3045
2 7239
1 1113
2 5032
2 809
1 5325
1 5302
1 4302
2 4004
2 848
2 1414
1 8523
1 2962
1 8728
2 2344
1 4176
2 1039
1 8897
1 1841
1 7673
2 4544
1 6832
1 2601
2 2281
2 4768
2 1953
1 3684
2 3764
1 2412
2 2348
2 1498
1 2267
2 1039
2 7819
2 3407
2 7067
2 4390
1 3269
1 4140
1 2662
1 29
2 2550
2 5748
1 321
1 1993
2 6429
1 8424
2 8132
1 3644
1 628
2 4739
2 4678
2 5892
2 4828
2 583
1 5878
2 2004
2 2519
1 5806
1 3947
1 8945
2 35
1 5674
1 2501
1 3150
1 1302
1 1470
2 8009
1 5057
1 517
1 1674
2 1793
2 5067
2 2931
2 1299
2 3362
1 5508
2 8424
2 3880
1 8140
1 5549
2 1935
1 1846
1 7534
1 7053
2 4999
2 6702
1 7543
1 525
2 1675
1 2978
2 5558
1 1779
2 8666
2 8987
1 555
2 8690
1 2976
2 3662
2 459
2 4976
1 2059
1 1961
2 7768
2 3607
2 1759
2 7907
2 3726
1 6621
1 6723
1 1714
2 3752
2 189
2 297
2 19
1 2265
2 6851
1 1834
1 4366
2 307
1 8475
1 4847
1 5231
1 332
1 2755
2 4673
2 5630
1 939
2 7052
1 2050
1 3799
1 5632
2 2165
2 1577
1 2370
2 3809
2 8752
2 6187
2 1332
1 1342
1 2595
1 3949
1 1773
2 5134
2 8217
1 2810
1 5193
1 279
2 8263
1 3667
1 7439
1 5818
1 1455
1 378
2 8749
2 4693
1 3256
2 2102
1 1105
2 784
2 779
1 2275
1 1241
2 3896
2 5255
1 6599
2 1884
2 8222
2 4295
1 4445
1 719
1 6057
2 2007
2 4342
1 2290
2 2840
2 8299
1 8491
1 2992
1 8137
1 1111
1 8220
2 8330
2 2341
1 8144
2 5229
1 2332
2 4609
2 4586
1 6923
1 7606
1 5295
2 6263
1 1859
1 7805
1 4931
1 3263
2 8267
1 6176
2 998
2 3338
2 455
2 523
2 3031
1 2120
2 1526
1 3111
2 573
1 6321
2 667
1 8352
1 4478
2 3837
2 60
1 6134
2 2523
1 1606
1 1974
2 2701
2 1737
1 6433
2 415
1 6173
2 8369
1 8049
2 1322
1 4850
1 641
2 7355
2 5111
2 5228
1 6210
1 8371
1 6217
1 5121
1 2112
2 5046
2 5510
1 5702
2 4349
1 4717
2 2818
2 4362
2 2326
1 3033
2 6444
2 8027
2 2628
2 1521
1 5039
1 5119
2 5812
2 1102
1 778
2 6460
2 6215
2 1296
1 5337
1 4192
2 707
2 781
1 6274
2 2178
2 1313
1 4801
1 5113
1 8271
2 6461
1 8745
2 4149
2 3446
1 8872
2 375
2 6576
2 8493
2 3393
2 4905
1 6171
2 4106
2 6304
1 7954
2 2767
1 5770
2 3722
2 3743
2 829
2 7509
1 1728
1 4012
2 2191
2 5191
2 3496
1 1172
1 7053
1 7545
1 1378
1 4116
1 5913
2 8583
2 7924
1 3097
1 1683
2 1040
1 4695
1 4725
2 2654
1 7065
1 168
2 2511
2 2729
2 1545
2 6584
2 1352
2 6351
1 4990
1 5204
2 3431
2 7231
1 6743
1 5885
2 4893
1 2324
1 1664
2 8992
1 3313
2 4358
1 6466
1 4400
2 7189
1 1000
2 3048
1 6432
1 831
2 3272
1 866
2 5217
1 3121
1 3915
2 5318
1 826
2 4594
1 4454
2 8442
1 1346
2 8779
2 4133
1 5428
2 8680
2 547
2 3800
2 3202
1 1044
2 3947
1 6257
2 1970
1 4028
1 6834
2 8951
2 3691
1 1680
1 4275
1 8142
1 5042
1 294
1 4058
1 7389
1 7622
2 6758
2 3066
2 1071
1 7573
2 6159
2 7442
1 66
2 4973
2 1625
1 1684
1 7307
1 1651
1 120
2 4700
2 8736
2 6543
2 3951
1 5335
1 6428
1 3157
2 819
1 753
1 2975
2 2358
1 6676
1 5246
1 1724
1 2558
2 4207
1 4274
2 7657
2 5692
1 7255
2 8609
1 3754
1 4300
2 575
1 1800
1 3670
1 2464
1 2066
1 4593
1 1680
2 4611
2 2411
2 1507
2 88
1 3573
2 2733
1 2600
1 127
1 7122
2 3501
2 5238
2 5495
1 7218
1 995
1 3590
2 5280
2 3202
2 4252
2 6824
2 5084
2 8770
1 491
2 252
2 8444
1 8821
2 2867
1 1955
1 1449
2 4861
2 2166
2 492
2 981
1 572
2 4058
1 7039
1 8286
1 7180
1 2599
2 3134
2 1025
1 8375
2 3754
1 6767
1 1885
2 3408
1 1325
2 2716
1 8660
1 736
1 6124
1 3202
1 5526
2 1242
1 2402
1 5813
2 4238
1 2608
1 6442
2 7651
1 4275
1 8723
2 8110
2 4908
1 16
2 6255
2 6716
2 2985
2 4916
1 4172
1 6443
2 482
2 643
1 2350
1 5715
2 7510
2 5443
1 1446
2 1506
2 5110
2 8400
2 2768
2 2368
2 4522
1 4224
2 5803
1 3540
1 5795
2 2383
1 4747
1 3092
1 2944
2 4101
2 2530
2 1393
1 4058
1 6747
1 4691
2 5353
1 6111
1 8874
2 973
2 7243
1 7802
1 6188
2 4791
1 6830
1 8713
2 1544
2 4470
1 5995
1 2646
2 5882
1 6288
1 4446
1 5512
2 6337
1 6837
2 1841
2 1015
2 4208
1 5712
2 7457
1 3042
1 261
2 4074
2 432
2 1236
2 6981
1 6832
2 1625
1 3875
1 742
2 5624
2 2126
2 3872
1 180
2 8592
1 5469
1 6779
2 252
2 2463
2 8631
2 3580
2 876
1 6674
1 4904
1 5050
2 1337
1 5808
1 90
2 7975
2 8727
2 822
1 8098
2 6770
2 8477
1 5068
2 4721
1 3892
2 5447
1 4710
1 5268
1 4044
2 1954
1 4012
2 5301
1 1852
2 2059
1 1803
1 4848
2 5489
2 1712
2 1098
2 4870
2 5550
2 3765
1 917
2 6205
1 1098
1 849
2 8333
2 1990
1 3725
1 8270
1 7550
2 7422
2 8103
1 6853
1 2071
1 5678
2 3090
2 5951
1 278
2 8939
1 6307
2 5325
2 946
2 1662
1 7516
2 3345
2 4319
1 797
2 7709
1 7683
2 8357
1 784
1 5278
2 8549
1 5625
1 3430
1 4767
2 111
2 1107
1 4557
1 1536
1 5084
1 8982
2 453
2 97
1 5339
2 4795
2 2798
2 508
1 7455
1 335
1 4373
1 2966
2 5287
2 2848
2 2187
2 7026
2 8711
2 7420
2 8070
1 8222
1 6077
1 378
1 6598
1 403
2 1149
2 5559
1 8737
1 4321
1 4285
1 4514
1 2496
2 5457
2 3033
2 7824
2 4367
1 3729
1 3273
2 801
1 2265
2 5212
1 4766
2 4297
2 5458
1 5943
1 6889
1 8760
1 7235
1 2925
2 3212
1 7234
1 1266
1 6660
2 1190
1 8912
2 1383
1 8181
1 5795
1 5093
1 8208
2 5104
1 306
1 2018
2 4358
1 4990
2 1830
2 1931
2 5189
2 3054
1 4142
1 8800
2 3576
2 3417
2 2613
2 3500
2 3931
2 1773
1 1330
1 4569
2 3319
1 2605
2 520
1 4042
2 4833
2 6807
2 5399
2 6863
2 4363
1 2485
2 8409
1 7685
2 7538
1 1845
1 8103
1 8236
1 2311
1 953
1 5338
2 6239
2 2094
1 1048
1 7282
2 1584
2 4610
1 1651
1 8034
2 593
2 1446
1 8144
2 2658
1 851
1 3029
1 5379
1 6923
1 5507
2 8140
1 8296
1 4999
1 7984
1 3611
2 570
1 6223
1 5479
1 1807
2 5655
1 8146
1 863
1 4907
2 849
1 1037
2 605
1 8106
2 8767
2 4645
2 3633
2 935
1 7362
1 4527
1 4911
2 4509
2 2593
1 2073
2 7263
2 5111
2 7101
2 94
2 6141
1 5401
2 3374
1 5902
1 6410
2 349
1 3308
1 6387
2 1233
2 8944
1 4798
1 3061
2 6051
1 4314
1 2263
1 7559
1 2500
2 4402
1 2188
2 1336
1 2507
2 5895
2 8383
2 2363
1 1102
2 3239
2 2807
1 4623
2 8076
2 6692
1 3853
1 4320
1 4609
1 7218
2 8977
1 868
1 6893
1 3883
2 955
1 2903
2 21
2 260
1 2083
1 2855
2 4728
2 2621
2 4393
1 849
1 1476
1 7236
1 3901
2 7306
1 5383
2 6058
2 625
2 3039
2 4270
1 4141
2 4322
2 4741
1 714
2 749
2 3027
2 505
1 4421
2 4575
2 2585
1 4810
2 3569
1 6436
1 3384
1 8690
2 7138
2 5219
2 540
2 4385
1 5047
1 7459
1 1593
2 8538
1 8541
2 3554
1 2812
1 659
1 2356
1 2537
1 4688
1 1361
2 2296
2 6334
1 1058
2 1010
2 7985
2 5640
2 1397
2 3242
1 4243
2 2302
2 7599
1 4023
1 6959
2 1849
1 850
1 2980
2 6424
2 7365
1 2283
1 5425
1 5935
2 2916
1 1366
1 3338
2 4248
2 3147
1 6049
1 6116
1 6370
2 6363
1 1716
1 5291
1 4515
1 858
2 3320
1 3327
2 3545
2 7879
2 3125
2 5665
2 1818
1 385
2 4034
2 5115
1 5430
2 3577
1 8993
1 1926
1 3872
2 3395
1 8504
2 297
2 776
2 2393
1 7761
2 3881
1 300
1 5888
1 5050
2 5011
2 4986
1 3185
1 3310
2 636
1 1343
2 8065
2 1795
1 1274
1 7667
1 2057
2 1754
2 5064
2 1579
2 6191
1 6290
1 5918
2 502
1 8691
1 6533
2 5294
1 3856
2 3156
2 5849
2 7313
2 5803
2 2208
1 1280
1 880
1 321
1 335
2 7641
2 4066
1 7914
2 4033
1 2149
2 4357
2 5348
2 4227
1 1019
2 4053
1 5542
2 4919
2 4676
1 2879
2 7037
1 2400
1 3383
2 4041
1 7543
1 3650
1 111
1 8702
2 3370
1 808
2 7048
2 2791
2 6094
2 3531
1 741
1 7197
1 7015
2 3666
1 2029
1 5849
2 2716
2 1021
1 1529
2 4796
1 3715
2 697
2 3912
2 1943
1 8443
1 4591
2 5436
1 8628
2 7856
2 2149
2 714
2 547
2 6842
2 6059
2 6981
2 8686
1 1022
2 431
2 5212
2 2509
2 5651
2 2682
2 4647
1 1314
1 6702
2 1904
2 5038
1 4846
1 8104
1 1948
2 5667
1 1611
1 3243
2 6514
1 2779
2 4144
2 4792
1 8819
1 8192
2 2521
2 1780
2 8653
2 8530
2 4580
1 4766
1 2376
2 1017
2 6628
1 5338
1 7722
1 4069
2 90
1 7553
1 4059
1 4815
1 5095
2 7855
1 690
2 4877
2 6163
1 2636
2 1462
1 5625
1 6913
2 3348
2 2798
1 3771
1 6705
2 2631
2 3194
2 3954
1 6309
1 2241
2 5512
1 5231
1 8900
1 6067
2 1904
2 8475
2 5530
1 3392
1 2991
1 5731
1 3006
1 6801
2 3984
2 2979
1 6018
1 2561
2 3350
1 6137
1 4983
2 2490
2 4828
2 549
2 4895
2 4366
1 8285
2 1728
1 824
1 8383
2 4460
2 8418
1 3432
2 3752
2 4942
1 6833
2 7188
1 1649
1 5867
1 3225
2 3543
1 3711
1 4168
2 1695
1 1649
2 3241
1 3624
1 2493
1 2181
2 2525
2 758
1 258
1 3178
1 3529
1 925
2 7806
1 5131
2 5714
2 6632
2 6034
1 6320
2 6320
2 746
1 3590
1 5946
1 2440
1 2775
1 737
2 1202
1 8497
1 4873
2 2525
2 435
1 4903
1 3101
2 3072
2 6028
2 4107
2 8299
1 2556
2 4831
1 5601
1 8473
1 4064
2 4933
1 3929
1 6553
1 5309
1 6583
1 5191
1 7574
1 5762
1 2854
2 2867
1 3027
1 2632
1 3756
2 1121
1 1532
1 2958
1 5856
2 8514
1 843
2 4014
2 823
1 3961
1 5484
1 7822
2 3998
1 3479
1 4410
1 6521
1 6296
1 8727
1 1904
2 2531
2 3118
1 251
2 4824
1 7889
2 4058
1 7981
2 6999
1 3830
1 1243
1 6063
2 8431
1 2319
1 3149
2 4923
2 276
2 4128
2 1678
2 6452
1 5616
2 4412
1 1241
2 5260
1 7095
1 5826
1 8799
1 5355
1 6275
1 1354
1 5593
2 758
1 3073
2 3484
2 7687
2 2205
2 3539
2 2458
2 8749
2 8652
2 8180
2 4776
2 1688
1 4332
2 934
1 3579
1 5565
2 5127
1 7991
1 2264
1 3578
1 5447
2 8184
1 1360
2 6307
1 24
2 7165
2 6578
1 1823
1 585
1 2832
1 5177
2 817
2 8166
1 7926
1 1594
1 8975
1 3121
1 6344
2 3848
2 5766
1 6621
2 4468
1 8288
1 236
2 5714
2 4665
2 3189
2 2524
2 3628
1 8278
2 2764
1 4318
2 1252
1 3083
1 3113
1 3557
2 7397
1 7239
1 6424
1 5311
1 8632
2 5865
2 2421
2 6448
1 8272
2 5718
1 3989
1 4703
1 1174
1 3737
1 4739
1 535
2 5455
2 8134
2 900
2 319
2 5097
1 3599
2 5307
1 4467
2 3938
1 4352
1 414
2 6577
2 2770
2 3074
2 1543
1 3373
2 603
1 779
1 5860
1 3886
2 4880
2 4308
1 2207
2 2582
1 3779
1 7858
2 5342
2 8974
2 4461
1 5134
2 1964
1 2631
2 4570
1 301
2 302
1 3754
1 4058
1 3864
1 943
2 8681
1 1490
1 3581
1 1309
2 6348
2 5753
1 2692
1 4906
1 2989
1 7787
2 7331
2 1228
2 1788
2 3025
1 947
2 501
2 468
2 1543
2 2904
2 1244
1 4740
2 2157
2 1029
1 434
2 2015
2 7534
1 2238
1 2029
1 4972
1 6484
1 4204
1 25
1 1838
2 3026
1 181
1 2770
2 3077
2 1801
2 3161
1 5075
1 3092
1 5404
2 2358
2 7794
1 1641
1 5452
2 8485
1 3889
1 3969
1 4268
1 5498
2 6903
2 6105
2 5590
2 6608
2 5981
1 8261
2 1532
2 7299
1 2
1 21
1 4952
1 8212
2 5095
1 2459
1 7212
1 7985
1 1891
1 1758
2 3971
2 4090
2 4536
1 914
2 3598
2 2172
2 7133
2 4454
1 7856
1 8474
1 5106
2 3797
2 811
1 4199
2 3143
2 5021
2 6472
1 3366
2 2285
1 5563
2 2363
1 6523
2 1291
1 3869
2 6580
1 5631
2 5547
1 8750
1 5328
2 5743
1 8226
2 8302
2 629
2 7397
2 6700
1 6840
2 8362
2 6702
1 5509
1 3850
2 6853
1 5314
1 4969
1 7048
2 339
1 4648
2 5173
2 6593
1 4595
2 3951
2 4179
2 3496
1 6211
1 2262
2 3050
1 6797
2 3946
2 8357
2 7156
1 3233
2 2500
1 1521
1 3406
1 6
1 5530
2 3692
2 5052
2 8404
1 303
1 2027
1 5034
2 7301
2 675
1 4326
1 1980
2 3739
2 3244
1 4404
1 2815
2 2772
2 672
2 4628
2 4342
2 1021
2 1876
2 3556
1 814
2 3
1 937
1 3598
2 5082
2 5348
2 1546
2 1071
2 6680
2 7244
2 575
1 6430
2 465
1 1224
2 181
1 8611
2 3669
2 5199
2 3939
1 3445
2 2725
2 964
2 694
1 106
2 5511
2 7662
1 2798
1 5812
1 6070
2 7712
1 3543
2 6990
2 39
1 3305
2 8129
2 715
1 7638
2 6613
2 1825
2 5991
1 2214
1 4082
1 2750
1 452
1 1196
2 3068
1 6604
2 4230
1 293
2 7553
2 3340
1 5455
2 3171
2 7437
2 5314
2 1549
1 5621
1 4216
2 3381
1 3767
1 7812
1 7763
2 5779
2 3603
1 5262
2 5367
2 2411
1 4219
2 7446
1 2702
1 3617
1 1499
1 258
1 2895
2 6189
2 2444
2 2348
2 3086
1 7564
2 349
1 4402
2 2218
1 4494
1 5061
1 6671
2 5790
1 8270
2 2138
2 3583
2 6536
2 4750
1 5373
2 6398
1 1749
2 8000
1 1515
1 4634
1 8003
1 822
1 5470
1 7052
2 5670
1 5586
1 7194
2 2979
1 2211
2 3414
2 6248
1 5714
2 1048
2 1670
1 1047
2 6573
1 2434
1 2401
2 8278
2 3423
2 4733
1 4189
1 2667
2 3991
1 3344
2 7615
2 431
2 3510
2 6631
2 8006
1 1463
2 5227
1 5647
1 786
1 3212
2 1615
2 2189
2 8013
1 8292
2 5858
1 4711
2 3329
1 7320
2 6396
2 4801
2 6449
1 6252
2 4068
2 4362
2 142
1 4042
2 2549
2 4900
2 4772
1 2310
2 1516
2 2976
2 5306
2 4819
1 2443
1 4983
2 7750
2 1869
2 961
1 5882
1 7111
1 1038
1 5912
2 7547
2 7025
2 3162
2 2061
2 3154
2 8148
1 5266
2 6884
2 7649
2 5741
1 5276
2 8001
1 704
2 4948
1 3441
1 3248
1 234
2 2108
2 8326
2 3286
2 6382
2 4999
1 35
1 1646
1 2231
2 5031
1 6703
2 2141
1 6372
2 5685
2 3459
1 6102
1 8417
1 8670
1 7250
2 7606
2 6684
1 5545
1 2008
2 1585
2 1977
1 2307
1 584
1 7332
2 8854
1 7667
2 5107
1 5641
2 6135
1 7902
2 1888
1 7206
2 6436
1 20
2 7031
1 6949
2 1486
1 5033
1 2853
1 2686
2 8934
2 4549
2 1835
1 4729
2 2086
1 77
1 926
1 4125
1 1597
1 3503
1 2921
2 5219
1 3015
2 6986
2 2718
1 6707
2 6051
1 6532
2 5361
1 3158
2 7548
1 2009
2 7558
1 5635
2 7321
1 3315
2 1533
1 2034
2 8173
2 8789
2 2589
2 1364
2 7999
1 1126
1 7142
1 185
2 2226
2 5292
1 2174
2 4400
1 2806
2 5159
2 925
2 3195
2 5685
1 1306
2 5145
2 4088
1 688
1 7157
2 2138
2 1689
1 5104
1 8366
1 7207
2 4781
2 5141
2 4979
1 5191
1 8197
2 1634
1 249
2 5033
1 399
1 5383
2 225
2 4277
2 4014
1 6125
1 2445
2 1056
1 2297
2 3070
2 3031
2 4628
1 1232
1 3987
2 1875
1 406
1 1586
1 235
1 2008
2 7222
2 3665
1 4283
1 1059
1 7395
1 6700
1 3384
2 6420
1 2036
2 2652
1 2063
2 983
2 1920
2 7560
2 4518
2 5732
2 1679
1 5609
2 6224
1 815
2 94
2 1598
2 2533
1 257
1 487
1 2738
1 5071
1 5685
1 8966
1 2929
2 4086
2 8932
1 6318
1 207
1 3181
2 3330
2 1530
1 5368
1 7851
1 3503
1 1484
1 6697
1 1035
2 4638
1 674
1 7766
2 1452
1 4457
1 8012
2 4281
1 3042
2 8067
2 1583
2 7706
2 2259
1 7356
1 3573
1 4433
1 6171
1 2345
2 2138
2 3765
2 7480
1 4930
2 5441
2 5281
1 4047
1 1498
1 2637
2 2842
2 4029
1 6634
1 6264
2 4011
2 6511
2 2551
1 5263
1 2321
1 5386
1 287
1 7252
1 1654
2 7019
1 712
2 8043
1 634
2 5625
1 6929
2 342
2 3958
1 2206
1 6846
2 3617
2 5287
1 4042
2 2080
1 5063
2 4241
2 8208
2 4035
2 6659
2 2097
2 6022
1 143
2 4559
2 6194
1 4297
2 3136
2 2576
1 8913
1 135
1 566
1 2992
1 6041
2 6444
2 7646
2 6307
1 1248
2 2158
1 6262
2 2634
1 567
1 5176
1 2332
2 2716
2 3142
2 7011
1 7616
2 5432
1 8518
1 5680
1 6262
2 2852
1 7725
1 5783
1 8510
1 4865
1 3390
1 2355
2 4195
1 8116
1 5079
1 1364
2 3415
2 8743
2 1065
2 219
1 7917
1 8590
2 1099
1 6770
1 2725
2 2674
1 4134
1 7466
2 7028
2 8361
1 4290
1 1010
2 153
1 7020
1 6001
2 6791
1 4418
2 2624
1 5399
1 2647
2 4525
2 1830
1 7200
2 1260
1 7679
1 8771
2 2737
2 1887
2 7873
1 6865
2 806
2 6170
1 885
2 4260
2 3051
2 5757
2 6837
2 6533
1 4915
2 8842
2 7309
1 3402
1 1844
1 5050
2 8156
1 3612
1 4888
1 4790
2 6055
2 3536
2 8710
1 3333
1 1134
1 6487
2 1303
2 3205
1 2389
2 2046
1 3194
2 1906
1 8132
1 5102
1 1120
1 8433
1 7367
1 8765
1 7656
1 2496
1 6967
2 3899
2 3780
1 7458
1 167
2 5766
2 5299
1 3752
2 1240
1 2143
2 8533
1 6771
2 1645
2 7995
1 5866
2 3948
2 6432
1 4482
2 6995
2 5532
1 5739
2 1827
2 367
1 3236
2 3232
1 3815
1 1319
1 6830
1 5490
1 2473
2 3011
1 1282
2 1401
1 149
2 8987
2 546
1 7978
1 4765
1 7766
1 1358
2 4636
2 2165
2 3903
2 5984
1 3813
1 2025
2 4691
2 5441
1 595
1 1082
1 1492
1 1435
2 3299
2 5620
1 4561
1 6773
2 6061
2 4979
2 5564
2 267
1 4534
2 3369
1 4435
2 2259
2 5509
2 6201
1 3407
2 1024
2 3967
2 2864
1 3976
1 491
1 3427
2 8079
1 6582
1 525
1 3726
2 6034
1 8162
1 7150
1 3951
1 3164
2 6091
1 489
1 252
1 6777
2 697
2 2102
1 3428
2 2490
1 1630
1 4031
2 3163
2 1516
1 24
2 3955
1 274
1 6897
2 4296
2 2894
2 1508
1 1606
2 1806
1 5391
2 4842
1 3971
1 307
1 1640
2 2472
1 8583
1 3565
2 3562
1 2445
1 529
1 4471
2 4887
1 3399
1 5336
2 2310
2 7421
2 4988
2 1556
2 2677
1 1562
1 8122
1 8434
1 2562
1 3283
1 6136
1 3460
2 3527
2 1771
2 3363
1 6687
2 2450
2 682
1 5499
2 11
2 6429
1 1659
1 2059
2 6311
1 8646
2 3013
1 1636
2 5826
2 8232
1 2971
1 8922
2 3651
2 5857
1 4013
1 6550
2 5074
2 5482
1 8148
2 74
1 5188
1 8450
1 7769
1 7312
1 7731
1 3587
2 8959
2 2372
1 4187
2 7323
1 5373
2 3629
1 7983
2 6148
2 2829
2 4272
2 10
1 4229
1 688
1 8004
1 550
2 7519
1 167
2 5623
1 1761
2 1104
2 6843
2 8768
2 250
1 5204
2 4694
1 6299
2 3993
1 935
2 8560
2 6937
1 3628
1 7884
2 2075
1 7061
1 8803
1 8617
1 4087
1 8080
1 4589
1 2816
1 14
2 5349
1 1088
1 2984
1 4225
2 110
2 6349
2 4930
2 2818
2 7685
1 2018
1 8973
2 6192
2 1684
1 2215
1 7619
1 3255
1 1694
1 8985
2 185
1 949
2 3299
1 5529
1 4138
1 7885
1 1272
2 4078
1 5213
2 1064
1 2316
1 4847
2 1402
1 7695
2 6380
1 7106
2 6273
1 8810
2 3129
1 7256
2 2147
2 885
1 677
2 1926
2 535
1 2261
2 721
2 710
2 4655
1 8503
1 4537
2 5380
1 7448
2 6313
1 5998
1 3122
1 4758
2 775
2 5764
1 1476
2 837
2 7928
1 954
1 228
2 2025
2 199
2 1069
2 5703
1 2303
1 1546
1 1389
1 6918
1 2465
2 1406
2 2013
2 3142
1 5711
2 97
2 8151
1 5097
2 2088
2 8726
1 7726
1 1242
2 1125
1 7717
1 4323
2 2477
2 6463
1 7513
1 1145
2 5077
1 3371
2 1920
1 2225
1 5748
1 7117
2 310
2 5270
2 903
2 2130
2 7154
1 1370
1 1599
1 4333
1 5879
2 495
1 6401
2 2035
1 8900
2 3399
2 5118
1 7311
1 8597
2 2541
1 8092
1 6231
1 8536
2 4641
1 1588
1 6893
1 2481
1 8176
1 3274
2 1774
2 3663
2 209
1 7112
2 2030
2 3588
2 6921
1 6650
2 8731
1 1201
2 6096
1 715
2 4582
1 3343
1 7074
1 7591
1 1429
2 6719
1 3504
2 1136
2 4867
2 5403
2 3108
1 6993
2 4398
1 4067
2 8472
2 758
2 5304
1 6681
1 1695
2 2682
2 3927
1 1933
1 4674
2 7102
1 3269
2 3282
1 7109
2 8969
1 2929
2 5175
2 4048
1 6995
2 4892
2 7527
1 1551
2 7449
1 5196
2 2753
2 5890
2 892
1 7916
1 584
1 6477
1 3698
2 8410
1 3452
2 4184
2 1211
1 2568
1 6032
1 8232
2 3229
2 4557
1 50
2 3933
1 3656
2 2649
1 3255
2 2075
2 1267
1 3164
1 412
2 785
2 8622
1 8559
1 4237
1 7108
2 7629
1 4024
2 2050
1 597
2 4747
1 4235
1 3661
2 5543
2 6269
2 8900
2 5221
2 2298
1 19
1 6942
1 3534
1 2627
2 8995
2 5776
1 1559
1 1985
1 5326
2 5138
2 8987
2 5137
1 5568
1 5028
1 2632
1 251
1 1860
1 5031
1 4667
2 6779
2 5637
1 2450
2 4810
2 513
1 2446
1 6983
1 1304
2 586
2 8228
1 3883
1 6285
2 5949
1 1639
1 1297
1 3804
1 5638
2 5141
2 8080
2 3315
2 7678
2 4278
2 5088
1 574
1 1001
1 3048
2 5729
1 2172
1 4775
2 2589
1 141
2 2928
2 8283
1 3825
2 3393
2 1314
2 3983
1 116
1 704
1 2339
1 5734
1 8638
1 7759
1 5173
1 1889
2 5678
1 2890
2 3376
2 6875
1 1513
1 2045
1 6326
2 1245
2 66
2 4236
2 7265
1 8754
1 3500
2 4092
1 5751
2 3531
1 3841
1 7800
2 7677
1 6885
1 2231
2 8157
1 760
2 3358
2 2966
1 1790
2 8902
1 36
2 7483
2 545
1 2027
2 2254
2 1824
1 6823
1 404
1 97
2 7041
2 8704
1 1680
2 532
2 8625
2 3397
2 154
1 6636
1 331
1 6324
1 3705
1 1385
1 265
1 6840
2 4024
2 1303
2 8977
1 1662
2 1734
2 5983
1 8122
1 7017
2 6047
2 3387
2 6364
1 8871
2 1145
1 8565
1 5149
2 5890
2 1120
2 5144
1 7805
1 632
1 1922
2 3773
2 2507
1 4307
1 2723
1 2200
2 3333
1 2249
2 2755
2 8745
1 2892
2 7941
1 6395
1 1571
1 6798
1 6445
1 5132
2 6744
1 2098
2 5082
1 7448
2 1299
2 8495
2 3755
2 5902
1 189
2 4646
2 7426
2 3674
2 3545
2 3731
2 2093
1 7139
1 1815
1 6648
2 1318
1 836
2 685
1 146
2 7076
1 8003
2 6705
1 3835
1 7936
1 3133
1 3872
1 6350
2 961
2 536
1 4683
2 717
1 8224
2 1392
1 1437
2 3246
2 5364
2 2594
2 5646
1 618
2 4223
1 2068
1 2906
2 7901
2 3664
2 339
2 1891
2 5833
1 2631
2 8971
1 6411
2 563
2 7396
2 5635
2 2443
1 1892
2 2736
2 5431
1 2775
2 8369
2 1978
2 380
2 2991
2 5260
1 8371
2 1551
2 7311
2 2833
2 179
2 6134
2 1072
1 57
1 3618
1 221
1 3453
1 2242
2 2607
1 2147
1 3847
1 6997
2 8365
2 3994
2 850
1 3759
2 6881
1 6523
2 4054
2 713
2 7173
1 4863
1 6694
1 8744
2 184
2 6479
1 7172
1 1317
2 2300
1 1981
1 2819
2 3086
2 8366
1 6049
2 220
2 6500
2 1634
2 4365
2 562
1 5603
2 1036
2 4569
2 5917
2 692
2 5488
1 3616
1 3091
1 1526
2 6891
1 2617
2 714
1 8793
1 4928
1 3623
1 1199
2 1746
2 5884
2 7497
2 5651
1 5634
2 3170
1 1587
2 3008
1 759
2 943
1 5715
1 6225
2 5705
2 8143
2 3653
2 2759
2 3142
2 5910
1 4463
1 4716
1 6087
2 3816
2 8470
2 1068
1 8505
2 4635
2 2255
1 3751
2 8548
1 5063
2 8054
2 3705
1 7727
1 7229
1 2019
2 3235
2 570
2 4524
2 3424
2 775
2 683
1 4541
2 6196
2 2607
1 1210
2 4401
1 1083
1 6118
2 7941
1 7110
1 2836
1 4941
1 1501
2 5086
2 266
2 4176
1 7486
1 5399
1 3156
1 4878
1 5243
2 6028
2 2349
1 5549
1 2960
1 2291
1 5708
2 580
1 2870
2 4757
2 6396
2 8631
1 2842
1 8177
1 1869
2 4734
1 6
1 281
2 577
2 4398
1 7695
2 5131
2 5545
1 8975
1 6102
2 417
1 870
2 6812
1 6647
2 5697
1 1424
1 3886
1 2525
2 7886
2 1850
2 377
1 4563
2 6222
2 2380
2 2494
2 3892
1 642
1 4560
2 1472
1 3069
2 8249
1 2797
2 5127
2 2398
1 7269
1 8367
1 1975
2 716
1 5317
2 1364
1 281
2 1442
1 1241
1 6761
2 369
2 1011
1 5049
1 3779
2 1487
2 2426
1 3318
1 6215
1 759
1 1042
2 2327
1 1235
2 7097
1 8150
1 7877
2 2586
2 6578
2 1347
2 2775
1 6588
1 1152
1 6376
2 1775
1 4603
2 4842
1 1701
2 2396
1 5151
2 2478
2 6689
2 7678
1 3803
1 3016
2 1987
2 8965
2 3790
1 10
1 2826
2 1386
1 555
1 2878
1 3052
1 8292
1 7321
1 3734
1 1235
2 2701
1 6764
1 4613
2 5044
1 386
1 5306
1 3332
2 14
1 7519
2 1287
2 2605
1 5729
2 4248
1 3145
1 2259
1 164
1 929
1 709
2 376
2 1365
2 4735
1 8176
1 3398
1 8990
1 3772
2 1831
1 1303
2 2330
1 1655
2 6071
2 8524
1 8892
2 4042
2 3765
2 8090
2 2608
1 4867
1 2328
1 2568
1 5767
1 907
2 5570
2 7026
2 3728
2 5602
2 6971
2 2010
2 1034
2 8113
2 7110
1 7386
1 7323
2 4334
1 4041
1 4979
1 3332
2 4076
1 8081
1 4448
1 6995
1 3336
2 8300
1 5043
1 4479
1 8677
2 8878
1 904
1 4639
1 6848
1 7717
1 6846
1 2708
2 5661
1 8220
2 7713
2 3010
2 8569
1 8636
1 3194
1 8851
2 1430
1 1486
2 7132
2 116
2 818
2 7106
2 2929
2 118
2 1440
1 267
1 1115
2 2319
1 5637
2 8441
2 6180
1 1510
1 2764
2 8773
2 1335
2 2122
1 4347
2 6849
1 1300
1 4292
2 1420
1 4854
1 1656
1 272
2 7877
2 1763
2 2427
1 3552
2 2232
2 8933
2 4856
2 2689
1 2932
2 1938
2 8576
1 6228
2 7466
2 2732
2 5487
1 2190
2 8248
1 8308
2 7742
2 3576
1 6849
2 6508
2 8047
2 5656
2 2763
1 4020
2 5452
1 1127
2 5441
2 1007
2 2233
1 5361
1 2407
2 8595
2 1173
1 5920
2 3256
1 7932
1 8109
2 1064
1 6963
2 1025
1 4633
1 2460
2 5833
2 8669
1 3133
1 7344
2 936
1 5567
2 1385
1 422
1 1324
2 987
2 785
2 457
1 3345
2 2607
1 7670
2 6669
2 594
1 7063
1 6435
2 3437
2 8117
2 4753
2 5049
1 4890
2 5317
1 2345
1 4131
1 883
2 6887
1 3703
2 5659
2 4696
1 8837
2 652
2 8235
1 4670
1 1390
2 4569
2 4149
2 1406
2 963
1 4264
2 1980
1 6126
2 8260
2 3673
2 6240
1 8990
1 7369
2 8022
2 638
1 1812
1 5889
2 247
2 6518
1 5785
1 1151
2 886
2 6243
1 5473
1 7296
1 7692
1 6598
2 199
1 5926
1 7875
1 3827
1 3903
1 1912
1 442
2 1227
1 2042
1 6696
2 6245
1 6144
1 4646
1 755
1 1594
2 1764
2 3547
2 2173
2 5268
1 3067
2 2951
2 8450
2 932
1 5428
2 4002
2 3110
2 955
2 4916
2 5707
1 2862
2 3329
1 779
2 7385
2 2933
1 3913
1 861
1 3467
2 5424
1 3307
1 7121
1 5921
2 6298
1 6753
1 406
1 6617
1 4233
1 666
1 1529
1 5411
1 8726
1 4338
1 97
2 1932
2 5681
2 7816
2 5779
2 4863
1 1395
1 5494
1 1238
1 8143
1 3946
1 565
1 6912
1 4519
2 4769
2 5727
2 6135
2 7331
2 4229
2 5059
2 1258
1 8556
1 3929
1 7924
2 5580
1 6255
2 4475
2 1034
1 2904
2 3574
2 3437
1 6615
1 6720
2 1918
2 7773
1 8755
1 7420
1 3767
1 5125
1 369
2 6913
2 423
2 1987
2 4504
1 6791
1 7480
1 8266
1 4891
1 6835
1 2381
2 4479
2 7514
1 6443
1 4537
2 5366
2 3814
1 8796
1 5160
1 7579
2 6992
1 1639
2 4108
2 1025
2 6099
1 312
2 6986
2 1374
2 1526
2 2814
1 2802
2 4500
2 5827
1 1798
2 3874
1 4809
2 635
1 1128
2 300
1 6104
1 367
1 759
2 891
2 4247
1 1872
2 5333
2 1610
2 5767
2 4864
1 4566
2 6549
1 1864
1 3919
2 3408
2 5702
2 8130
2 943
2 4865
2 4833
2 4980
1 984
1 6577
2 3137
2 2872
1 1965
1 828
2 369
1 621
2 3756
2 4481
1 4627
1 7348
2 8194
1 7862
1 1980
2 684
1 5413
2 201
2 134
2 1910
1 2593
2 552
1 3021
1 2426
2 1876
1 1426
2 2195
2 240
1 3146
2 6756
2 2772
1 3399
1 2369
1 2174
2 4322
2 5210
2 3261
1 5091
2 5466
2 3014
2 5125
1 8564
1 4494
1 1445
2 2869
2 5405
1 3153
1 862
2 6106
2 6
1 4621
2 3723
1 1673
2 2804
2 328
2 817
1 7472
2 4598
1 579
2 7764
2 5092
1 6208
1 3266
2 5432
1 5073
1 987
2 1759
1 5865
2 4581
1 1827
2 6807
1 3428
2 1542
2 6704
2 1011
1 6459
2 430
1 1110
1 3529
2 1933
1 8998
2 4484
2 664
1 2212
2 8393
2 1681
2 6535
1 5670
2 3772
1 8674
1 4390
1 6188
1 3317
1 4365
2 2092
1 4886
1 7569
1 1946
2 6536
1 805
2 5636
1 4357
1 5183
2 6455
1 2261
1 6077
2 7748
2 303
1 8839
1 1775
1 6380
1 5202
2 8521
2 4596
2 1774
2 7307
1 6191
1 6463
1 393
1 232
2 5687
2 7792
2 2621
1 8618
1 2437
2 1452
1 4248
2 8025
1 248
2 4202
1 1819
2 5614
2 7058
2 3151
2 5539
1 304
2 852
1 11
2 2049
1 3575
1 1671
2 1051
1 1826
1 1356
1 6492
1 2613
1 2543
1 6783
2 1357
1 3582
1 4734
2 4671
2 210
2 3471
2 1343
1 2078
2 7989
2 5076
1 8744
2 2194
2 2118
1 3452
2 8394
1 4029
2 5328
2 2531
1 362
1 5029
1 4034
2 1451
1 6480
2 8957
2 1655
2 5039
2 5371
1 3931
1 6342
2 8191
1 7483
2 4800
1 7562
2 8783
2 4774
2 2235
2 2251
2 2080
1 5012
2 2206
2 6588
2 5765
1 5811
2 2655
2 4267
2 2078
1 2964
1 8401
1 1773
1 1969
2 3595
1 5608
2 7911
2 492
1 4155
2 1744
1 1061
2 7389
1 672
1 6847
1 4119
1 8138
2 2187
2 1367
1 7327
2 2729
2 4650
2 4093
1 3876
2 5137
1 1701
1 5724
1 7002
2 5359
1 2761
2 8986
1 4472
1 4778
2 545
2 3162
2 4409
1 2551
2 1265
1 4097
2 4435
1 4310
2 2873
1 4153
1 1387
1 2667
2 696
1 2409
1 23
2 3111
2 166
1 3178
1 7858
1 6932
1 5040
2 5724
1 2692
2 6780
1 7400
1 4503
1 7384
2 6618
1 5291
2 451
1 5356
1 2399
2 1610
2 3200
1 2332
2 6983
1 4777
1 3470
2 1943
1 466
1 3746
1 4711
2 3208
1 5060
1 7099
1 8304
1 4871
2 6916
1 5012
1 1243
1 3909
1 2057
2 4314
1 296
2 8764
1 2760
1 4415
1 335
2 1733
1 4919
1 5944
1 392
2 5391
2 4710
1 8941
2 7716
2 1023
2 4120
2 2693
2 8321
2 3922
2 7671
1 5575
1 7634
2 6181
2 3365
1 2618
2 5300
2 7325
2 5444
2 6469
2 8722
1 2688
1 6382
1 2456
2 3825
2 4234
2 1981
2 2969
2 557
1 433
2 3717
2 7184
2 3539
2 3970
2 5789
1 5708
1 2061
2 7576
2 5667
2 651
1 4321
2 3940
1 1253
2 3007
2 3986
2 1184
1 2768
1 6907
1 2085
1 203
2 3500
1 1666
2 1157
2 4713
1 7037
2 4296
1 6944
1 8864
1 6660
2 135
2 6960
2 3252
1 924
1 7323
1 5539
2 5331
1 7102
2 462
1 3435
1 6241
2 6942
2 2678
2 5062
1 5486
2 3156
2 4538
1 4447
1 5875
1 6836
1 2704
2 8964
2 1705
2 1741
2 7346
1 710
1 2426
1 1069
2 820
2 4436
1 7333
1 4468
1 368
1 8880
2 8342
1 8997
2 3058
2 7584
2 3100
1 2033
2 140
2 2958
1 882
1 4187
1 4715
2 7753
1 2126
2 940
2 4816
2 82
1 5365
2 217
1 7128
2 5087
1 4645
1 8208
2 101
2 7388
2 5346
2 2607
2 2627
1 8165
1 1402
2 157
2 3275
2 2341
1 704
1 2079
2 1700
2 5322
1 7284
2 4276
1 4293
2 5599
2 3441
2 1721
2 1788
1 7985
1 6350
2 4318
2 2642
1 7338
2 5079
2 1247
2 2220
2 3297
1 921
2 2324
2 2443
1 4119
2 5913
1 8698
2 3933
1 683
1 5981
2 5863
2 7547
2 6216
1 5489
1 4162
2 8945
2 5714
2 2508
1 7217
2 5089
1 8941
2 2320
1 8016
2 5304
1 430
2 2726
2 4081
1 8126
2 2511
1 5591
2 343
1 8331
2 3975
1 7116
1 1129
2 8965
1 5680
1 4647
2 6470
1 3107
1 2855
1 1600
1 2571
2 1253
1 4991
2 1929
1 1622
2 5105
2 1871
1 5242
2 3319
1 2080
1 8952
1 6230
2 393
1 7055
1 4448
2 508
2 3477
2 2070
2 7817
1 2631
2 1072
2 1732
2 8426
1 5430
2 2048
2 6178
2 3997
1 8757
1 5203
1 6595
2 3696
2 3170
1 4952
2 387
1 2077
2 2945
1 6915
2 1645
2 3289
2 5880
2 4662
1 7970
2 8984
2 1036
2 2091
1 3681
2 2479
1 5498
1 5531
1 3586
2 8553
2 3238
1 8618
1 2778
2 7339
1 4144
2 1584
1 3442
2 2312
1 3994
1 3561
2 3767
2 5374
1 3451
2 2990
2 2020
1 3191
1 5768
2 8954
1 108
1 3081
1 8661
1 3014
1 1776
1 1774
1 4448
1 8430
1 7511
1 8116
1 3183
2 1953
2 8240
2 6398
2 3141
2 6013
1 2506
1 5249
2 3457
2 8697
2 2733
1 7321
2 798
1 5057
1 6839
1 137
2 5124
1 5589
2 4840
1 5974
2 5318
1 7962
1 6190
1 1741
1 7210
1 1456
1 5201
1 6137
1 8100
1 4114
1 416
1 3798
2 5131
1 4073
2 2378
1 7184
2 2914
1 4210
1 38
2 1845
1 5185
2 7659
1 4412
1 1030
1 2226
1 2586
1 8409
2 5618
2 4180
2 2734
1 2687
2 683
1 4595
2 2547
2 5971
1 7847
1 2533
2 7219
1 8797
2 5809
1 2703
2 5000
2 6956
1 6349
2 2598
2 3603
2 8567
1 3592
1 7983
2 1008
1 1877
1 1661
2 3760
2 8127
1 758
2 2369
2 7180
1 2196
1 2695
1 4368
2 67
1 6560
2 2554
1 6189
1 1751
2 4470
2 5147
2 663
2 488
2 7919
2 7965
1 7374
1 6889
