836
47
43
11
14
86
37
87
7
88
67
38
88
52
20
22
27
63
8
33
28
67
66
12
34
10
20
66
80
23
67
66
84
43
75
35
85
53
38
60
33
84
88
54
12
26
78
79
86
69
64
3
85
32
62
16
40
6
72
51
7
75
86
14
1
29
50
22
44
45
18
75
67
14
7
56
33
19
42
31
14
82
56
16
3
33
72
8
85
9
43
84
37
74
51
44
66
3
39
71
28
83
33
6
30
72
61
29
66
11
58
70
71
26
4
55
22
11
85
9
66
30
33
46
65
32
64
50
16
89
43
58
90
37
2
38
78
22
30
11
4
15
82
48
56
44
24
53
85
22
83
10
61
59
38
35
86
67
19
41
78
88
25
54
72
74
37
24
11
32
40
61
15
73
60
34
32
45
49
53
31
6
26
10
34
83
39
88
85
59
2
45
54
6
36
3
87
49
60
53
60
36
30
15
76
1
26
39
59
61
62
64
73
83
63
68
41
64
22
4
24
18
81
60
66
76
29
34
58
19
64
38
90
4
10
2
59
3
69
21
72
49
75
9
17
61
30
64
11
61
29
68
37
84
36
7
66
19
44
70
65
89
34
30
38
17
85
16
9
57
32
56
16
42
50
47
45
66
55
33
66
4
33
57
79
53
87
27
74
40
5
46
17
23
26
34
6
17
67
72
35
55
67
83
87
59
53
6
46
52
51
22
46
32
58
47
71
31
83
35
4
4
87
43
59
63
4
55
14
75
24
37
59
55
78
74
20
89
41
21
79
29
21
36
42
55
24
77
34
90
53
52
50
19
23
64
75
61
3
84
52
20
9
10
19
30
32
34
76
62
45
63
16
24
39
10
33
89
48
21
52
25
89
62
90
14
76
70
8
70
59
31
22
75
88
16
76
76
61
70
63
39
3
65
66
11
5
25
11
26
32
62
26
60
11
69
34
69
38
43
77
70
14
19
72
41
14
34
29
75
29
1
32
86
15
82
84
8
54
76
39
36
47
60
31
79
70
14
7
21
37
10
28
89
40
35
82
36
7
67
47
7
47
18
52
75
81
17
82
53
52
35
60
76
83
84
25
2
76
83
74
82
37
29
49
23
48
8
82
23
77
81
85
80
35
67
51
54
27
83
65
56
39
69
22
33
2
55
60
39
63
5
66
63
70
10
59
54
19
67
20
9
47
47
83
84
9
53
67
33
78
56
28
29
33
28
49
21
43
21
79
10
83
19
23
1
56
76
33
28
17
38
9
8
89
82
87
21
40
6
29
50
41
51
41
28
53
36
66
73
42
75
19
17
75
37
39
40
89
34
46
36
2
26
46
9
5
61
6
15
28
73
32
15
40
10
61
64
1
24
66
21
28
47
68
19
64
77
25
85
2
60
56
76
18
15
48
14
45
71
49
59
22
66
63
14
33
5
67
67
47
13
40
61
15
10
44
32
52
40
50
76
26
26
17
41
86
90
85
77
64
55
10
61
76
34
20
22
33
59
89
22
79
77
71
73
85
50
41
63
43
12
16
5
65
15
53
86
51
25
43
2
23
78
68
70
46
46
55
31
54
35
52
23
63
40
19
63
43
28
19
6
19
34
60
65
75
57
90
59
6
77
67
71
28
53
8
3
47
15
28
72
14
33
82
37
54
39
34
73
59
17
41
62
53
7
51
16
5
7
58
40
34
65
18
79
19
32
67
44
89
78
87
32
78
63
74
48
69
56
59
76
89
28
74
74
2
31
19
42
71
70
33
15
30
52
16
18
74
84
5
3
3
61
62
3
48
18
31
73
55
32
31
4
78
14
50
36
10
78
73
81
13
79
7
38
51
39
72
9
14
51
44
47
43
61
63
19
75
82
19
84
18
26
49
82
78
71
85
59
19
52
54
87
18
29
50
