704
78260
69956
24707
48702
87977
10522
47939
57510
99382
16104
80832
87124
26669
36542
65454
60269
56647
91089
7464
13431
61406
86618
52395
81659
72692
76884
89113
59722
92746
81538
48984
46197
82121
37382
75536
56052
74653
50571
30353
25792
91796
74460
15978
98296
82372
60971
22931
79328
48770
43211
66117
41213
7180
38198
47292
46395
87616
30344
47260
66375
22563
8514
90633
25813
9627
35208
31789
78811
31732
46563
97046
63316
49951
18687
35062
22111
48335
26830
56225
93789
73146
53092
6066
60406
12830
3801
8646
9076
42137
86026
81343
19655
51888
5816
72003
21919
24841
97831
41243
34005
35952
76160
42932
10563
51990
46384
68993
58663
84366
40519
25335
9092
87598
3226
54191
16321
16148
18690
45000
25448
90046
55162
16035
33224
50641
27940
66533
68244
12115
21317
27992
31394
5841
71844
24522
20492
29177
49712
88653
99090
37793
68471
66389
6998
6399
79983
79229
83103
32814
81425
75554
40598
61520
41657
52135
91916
15942
615
58511
60115
68281
38369
39814
38816
67317
11279
89369
48303
92425
95261
57721
9023
52072
82685
60827
93010
87371
31394
9691
40526
53197
63430
92501
77503
46573
74917
32427
91346
1360
11040
21378
14844
61276
26939
67972
64337
7838
76063
43167
94381
58341
55321
78149
61422
76228
83929
75914
48888
44852
32564
96201
61040
40400
76290
64224
95842
6391
42432
23311
18107
558
53871
72189
62223
51771
5076
91314
93972
35211
43862
80830
53477
21421
31011
15249
89216
2836
77035
58625
65416
36601
60835
18216
6308
66679
60356
82851
18654
45645
37449
83859
16870
19680
80213
17152
1516
78326
16266
35633
53769
35260
47091
44277
22583
47393
98011
23614
67060
30104
61076
45088
55427
62298
91377
59062
66827
31362
43564
18462
58198
14320
32801
29656
39763
70438
53584
6027
44404
99918
27743
48704
77233
86354
78134
79237
11171
29121
86818
81515
44234
66961
42579
29768
27752
43544
70461
98197
89667
39474
31866
96017
34055
97278
72486
37885
16866
57345
74210
30431
93606
55169
66515
20095
57642
88971
71168
24236
3210
50382
73047
43544
42882
80542
38728
34135
44407
32530
37032
22405
12750
6694
20367
51133
27411
93625
44122
7714
67475
41232
36747
5594
91810
52113
68804
64814
62966
3497
52976
77580
73706
38503
90650
73253
81213
28959
54291
52591
61712
16456
39120
38756
15851
19934
31370
92289
23449
57152
26173
14632
19975
77427
79273
88670
8969
47485
10804
5262
86485
66571
6854
94148
4997
44492
97195
58003
81370
26772
4757
39439
97588
94938
32023
86548
38651
78522
29035
87933
21401
34452
38957
75918
59197
61290
60222
63883
55065
83846
76098
74494
96165
2354
7074
88661
22843
74174
24810
61409
92633
68254
96652
5432
88610
76617
81884
58260
60924
89179
83026
48242
73683
48243
11820
66996
98869
79158
1385
71967
16340
30827
26286
27678
16360
32765
22276
66813
94922
49244
31192
19951
56890
35259
63514
37641
83706
8596
24191
22500
38704
49536
24736
25311
25256
77823
48729
72442
58223
62614
95594
60924
68378
49100
12120
65102
33085
32908
77549
7166
61716
26342
66516
80829
88957
493
44639
81282
22844
32283
77601
75140
17302
97321
7476
27556
48343
95159
10036
49569
64012
79882
12065
6017
97417
60873
77153
74703
5220
3199
57884
49879
40024
91004
55647
82220
12675
18196
4633
90659
71433
12830
10433
17621
3631
31926
44526
72609
22368
63132
66941
15719
6155
26323
29039
22478
15203
41474
57480
89536
33438
7414
86737
26088
55670
52446
30775
69691
95435
26606
49962
42060
16799
40829
5183
93174
93817
9128
25422
88758
83395
38988
99669
62734
93228
58959
66547
69156
89863
11416
94893
32001
78313
27922
18029
7026
41807
27213
83934
30538
24854
76509
65105
57022
42465
97849
18843
72231
11190
10205
78101
42692
12545
49449
77659
75062
11824
36992
68301
94114
96981
98602
58257
33458
7751
75922
91567
74644
57026
8168
30963
95609
86434
58784
87599
31640
21100
41649
30518
65257
50181
56536
59266
95466
29465
946
28559
26557
8309
82917
87166
23368
40909
7128
40243
34356
96984
4470
6999
32942
50895
97199
78550
68617
2257
74967
67394
2106
49185
37446
13615
57338
68519
80214
96917
62952
15339
74408
41617
70597
2109
8511
83204
37750
47984
63202
27827
33349
81210
21311
76517
96640
98358
85411
78696
29529
56066
48771
60140
62820
68321
8534
48870
60636
95162
87961
80526
24319
88055
23753
59202
79277
54247
34572
43745
96045
53693
