412
84361056867678945102867077462296564069629
96
50824100361798029897477539129611498697482582561937132068993911348
8914394952167
81807574291844812846731585426646140466758115119076344
626562
853216349056506533266062005205610494026640726685100213843508705356302993793930251183374671
661282577842065056072444050662
5175554899812779218297990064253519784919879695647448651498873457751337965340249804261561050487081
580119103232281875626474370543738056826812662430
7510580138284
2238916221385668935769577002593037615259535536
3521026896258866167125249270049081001735695066236752566678645580044228650999387151998523107388596
311912468089504686733173134277336553609563329963551471799652237097695699358189618453464152
554838523132000852887108632227084743444605537219088809167865980546764018
2946409291243997766793945469868267586824356626492429662256529574434921337330545
68
201892738426763029399222949484634283378375914917625228615596268906406635418844732432512495068541
5923222917
999898
980684550860546293256357285489286888599429987831306634083766052073687948085724292
45014005747752835978960901916014347969075549420973377053126424603527114
859878402905826296983957012076563285588019456771836338359611
5391926070938730868306853986056389605991
54884117025688053437560610987953711731691427086497013119995935614395455037224305803065408848177809
202045421684666288527692160760055844396368411554292405760447559184465104995875486
462731595989740847208
9023913793312562061770561226105533125721712280949
341430487328239850835158371609053142015904260524238505
697374988809730761242863
23510962548531708046968522217859929695062523161022
13550080164490925140215163082564245211505172373098449505124060
79
505608579102690959911475
89
63440174175095812709678848513514724648148666097993414076228623893737641303202343752076086
64393300707237315918183888472
3670834192211351108124
8055308907280598911537907447214627112585846858597219723527965283573597910382861569189
58842861731497598155226737947249374219679946277312971
16374225641532329297959429025319047590882854414759149
207311860316841526043069563528506564225561360301437
4
22284285827220391015445
12690356889569142078781833517251582408153358579924416926852012829768878545910061
7171077936034496598038643143120748493971573285979
75019846213907280920942066461364589744167540
432239893975529589704103827323560
6966427596076150257841925293022609251654749219716431755529
6399244255362841266914346843847464663806116905811158349081938
97076392698951700712694302223331023099265663488883513737406194624301
483747123908286078165140579053948438807433208646977792556764506253668634915444396747
142195961183606909469361363
852795331695838711435701786516991129530463289500818
30474342540249463889193206088031249552982900674263436114129260989520740925358246831787
60853061951740390830814342646548209821406242066627119
75130898416671028331263154534473432140789703136108331321496249221900
5251713165303424362593763910581905488483875025015246245549492969130623
20570990179341553497548136371511025010734311879059212034700183118833592834
5062459851876759431054608117445429079470564925
5214332194935506
63162046829681963987530054135737842804165837219712112135601530853226792961210080059812430200
49653974894087756038094935478614739705446584787521776949311495502
269881360095487499838521531673052215026283674537788403589317093357364940097865223537
2050936559619917594750320388594037795906876909179859040525807493401147106438010453594270823012575185
6608487575502480495412479022477017
685157437292252504088443352205043268815623
2115681871992041280046003985454480989709849208073025070279006415129706363676633
6817190671338179130183034673254827936546419876013556868246533948920155947
690141329863995110769224693234180168957638214540911855543097791198479259947687496236718813484885
31012
7205010870525424298566104166531462916777705770337315
4804193080821063854941
50858115162917054276827958183793583095693898173686326087048181387895196695528162788050
5733653839266591498744272720981622748398468687587571737096922016155964672686928844079984115673208893
961015222042718334963322652245623857811000
996788715231664219728282607941861078951841647579304495
549647558502170218126608118280885280373543254518840182976224174214294703161772537
313824722274188173
70915789173787465219997260251001098415095243001687170
27645960558543363762796
3085073662517037254546067578
16922382116478682371197079040779698182173369316488511036969
8954842686331606920336664860069878497801103497032705229015567396859
403621387599752270355265270955777365561353061738434648525163044724616663316556889147045
6475298026525899863001386882597142098176565335635570103731349602198887509037
823
97901144595647680008678338263856706113950138867970601464
822687929386066886733115040344424913712381415026607372008599195693934756526724882807716667407
433962
770637300591122205188127550120
92097306239293334665402253957894634205698528992370630167563906365711106388748909565248708
1718275602427636864530869882163260628862613487251571748046415645650492177776352179615696180475
75740584
863801033923789370371330498387084286486757715005898287635801072938607360866099328075
1609507455608903773534642515154813056509757934838607965573603399301183882083
4851596369449978152307544532077526601411865694622210508977821438078
490060810604873597864865331863973175250215038753249085337505028136318609772892
9986025774422645483415078874278198020247570700543440825038147304770957750893849065083022671410
83347842687173220155671382736347569282416854448110358990928301454154687493562836665573
389722621594789952227184109857845597563194
7612981045328201727918055001858147512017591359321597454274555985516997289311168986113
3967215589104483633112393060626431293229249065522655068684366551968688592389368104
879129539018575708652258560136873466578684
69523
16707968
8
984897210963361848236775326516442300694802653341815333635327497644152007553
5598860633730445441507
3783899654677210155376873847940135701770419100638302515684133867828244698
6162644529841658903855242450
7241804112360159847396854479812227278283381069997461958991979345
694284727622089137354854142346311356681100371129694
2179751582045905110797562296444093631257788607949949298732837084
83463122409553121708437619365040235566766064345986962962069436290
467378313252016173951733666534747261
1117682501706746595142706818495181024156368930501057866938310500605050
90867619446363
670793804260019
282121649305798926889032934530998746866860256912179931774842576932212
84859181
6983677855000764266903398591070123471636882452302286310445122891998447868839409557808873
80903726799123297905343351715576454620501664177792643283
51111356930038113208389307541071872859993646933134582054250909714210356968483107602363582110
9947297360293086762610765172433329206837955027812770717317382882277536841172292775113102484349
25785718476062551284443885913799756087150996320489830
47062574033098865355602069070431671824154004896274880424704543968
105088345840939501408820932514009214523419565
19080
446786689067448830136898607232269115452483499784752817011890901362610665
46294918787102901143023845
34247024983377
4
28027569075072730529748431344800864185807585
409415571107154881165271384926496172
2613928290785792591811626401893928712067252094
73884
209287496601936311268895954845591454051416590364799723786
12977079631851482825193854265827684485354348091286033726199007154617539018644750135408675204224612
5920846035727793312618232358575744234349937189565622881983690100711189389081750467455185544059198611
8978645590698391974452732262591114302309718035722818833176888673732568593804040
84478542617633832084195465623577554030
7478942446104520960048612663904125415234201781410087910651185578
339515746611722125117750107142175318868110892893981703067693450526
20088903464313944831077521685543876712401087424
53976956029762103144848832873425415936334216054000872070233720519
3445707
7268145213082791649034964956585446928142427976941439577050666198551348
3553248824672100821072588527384
46149887725
752423005436176228419308314349484413494504221819829939871914230593700216221315863264324104173928
2346013795552013475844071372558852224663301718100952490
25497108307640259097557107506870530225080750462973654838487652818309911586471224347748644911324
183887191771239583496236837541229689363021560428066566860134
808769769607944127175593586211244856512500380993055896897637679879585711143257381117682026824917
90985199892940867301997713605092954400567549858886846101439629545
472651044928473628421894577019566006077776818281283897225239986084654316122
6971472174476360662538953077234518564004428739756352464941556658045284332956800270857153778
9691940746225607543507016659247311704004007934522642642562
945241961189557140522320278255009462
91135911245791226237583
244169990364478360784184549048767753450348338181388559887734243
99
82942372500
23760023457265189280429109195057816242542312353499
489561638673474419517335435187
8650453061681889833378762478582618576956324263
323008438776111596766
772450909315806359734645463
64211726979233404245502170453505055461115701021085100
5018725028905213750722285697019
83
379317
69340955627627941931620888963863875345707852792107292350659409
2989382504851379719866920373155987589400122225921957537530397225558551306156052737371
3420725728628674109877541480973248254969332799054694582726385514518600
11094827648970542521560417222992883
1776433448860927402
19537482929123158175218165476479532364028767305708291
83299099046282819718370076793349592676877498195615195799914893437158298
4947995378785681052054505087061
36273218429558394718273724834063877670454868120696355758466471085104529678
7705887347587792411973465483743047926316
3235626763
243196302552696644415479094506513032489430991382867046345790146485955680428288
48282773202675441784502752378773784180792287578754741957753139054463683215479518844652383176481
330925511962776827354594427909979321941950422493245639322078148345532341204555437404691248
1628610406116245048455582272191378343
4561649606964953971900099863087274831182770631080148696777001495021207671686761447881343966725378100
58413362350407555283613778633050257590547339746883137596139454534019308146914222010511
857257341427
6281450792573965345099401901867
29773295959423523140446501871596953962312803588463052966773
609481838679448067808159379529027979220
7901489509695830655050397793555578604918732763544315
721371064594630710515889911060152824812234742
279667262104343561167893536274389085289052591
3231114185633055553993463408331013534586974773659884588535705
888899362919198860544105974218045773807848666333181315193
4840936908265926715323388688630557935
30622787
91926502518988389596524848058342454133801079813449368965417777606204653486349
4620479615735308306360752687115819319253968
8547896697257506688223636
573328758223607200445759192705736708478803024936500511538145188039923038856412697868474419
277585567074227872593312168494619442344588140819701409074732529037091483311531504131242604658
35845428695724920430390725860513
4250569406372692343695914098335213337602679996885248274125978105723394759013
22364
72967099786631391245077892490807423329218669808116667862650389613453742
65845916246886186753695088905392154141908066643875255681227470066602964756469994475718
401642671513885294264625
87049816850170163365196533566705393593287869187807639600837969215248384319702799406797883608
4573233457213933873008960499345317970781850720631543904640909945
104721828063851775749665017473940494719649913929
944399409292327437199959246289393952884130410222936650922
6083089266961586276465523673016953229
94016340738461664164896012284989527988602067392
973907
21
81991185085107983459949071189245063930123713413061454137914949771928303252506064489674768917046820
10624570752453802946923689815170920105489003271127
6037652170615213476535
560962791938904452638771454186491088660635727696475775681506132544
6920
1140321260189544826406835962442759497033319465739494775246574691115162377546436780623323011
40716842051486148700247748928067375163470266629336378257262003081481908757646624172987295216378035
6813020802483121737501184983932533019206092093795550411226772737609073965876
6644010826792308180634564920643056182944434695
61606090849654168361716034870732110428804951
444110336232418835899071658925727528308952578560535296020830945986224261343360226533899998066
15377241295899046115178568965144005816014439630602232882168419
54
6542508571170271
72513680201469122549176309393130757120775589346437409803576775378406098118099904960982806329463319
7143348869151383582035414555257793045741292431268662017208389014012866611335
83294898356356008411954371316285
5368825765059
947685482138165096385094992922299222760178
769605993291
2357946776886676659448543533182
93732497911255435485257885192180269935441841621591198499947338072915898349172896693642976
42754014049841559757470033286663826413854765106336496
321563647186367731521476286388587847081471777677820997354832144147
270554231244978222035386999518624722964292850461216722861098250077779294221158731112112210790
5186
64251478764277657959726293190289823288940061734987276025701617568609397942320094394
9604432632092051735142919270543103599
1709416508641
526495312814753
1429171940102754292932623663488539128321692887135070214123477700367189737158551128
4520437185329801302238240159135364160191355499152933675476890477669473134292712040963573397444876
929121311585025063184994883143131697979715144702625694320788353
473641831648637245053856795271185104493316146007171935298246813055266066594276221271918668858
462855051438096834571913789738860530869854387368668392694896181461635
5008073939634533166817556699174
992134925466085041239038159752636102774447071447202
696483565959862540072085981205645822422790794285453894811581450145390106027873
48863345405919127088816305763539091156
8163298396273664371881653021816167154170987224519289352358287261332148840048288637446
217237113848467641241507819304147586533
50192267050125434663138487417633318040
352889026457784506919647845200802022042039681373297856572089285159510590592146187968557
98817834083614956915614468132091544828676871419856602688506935568965868260509475447
618380867483685708750210701000794435239073246684620301374497552289721
7
4365599490632839257128442659038979693546745965925339236370547495634553222
41735994554443246306440
593650535
17459715169619634821219579093044714203579235
972047412982833235171123286541460580903226890900925022145489
65615864510581294341396918059338319174992242365262473893
746164119
91951302
877039300739755508595155297744178363872055791307611965658087035
3696390013130080931362391
4674047047958783861143639800659477927566597131611522659714858909527835168398416104
47881203149450151492475847492528784876995751641
840333437785736888
7225462762075049459737643656414959513
581490032356705140717358982931614363846330614635613410150011864941350476709724431658877305865713526
172300107067559602146549698840125753796882710151004
79352857028357021937091437769444160764456997153663371487631605574487635390
2502348292863296422732265270225429498686852
97543711243582607161186094088821019280652999823715171394471410678479
52640599
1886687997
579493368184669773127552634237188937984403410887142
7936284614822578655
45790310992551645773732606989779544174002006108800
6529535764315978563391886830568314353983
47377137975078701363705815869476504512054770383669307134119691288936
6764591283913912579716240044886342794679237711932599485720323216849446086640618433397
1709033
40695861546833590551
94423677199652608134485436236380426836249601933997453491561947608476071912573791330602870181
50152623411464205897903507890462
82
618566629
676013481166258703533083373560960
33713516040092795062966642875078037244433329876759816071251458725947654888332118155363
996948466967308126399298750594315978956648081846874622741893234317610024770139035
299449756652112056632106681002431453289710714453698399456645185867164102077641367634368244
453
515294458794082519288248265460022930
261620064126400102592853659743498771246266138826781470413089675987427307
606343696341424906137248195036621491839039813954924512565584011
7969353060864421542742213153442120762088
988334297697901034762250154398200852640193889574
785033351265185662746431109505895434300188915609665412430600282910280
7322484630193182705465138109985628728428616876944156254677892180660862787961337471726
7636857343
580281163109055856524755013344784656889383920713741049836534435073113979996910000359063364528
128115819544310927622540949934626036
8932369836673666897360506743133210721593665574999
845680937524956250668373320343532126903177
7870966418273920626606692136695466452135907593189756202479399208623351349773300278
6275691423343808
2079771719568520641143059255328582725303612973549972525780
94639635866063693476450497364812123842
278221942867153636191086816416861829305090440380500854509667315653705339647554996141636176
22239780892344944127102191380780751114
2450811593656187520429586947812763704
685832184874105902646390337167293622960418949395159290115122205718656498
4396751054614
746
16845752
18120711983095716255419340261332321001872843573701019638135306411555834483867303354383
6124300643595396437381646967916314134
93982063020953900483786575006400036851445573296675354017153138936724320400564103292519078550
33673086071129677717625142
56081109501859
44208014087671169177756863356731651665004881707072790997631067002400742113071889461095075
713318773478592692735649044227881996226333737877136333877699141827904897986994
61764352475438772036715420769759642318018529104227146027411298567037493367776092421
389837000069875811513890373516718495831506007060086175753592175065108817995605956338
73957274900127061266432693215263708934795175425087234223102396022845975845435830219881176991048
2607299168192240043253505002188564305253872831603989916900925108855934392816659981
25103068762833276953726897774162907403818173691917145445825427996186485773301519812992
35466024845332372411938598854739428128987158161751113048924707979897824263663416891565387903911
685062247222134921968663561793088070650160021954579117303049656054694257554746619547195664008338
715410977385385530924358335723332166292249107018
813604828927618193369088756858091925343512721126699584964
608844880617
2387302216327417183758425870298856317804003846991298927082445945573301789531533622643
5697803292190381641005536211
544041922624216849
523070406221972310958237893717868494146340538091501177367436386220712733244080333838596255
25055591916688600
658918092659853031625271917048
886915832915465073617321040790007661135368253338621
681619611807649770230717660234530820226827250231921396203551198231041122379170523737124029791303
49172817368883212614107325
3619249544120217693878024727469961612157259794237744890327
71716525160339923973786123403236327101728757666018218660055810913316042202896646816262337
6173387223549378366979539202915273387071603960490
44375666586648820362682117936937620
68350546677982121
463898994183223
930641689860209860874274661886639881628168348737836305517583443080913005516772598929743
731546167569254739009984031319216325885901155975051308675689263
59830423003844586
322033560468535920495378496152301219687339355030990474992436599674672102
3734604823020656447423321550183799772473757948538911374517796361954
2088965639270955455969999896107
80928889534564113280690032758368187569313151785816865905037393311
709335022047853526996
76346106200848216612690
6754218229779914104132001408619645370688201
1456248537108671837451285233016827898033568422914615298887964685600
27314328401215606872612995521875898462973677020492810439486045216299391079121592458480749982419
6603886009309096014061432955112007556342792639579831194254157783
43268005099339567502234497368851645681342261050450651341953900743659735953249293844145887
56683006229087328328155813445763256161367149
9483782416960847204234313034426397393532231466758415100175352572189376207809
711232736974403839460727952571043701797770215759
5007010741460708013161007310673580420918774530878111628911857
142357779786018605551396956341160455009204743682325989969269
310481628456521
96618985
7536401400386737881476932057904082033717996621507
934
450303344220819935120744591784466845848697156163261010848
419704065985476360
8208200716068235733148726688859566358352
5840609498510178181229
702804342537278188
138122228518186472972638313421589131323804198512260217509968076827823
2938575631784731982137623795819774773465789247988589437293698616823
81222880018660903713394648231899305150782866478280905532233723328261231245886124893172009
74405165266519552923878709936733586426587685397054161388111599029540270683433327093993
7616567525324292825639251344387412733400040915899181293757859907340841504581847
76839792452435082679527368160511502507820305227399637421772348633765659321
86734978051795556994144975527203845039576480961990855636808687501866928303031475
9734857493147700313208225940087855311781776711510646468075144933999819655425
851583295951127104462177045443279881849672528321647947837685222989766934871932198251796461261
2612295466055568368469891871569565485081079351914941482194305116222096909839448625136349
9149669068600395087255608640431228901418722895849452005410806986855774944350690883
42953012386671
7777654662547523481
5368203100816957217578985748550
6634756531770827406391920954675187
50000827701603179222126108247402218014327010894598125765917988969332775742829962930591316
4548951393889798610533
3111564327010773825669288008515144281968310066935562717
6280693
149390068296644962312502560103422042373223643572293096
9118540642002578612321714524042500572660112923727432796791761934745935795
69015
61510200741019688153932087734138508910551492
6828573807742682474906273976
79273326643408765638623827432045488355026917115293901076508603
