782
44447129520850423865206794873575207071564273780357357453846297801339724131477199555482226
7996208075703748263240550945903888073847476835630187267483153588934191936473114160
255190435970626902006022551633390631983978074518521
1963964824760025762452617569877243629960394507919416771185787754144042
124120800
765350169417751490185480942576598172315
623904825272972726473871140396058
39963532393563137754696301734289990106
1204047054452985334883350981580898
558676672561189342219896953
675728
66223387448674206348837354
62108552718324658338680532606364159758672
89296700355267946594332572825172168450747783115754122330396231867613985844296
463103143140
95391278948081062093560643
63131143763385959941950792819194108806055642730181333257123063773320927718
21477351462711377876
2428962275182645427
53849625729182842488549618896530853666983196658323786495206587069678
87842611413306729609721801434037931568446548221583556646145027367
3492104280380840251460308013833947133174151682068387691858440270611985946968939665853010541536631343
618142963662456777794972688637875791888880778876876573872665
5419061294581691
4
357482714708340478779194903898657206116
23491296847695699220712666090023591490747531275486676825246386429309985
591735496163869586701186607273219241259858
358826865323570783607817739342479928774980
34687110338260568543803794604257752790846978468606968831594960756790255023529790029530
85154440006962765087
396317735065643684472218201940
18891397862771307741855137797006494703897090046384004970514878796872022039656705473765223906261
95803888027188998052306307161605971448533490091
561224847822204639933112842498809056642935188033831073170621878079604726946536439235
1773912248530289186047362497358293265
80522296404456667767180854370444179296649574106917883223
8956666327724634516971657755288039983626703994783742200428828847812
702774170752893099
91256593395279649590349903399009537296718467837252827327635955666051465018
231226940986361946460051762608479
632174439752373
751028871653146535413052213745957013183722116198119392556178836941381073404587187
108042808447928074310593336766173008
5034324306646
927688905781255623608738304927331378490126091046414107387934485645447025753
623804939089021255262713353230563
6829138657
407020041207859070977671417498284989903075861116457575525331372122555349147116441
6471268682142295746984906086019537237315599919884556459984534223685085856384487247801
73646381
9660801767757433874470
93364530744079206279013922637219728828874892218599009751249504578025
340210952003031791888487935858875
6016833514678591995109589661599993421131488785682733927711595052739751639964540
912161799481151505833488
87402
74982141
32308219877774297018234571574709953147418789930102641952570424880259102223076945
55586675567850750753365914450341221826275874543773
89094929553770579472374423840436884557264436062032687585953091204
8258656018
96347710273001180257231287516525203620208990617
6506014907210236428134874046779234437
6736126286283963247904173066865944197245229866
3461244046
81386411685148241130077147652251950470
756637354965308345156015783492742565580804375220237520596019302294396183844120959293737469340
14139273972397799793129487835060230403402960769794969023647908367441274432440632780343683476971
2826955589810856303480153546646048795055223468706897975
69729623030681097007444487068500094829189637195361003777694475496658880114553124183
48854603722596849823467206936754058506902798990892066079601625
93
157176034054189
8649674099770414413615
3553341
28904006954107281725241244315830037
70044473549904112441606448792268273329330915270544274061004692323775363128034908996
3158368791410814013657695736616523459418730699339380183807992494203754314640577079067
7627034955808002059
63355644320217140182753
4401357947265933521140415851701945800937
9769152055
91851656007740429302239591351781462263504852698183663958314567482394023143
982819600168832898196696541682944194964578644082321292120427496947270718004860726407681592621768
947748
59022745782647546459283104281102672
51158
39711128792259413209952615200886438706759673205
32445002740654015886162405213105272350328747960449684209610838315413373431825619266399735973511824
5522700839403202564207022583395323684131859762090636005094
9871868835380369446541966197322189492039703402096942499363933779539311666996559047885051
867744669
607360271942559080117562007184353874550569339
9680884485508864453830801116088285939991683401946497558491
3449850850741183795243
27130867881975864366350162774132662
608457593939865891639569782521804855836374891627
7022043862183688317210670134830738381719874089388800630191401
61856303828949950128342997231056870872776027961055360789604740384449397415576126
482773396083549172538346366253398479715602400417180772846357057
778410272237683647639443950192813426277385168915389841250574
2791105351570550770787802096771230162043151083057893495749938770055881438759063190028358031
430
92683913097888894605005425360200474591707488625553611584668014911076614806251400056880
28673130101203450487660
5850135372868759433825296150290851766149425338441765962716832140742
211372663092411328820827563656423319246202014799015173974991876339092012052608271211972601910094
822228269388203879385507292746513075454510674312478797189826509256424060994305842982347
6246896113141996026319992
98798417546486165882313281234045886343123979845588
4682020935004331896136348428127263832833165540225064302311532189
281741554474257800142216189500796761158798
8394991434275850682447062262590056031372829983865978358547199930558609163588128941047
609620128544456528224288955835671212228261285459131354856029532639
8030568014176325855774730872651277866
38744907324797965314159448920777613579
1337576915274230574945961045786446034046410059
676390647881530634748947442139670550486757726728373153291145108302378172978572106047
775022
2509724246245952219608514693369610955016820196563307600967750675143112174
52766009594704345573105102046691198450171787280205169371100797563605152821959692131285567
1455280318413578619027837353344194363
49805227105
8038673421929922586888009616896884043437499990445971719107621
14544484032402445904726718936396073909649229157724995898547145890713123988967376
5737468538585724389954173988943428171319418207007394744805106620429640572413603004647538723
38878968396024452240670448332808017
7357904174784695635378499062601000312720241449483527213191
85843147786074556206960322941298425329118864014157470877655704435936731037004836511613400446
32147
96016135696642757529371771651370149277658326749350912997065934548077187281563864644534
315307616806269291609851846698268194674453639278
14422512196631900473788530079046176118399784528182972003730316174292120574280247109023
245559069837638370357979934620320646434029496160548036376655048848701740753845044633
431465933541451217250393
3192650996806629815202055129390535246098161357901848014171987711532440
4271907837334638118435613106403
7468
73822790083493
8101474818232979328821361036989054630232561510539434200792714266443374821839202
7253433713952825752638516508252812225951400474860665209788150500441322770933944398634476
5123
3148830973705383345937112836968574618980277164333
974317946644148052
907496
8588021347009276585773530273259118408779125136313123060489
760297020980125675001031406239004052160416
8348
8055051074973472863379641
5046243002820603426173456475560324514931297524926209538369002
54690444505035049837042814249798819792397411210108726506347626765293414129177519789597553
5
67151491887145267349278474947974959542515583599106459491699574246136822156489187
3927475561220316966893252861498429184646613810985532124481917042765812109169710849766422020
793206986625840656878167153907547259691841818424917103841410
475404544667199092326103723906354089626988569591177949942628580509
35639863148843983876814124590483230650232864848475718000
95353904762085762497382059978218901708255039165450220711590980
8977379480673478053983750594120775410116058
883214382708697853705599819440872086775517734591055749264135
85352369517036218876551539425412158282253858435262478318607606498752
390023570929481261463659591064768110456672281710
9725885717381
49219057460625975026345532088185667909252105562538894934198160744105679083914135931935363251
390957015495160521007098259406165321637469101633071655
981812916294281789203009399725224598400871517016534542929457272477066625503573
34274874
4389773639534657998374973718472292578320958666412878301972119290519416378312307
136913019352075325960724032724296
790937106814210286080897669361462097028901029089799614879331736749839812738856525499326
2462498214019701012241107629574716725010976960223366609771702953843503339703
82514105241340477586845
5174579472589228449
9897524965697294663373281173226430298120745346091722912478909106
83413971029734827673734462207613395803216482607
690801376104002547517636644260077339687154481821
689353792540630106704844028161059088811803576758855429558171216331146393304
6157546962942316678230145763814060849192457838180598885967079329616028692686763563258500
827143557867845825794468742639420002493398562214
2117527246089339408719787775534012756735583757181038992700410
227258340668381
54657199409094235261107861683546
1792
29390787889923322370599798774187710755596412155638460060544
95702068815913054006724482833347140603948608306647815330430287374756138079897053327000
719091173434922512879
800005155526489666606119761357129863184950000050889100836168766177455873973532166648837340203002
440479732626729309474660130239835039936815108501627609582460915781367612
120314000279163546275669335993286229887891772237919595348850415318
315789215531455139389981516251880025472100280957563320812251674975797661
274514139228256390243363990984693345595381855275383329064357
2702156212
66
19881732383652268234885740146185890212477550475865
8246387218603815526933417689972726840826176181184478183564438772
340467677596148630304493255967310909697022437779985824034767173458782803006206868243
43181234779612826887953872466661775291771498240
7031342664762581162770467873385207564390539222237133441726166076867359325
8948838102839448451785781400909868426653921789161
55532509341630774586121705602162867656705837739835296637530344
6496064291375912108899648025979521537164279496106730438940594385859170187726814126244018769537
25706083036
18439322078139458933257823038602451582567665392046903771488152502986951545263195407251822586
270501759944080355
306809096868099
2730729097382162
47767592310480893505616446
3343974811595665448846197220398
42
167985014531267101998826746018565232149017860775270465368155586083564
582475107714786420657248683075110325936296842338340602361834314997102293336884909392801973446749
63384919141957035285632485466896634900535788565437776346430060
428977549283347859792028954497236312017153163495850569484141365125156
3285778095620743325772093854402310828608499826326355328830856506427253123973591160791
512171277548786
397520581
6330649159946730704001346405009859161009387870962342687371301254936688773888424106330604691065
37572280
777413494217560554014184642249990582268231849340420890209265760483
946845391592095471986929508
16
2773987667345050604185799079218759863155500330316820964183153658690078904039906
956577318343568921118181956736698815683476262593787052122519870575867324502615415066968
395946180271115349947186756727311
630908967
31351765031072607557401790431798357585636961675609600953451223666941665519
77677883994190808429253710898562002719267994718141327
81449525918145746382259885615041286895454036078397528707086485087545764574536773291
7914457824174438471341819432198427555344451855790389841008411159588237
5211095533155995204648007428320968343018077971813644606896
90549699
5009214199235
673400315596298576409491231263860516385962285686453203938382620067082925912725658
4169720925419364236255161710774771279013229194526525033131404032
96460617598
42886760476653612646340639970977634313218210762716684996817234338957890549418224546236
8141779411829443445737116535617682934310390993308092926858044644734503
4728773551542151046910409480537897331053251147804759328135342416783570164172135903952762294119264280
7196732115028783754704828044061366502502752718937103023671
2072319099037950686318
11723272561023747462895157735161991266240
40278117158565192777301565333713131
3477528742177369187403619941
4857509914725039089614792432904240727775231743927071788298267754147375226971714022429601
4855006241770525676663670911325982315941760312545511512003551739134807433
8719953973014390823764712731002584178817838129
52910377328070176532124247391744631850401454790546676714307645289660729584
28714841308277528701049607495362283525342731502867729521554016097134014
6990909376620883045440213563236164921402385965574650996145285899625533175
81
431266382120
77665137973651333051217764623
86718608856729847065364137052253035
818882378094857439603546766017147369140583103795687685738027378005380944860407259
79722662503733141539993964318132165572885579021612337082039295971052910465149874356249857
7
13631764515711516400779246247931669553808246075651547894575690896445714691407924907
3633564237715307590163052775943523299557581729073322255856223967634771933093755669731
99242803748563019
421
8084224251203995444332649203741930253116492962981101750388156000372054062983588696428
205310642455282789987237012379056218952
1663912050946281466561352694673058957770
621801780030406869275762385272420308375
78325082208050487247925686917076811475847668189111
6798301665639124126844568458441283266
1818422916869594729704320984380977724711658043744203469202054
3828
450212805166880705804938012211502114641946304165982114878171714
47644422748192803999093520837709272603284
68470308550908496497931353713696715560478695125932
24677913286525917002536556790310453465094596177951870424952517293663682012461343321536
31264373156636271382809584707
76178267400718091682702043550960791
20408715999
35973753834801935068771275786810
8509
217280782335407618636716606958717104613892306862681054183753785739928
72384893909869458297558665371242191619390056442281465794420786107642
4125310310353178140454903816827756935085108091810285911866323412084572494452563530
7989257773699082337017175766268133
34417481376845429
13631034066488256645102305259290168
21879909082652562367409789716873065278358834878697071340922884380
5446516874079446233141924944635705222072852414437051684177294
5951628688389258793121451846361785382892
9564933021
98913032324374279968128489051923375457
7573910472856669618483516766488446109069375951106093056914748357870156078073
345863544963453433855209859357864507462197710754739087318279271065101465764734055360938931
18402794141141975086928377485215487656718806696844731921136190176807354354738281
570170642440603915687
895260582
315157
3517922371374443058187410136664385210397121749932386335017976338171019676280107620472037131840
328893008635948161316795943062665608047525668000851056762644221813624090815722429249401000370
459199
67251295170923469969
855737706168851835245374427347967970499580762805177615574236378936077219646312375885907259857
3817821012599761614775
2960885924032516356590772247645575583163848499580549925183104095553208280215564161816
2576358213974125320083997605811040512542076605474670437844436
33077
9821483047418882816596823143348351572006371
635683369146060844
6412803294247983828090589312469664768263974154887224
6827274302359221128061758011384325283453752532203
68493862578369728115412528884345913755196048533443103567765679797693221134260162100394457536670
455598029156704343309558013739754858675726018694805378781462173891445129740987685
65412882183390960650789769656676099668565219748337789000881176353809216834
49186222842872149358248035264263190293846864077529072584492205788713817712111778698177121
13219209102427011284804148428362138357558518483708730000182001600429805380306246596666844858948
7139966367484130198663173514202239589103784223254339282835631071185168544915442408691
4204099299490311430631670426
6207281448201774683765774952700310069208579781038953910575755573368561152704717353355807899
183120300141389567321143434763043474
621208515745229421704113388966096967903263161568166111574754340138
78062831470
328326259356267464016234636303823142459536912924
92987600093528193601353711125241819275098821360641572022951078032197859307457193553473
740558183
9778038777534489363515113575537107609612975975172658817
2305653939679402640269924786566783191503
68883255827343043071012464232989
391370865143226059655345186215422152145617136059975613261451377671277057188450887795327404398543
28615368734195946
379
31604500151093239084440928425712529195258441842627838687756448700
873169466853131480372942439522415863341114
280475977245704463224149581312110244271
9079414533365064864521520237
8577364673667494957425179703723109775045536889652607930558794007703194167359699964503558346
398947098253400529066977354834268637964732883
43751613619617858
1295942837089662020201782916415757041795023557106122921820596372794588
7197729556862984276747492641452042355327554032040194028059121770435300772709207725646206896715
23704302427839035918182804332614159614334782861758599891010514638
633770451781105090236443892562787852787010326066458
21238346710164532330522417674562915101418715148946964956482817449459686621897656949965
364281050897795333156216
20610252988454261910271652491003924420137934737837854322163439705861771713980
4031280784789958911236191404146472913169534385261244475833498908898428
6932011805654818401958751482320077639588308925268354286855807323773584
81445060470975528067286
2020632548607682842717836953435220155471
981253233391224397347684509535623238265319589589228703489306914494658155009156619197
5120159
5526828160822334128300027698502871223043017507304474058345933714388589939856655655
41206161321681370553
56677007033425315225609011303830115265723426902683127072957486143100139
85003303933394409140646783506073984651129360
42599563515
676162306858951879789736295993793934091893877986701
24229681496775801409371677106835887835
70267415946639734448379537499823863893860278212590325604765058779601049250650
6917781725425701126087898871759063
993545575035354
802016902339168036732428396406529998692087971757034577678644611398522716718165974471
6635085926814152004541141843091507290329703528129474685126388903
896369196345298069564952309328895802884896283392832487586480
92510979939680586833113891652425196656595019361468865
759752814898359361631092359103916045114822477520727928
246
1659389027159996140384219088972047923294082461
223784
764074275724724929778326326186625222343585600422153
55731721
20415170399340706503407289158202085917168723900457165900694184147692087350178895157
29441182579144
1868969131927442863601909012020540124075002437460517088280839262365442327994
9920078994985921003502092430182229809208209005735254037410
125457335004982801671131521983558151305365373682514172613617883929692170564952131033669432
244581263406347539018763
57664133879750263135313702942980596649
535790737904210265296032698523714801919536434274647140054741348136239456131
28564220958597292844016215880720044292906324006355180947448903587708987944258157763996630665097701
9588729
58482812127886862190264723963258630423154458417
64020493264761904684269
17382070741019439806434665660019708280225892907750439
26859968085925069357194769216785544882733599295217403517214300788148759418849431758553138322
121491007824771657554578
2625274640
8218696000579355682790524465195869520146113355393382173446415356
6959937392044699844739907419341591549830760405508738517593356704133596312659
245978864638234214104079045686244371780467244607799274953485137353493541070309990647105602659890
2198438627099781797322091829018916404173248354199897579392200567612
766420097095756125713932298
665125218764570936585370457002466502265726852766242865898188902740341896877738578930
7251395548672990933369593054013907541950808
68038441542028790029970015945833049752498718334970449074890419606463
988826505330473290483914232982515819067304024252580847198749286
880099883024430524233420751765747146973919075569091917246572588371619737547146934
24668910120945458536589991399746604428600014194062527458958
238407592768228623299426259165170754091654989869406722
6271781987
65602029336818772358537402176413
2050172240490087215417466878003942452783286199653752
83778703829375330878621139968916747247047583
617988097995450813217360618040067809985296789957717
26624564824341305331744212384923383446165061701
7085453312
82930737019201023
7334052822949248956570696068916670415359858922896386
648415758013278173652829365224030651460204928990
209544248153109669362848524263028119390
745912623630922718557943467204752563799565733490191101163911790929726922
3908637
18528552478413662508278714068210920696503
403672370869114497068491209537479052950136320571478403596916697259417853450418829
2749462399750116405490007741820
735057152924221149679824362613609617931040411082007769917844234524239734513865247057388351902
822093550052398966413047623964562794259
796112137447053710985393389821501027015361419098
739538138859765819256982701218225649025942695217402768905112022666581449047
5108292044156741914122942477108819886900746707066165082336816626321
99811205470314115357426152537136955090563144
365517243325817504287453439238198887953861176
838851572602972979816211400397631791473899623263094588638189641272413347820428994446706308057
91013713486681562340628629394558555626
43131959277092247656156543380959654487449167842102944756109207257498205121024
1698569628629924999027548596714006701736300221971099314
233589877218662540186131905396
65852348713565934898138306470505640382344208139389159638662419225094746849411494393553127191014
56029048938804222561984855583235367202646
754014180
422506702491031902966015308948209765286099
457
670201413988235639801470049748067982302440938403207574961131
87156828527644051130524826863865665266
541
6259574524621815362823229811979912213478227644572552615796843486113569196170461964380058
880793950232313717916340857387824966481110060958483
75356289339983594665486365248276125020413
1523207196686195425318152993268500
309091422635060
86005109976467517086119839075125212008447898725108957655720744573
37800993828970378910132468106352275762795057968455608258242677434678998860065770280030855691330
77222808322709203413099426995
592829558238453816782337751977154325509901422954053649112713920007573714453808873982125353
41762102793557230001287283372645303691316023493391439399671455970
9748827774452
9966606061472394854533
586111965422510981358343916734051593515092378021993502555539879266185241357
45678503234408140111225279601389380940694394984
70252386363070406052605395513565701935220200796027326127452604857239725350265428374743439886
882583118118603232668889250202634831414266326417369866003302925675920140160244057180516673
476586123032979008642424475710349770856345358598538907584685859409181
429254618028720262586684821012435817702795951695102206938446715
617706571357643575564492938690626544319339264658277882154286
15158982402349807670912348794
1634535213558911986650094408039757997201915540901222527845723860089024896
3775930529431524315043149546013423199416516090787440265902096646777444478544427
15407045143620421024446470414345007878627673114019193244341326209075395073
28581793385435170203354331238777670010482048700906579139467610090466175523135522548808
570025013681899101774176478960516722762566315738357755932391394544503365682652844313328126232022
7811055400960587086
5564084590184093781856707334776672955148614949451275257583632321027720194461200108259
959120359904225626223581930446475486
2989635728687200296966575576043919514183701488924583396717437891140340662142
28108226427
3699658846425
259659914358380535068386665515224517496124704761308
61150339007948163047708507983351995265830552852402
925651080683351
1550046688024839100257446190763054997091433538996990701546274166977
134338740528220051531296655573228487636169009985243466098100872131112696720409497173247617
8827797
761004087759221870598263694139163044
1889974119507788681387758106753836083456339245080488527573952496888446220435407
71225836327707029085520
21108632333771469924884459822719120380195185462502642387
93421759672172227
7149282286804523
6103810205017055173880453593884772
14406
700531372633379171402411010829023473256943907
87155
993021281148304885005384
88289507552199780557460068600067871477230033547565980024780854752
6991246201169364306
5962610917143069589167954980979864854971717976613240783510546273535361684
230128325243951009763500111019937402329
512233
595010014299330162144773253625913624087
869740351216304232037516092589247502973676712467166
288948003543658023419240857756684221144380147239882105711215307135775901413401195780653960915138
3896695107644761739
25043972580864773407839424
8979732990112012915257
55714408796094560053276678154242
600472134468239494063338281277259522089138553124655313569770967951
131562687367312755
469478067002237741086029883094817257099947094393052477306923819665420026758
32753116731273203424143593017330511659383337800474843474220650118964382698933
391426806536892373447334185954601593260143313832825559
953074282381099284482835006380502294194182264682637209235433791147
6874142890172773025201756196463640833745551190328
210111930873658068312763169740007116174074871155
8337561103828161443679362787698386909393170631
42
3413862010766213459736592752653807153691014486467970238003336918243254046118978551307106147102661
17867382151106138088447792907406975318144517413301168433562380044
61680842027089457174359900862828586253193199287225
46299174256
52078382036825077161572640823903226702955110385009204374617246
2101659805435600079969522125957620014121469996891765281893686268725854641054163
96980341368272846372232338
7549988305160038335654751980865112407368158166368273855825337
21775506690692310328708269819120694
7475978812802163515101048939840
6210793335220507193496751165735988218223717303
608950392803765798784118245980517850375869975466596094119915932620814078431
3793637999
7642681170200792084731595643845454321904728097733385073999649992
37396151657607703047032110863705224426736106713989
481936189097142
292080990910060068896479001201056831341535162202952517651414563756136
7702424289873275069589896775118268961915902708411573125119
51661624406344612622943298932606459439370368900677917620515949184892021806685740190533
73620349608098746235371952048516096517751875410962975244636225995901688239658448009187589805371843
9929703234734081124363735327957643646139041406291348718311849
80872605373243531048148994461288032756479635542950
479228713149147680196608224829984052250948631523551668
5559256094816463394008151404658141369525781291012111098518016468939308398398885893753518
72984987516792436430952508634762463535159825824
11864208719936243967826446196305161392730495372887754565579084225580611792766
1918179598738101017881572596160327201464731832521525335948733
569925030318
172439976811971749691022580705073614600075809275178008138901
2609263190634524284323592975593321364
21668769601947435554069889407365720963952593999330856855943724214764966425177295314334373944019329
93077251
2070850194298294347060193544311523974669849601375788163687861343861526056783830245943765053
9281712
2297305476403116714161117658391431117118302617054792264435067225036661803761
8262769135007841930351442678740949217134270949512767172245962962154284
77481938412395603568001749512247142
558236218134192808429628836059194224059145315437343636093338
802432135463756805
72703155713
890932339706259726639247703903043713273967174162483778023172914626564028229008082588185680
674701204975994816013383816577125860551705349
5992324691284824233199219001255839303
850191
9
6995712088110770962402445833697380368079789017012741682158324910284413344192
94148792318726312681493596472507782308764541586601994742482355967
4843903192352231693527965306017135
825092163
1
37074850165347660318672982105782008493033
4677844896774406572251290637062199522239106593133300742565486978889950896652548478507500942656002
28582404677756815454144776773271936615058900025
3787772
73
3674032361951970205674276801584622803901497760929078018051595949226330
8294547857898730548529950300409260518503
928045502428347576181940585250554873744051
351746673043594964312783491538599061361356216292553045711135389966104862478568687275
3683340991661716353946831069666733034252151249547234702699338541380303463
31133751536972070841885937302
5483399318699361304527335708142049797208
429897
88885483552529438296982592818117121647879909319208106105040327101374538813546475478407674432048109
8123099564755839
3999219658532646426506570755489766237107350253178998203704016
7042859
738048285252186762269347752343214900303132937974000335736529054449735127880004646103109009037
70181759805260500799371628776783910754
9381218377111842527627387497910107049607945163672584114957908647487761899379751309870837387069164213
85413186047143
644295341470780971951292283833157714626
85401
44144551825121753777043182446671575117094313057812283088970365634500026298
23755976061790357380364189963361599188572548235749877394757582780
86104162
3654504485939
750436574058751374934586888171399953933085096094417485140782127166049019
293745590962088610431035172361674685754806965184324697139869
217
15468445293013952501884337015553330468622790391857381643290681
390665873696986591540764651595561388199387294070
8268748625661208510215404404907027739528809372050590045038737125033888186271630
553532027212643426
67345960417278762255132934929438080567862243422325191608901
5682304666589131362567533442691019575259817609630586737939579237440174262579372941664123
473136394987411505311856603421110301585114157181388848093937369038160
35134662813077
5423948892484219115101748090907243871030217079730806656823895316602115989805424408
610346539850815816182737866998750545899689670047568352312957024552
4395814
6712957354387323561589079
8193642097776907226913842251995510005479009528382815627430263299749665866557906832361
51692898019336137278996466361189221826955
31138438784816159557
595217358366582837193857484952289056061200754727839761
72210990725774204196666163142140139495126999
58933686743138432321094475981396111135139533949685485962245119447295354170
1887997734988639735930753512629203360552070954444767515912116536174271956190286865658
8724324391354773647119109264490721610307571640776179945173953970159885586921749
3423266751354429911107738906382339297840255389591327771960439222067877913990284299900
1281006793037284787415541423384516962879362
6331254597242
754628626246580792585021345914083352783680887491
256543834997580468196046010802939
122778343224089357083805812255511777608460391304611755031820300721537646640727837117594012
76
116761974597466329207450502360651797478365456
77425164912531169351709926047195785792890187131689502
164924794579720325874282572892017952472377871025893681405209975420148
242197238035284598512255083424592168006761481364020524724327492945617987991
8051875668319203764405409830737621066172015771140111593766500099616157532074731801563123519411504912
4336583124994504
49037823698637099726923319798574515944409705594309821955831472406078561980026694980
2082177229655804
55042468161818829565192
7525799009319666946800408025
5568586144907363833881673419703506385938754817244780058485690149
36118569907637022516979309424914137412124898909102518270583624485228927028896150
519156897728574018721751466291140444157444037814364329816732794218994892328022673053
16929510921740596426218454
262585908806473436843511937773484004265057403311965769584104245920825944840487600495
48845705078069641546203053776128327495614884871647815976692831228711323544
2202172242336046652842867140696171604628382592679586369
31384654717084378319001200539624553299304973450936221906200428253929
700768643587931462511336220304723055182808
761087558308186698596421679795086685079642095705193004259850444729294
345898139279019565098
626619243848691681955077617367449764920
9060249517455618398442473689925506975574204341653519015625632211107196079686722448287016682545
954207166319356083940670134415759285988767639032118572238582289650703
4840369760280325029068127265150609279415364590757546109237369709624048644342473926825791934258045633
87292349314142
14159316
30408
202708170601
5608492001520031279131910050508200875
73811
596314850867530525250094904786531327343835532316748
40946305807256603256109629578345519221933986549085140499113922147092
5239643004186811992372396421839017529471112098961
80351964910943997719484180885669782114084135626851280158281949399
244669898092650
827286529697356275933441297
70912619569698838967875139712170625081476980563140838186417728674867790765127194907150836
438710530859877497
4348677911084127983568929743331421648038518557477430392790
10934302215469084
3022343125461570905834129638808517342250425723881624680682301407714201197496025111824428368051168676
160376948907857652857414822757187121127761886922333255481855
7771180006189871049337124655142899595046036958186993805825205659
47520893
940983709813839040980412
20595951560741060297053274587828997578
6618632481539731671300289953695582220889207604344843611563365289627387900588521335521069476934269
42405459472359428092936423967743885641610744839
69199244794998077633968999063296068825473881934050787994752166703492673597919
98396473792972
9129941638018437189648376076955690099132086526927912409378154710894510
38470096276298962531206063051176320525601467937488644860064380064367624944581432590852876925056
5213847334985186262831190285974646058484992655421
641236708209513699920544288170996176783512717751778179621608000258724262094245275978240838050
7009016613202212297134076
782762240586
66031389062267410772947328726456483476872711307993909523653876752
20597143764267821545189110883465451
7790518204393447255273614905028847966994019867772163180591623915098979382003167
7028235630203338054316353775426217379345373613735990647984025008079408946179477885889084
54613572822171192
5394843655928835445268876156525833663741713269578577202421810651527311509258382795639567019438456
5514954118133073633620787201906812382681
7698440224665781276136450363776789618136566328130372205552402432466860740
535313343916089299794345204
2761098018754
400780264285755041795148737
9090132170408756701981206275398093604810
843339668070164766427006306379279319369481669549657442058070873038921725827259348225530501349
1718269033229967
860771473441595897701905496834940246670296700943334032056871056024630401607825
67090574863252
86955
7995898273670287678484443542445542543507599123264151204715045435039567215613548500412
9528418391225346176420330745144976940455248870071065952219234222798605495440311808480764934781050362
50399827874910137773237973074599863528286860489136295970
839845918698041818082193994892459000665532451797429
745622160047994733609
6415657315085196896933036842090602987643392960094
949749271531406921985820994059507711849205947332953189019766278982960893483923407441981108386
6488877568909772376253916807020434148114859200179
515821773083271160229190425934446765497510913181747878036584377964505512292430512
8132880976530336195909759087105795939354243145893
17117156
491
31676205592534889432796070244719423077990798193903879329991842841
610495491998147
6337665707116782
50617153093219989623501610949871252939404398723135328529
2550144776415263566004559149467518311211
5329385275366578133326557719440472895563059297506704049688097142484685258588
99297104533880033555524557266
960
97636944934823743543122214425728826806069753309701018647476228580346216143190525547036499925
95340312826949977739829948
671107
655153
8952576501830360316529066405591718772
46292252642924953710494744710291904911098090791517255922996561431801211681
2275051731830082655819898877514162174323002688626787866087014957297128057742866089206417513718959765
1834406896328424585202645407829396835331922407491541704100565793607638314350976946442180933858901
85500305185004281356303597081820063273095635
37329178745358271726510325416364764541359635291185463618841837004604295042227391738764495915706536
2871724536109938909071970
7980856098239243438419137
9888322227748890111520403729855737243195129470987180231252
1240498643995538680503955248447
54888870580861094191562073553696027700160668185059
746083250208935
18088052909051515824395201552221955356560841281928475800153227297525456300536156
84152414336619998467526598461240703358378211739273783133492827511997752000372955990951089290
7755972846094465290816558891550672690241951314251156471866290999994058728390
819689608151072101336495768015777242860201
877932812607257661174152672596779357986070273832447801828336574324938011605
6540392107320466758658740060043661260138257874685557077372858615466231
48319013349205136488140356327571087708790735757722684995576769826187550832337357827099902
8993175561493374333149995
232698261546266888833274981727599049513744651716155944345109288022909938
556135184689137625787810252194983753808435916
426637532632046791334430164857185621274718120912877927
71327979669011942318787024190654030176441185875877
81655781260934261440710407016455098405275841650340767228
386245
69595130847606103730061924856775493044594858091413533977670658051966446584232862282844136522654
838022110286510338070330975717173
2998013586647893712497978
960323301843849572888398037932375337428068905939892053795021058716180826185023213431016
177688594061170932724023583149807440666941058510547144466731697297988600618392856
765519497285959946570218824201696047138451916
98260280165443371141758502472519610979807750625468780764942
66570302479729855719260548876517408700246296279617531996036871624304586846647144211125706
6257961542121651702150258360467993539
6287
110016907997960972566936786286959409054050938403202735503249390837108933545
32572675078316007915560896591636888
5321336298129046184655503399252903875836299895221
599803610833
51238620085706398552917398650991457604050445134987308713448204174684
8834590268749970527
431065943321387612457120809711574536566521778346
52134470617422888471459623723767079577733815505
45083975439269398111866743485918187133458924192285200736959420049574106867973367697457
179814675147263805064147442878985021787866388667295296549625
68880638654543203631874491141874058668164108351031
85708337707900147076333878283540187549296106
2968663958137423236927060513066687636425545600452017103107051715343414737733
2495347525511283695694141911220323479837668590344270734979104183
321
59337090510229970001732549733759465413777
605970739929355998099948604799361810933036750159718948682374436472471800566
7934050112597884560380425841939912468
8687116362878359348347157213465
423960564092336313861279608768812649459298125735536316218123
784381269467062672128256243790554355481466108679741042931512010807233188722128
552869319764137698309848628996225143311659361264703705107734114499241
404317
19030749301683697110869593887098761305486264147083274173838336560981722388316701363045687296
377770395735017308241145297626408298463648758696127331515341932214028456384
506691328646694144207086493543743441417
210784815
31610238942287470561575917674165275251045060109836458669103900464604492829629968788755979114900
466070297025113559747526888743648559915433227579837943895769454988110384608662032
276999901300420513356025791197895119
40712688872141834422028667665948284654592221944375530287312256043237176246735314007206679007890
830736951928706502485
42512147444466253495236431097540763157037
2176099221586260391
55988371935942508375868708328789862325358764512275337336830506433808895204527820660308
79072787615006100794755330950478
25254
4234889329216472998089
73407403237485521
