1000
1 2
2 3
1 4
4 5
3 6
5 7
7 8
1 9
5 10
10 11
1 12
10 13
1 14
4 15
2 16
1 17
17 18
3 19
16 20
12 21
21 22
1 23
19 24
12 25
11 26
21 27
21 28
27 29
28 30
15 31
10 32
22 33
31 34
5 35
15 36
28 37
15 38
5 39
30 40
13 41
16 42
42 43
9 44
32 45
28 46
44 47
15 48
29 49
16 50
39 51
18 52
12 53
13 54
38 55
20 56
4 57
3 58
37 59
24 60
33 61
36 62
18 63
11 64
63 65
19 66
3 67
32 68
20 69
45 70
8 71
58 72
66 73
57 74
61 75
32 76
54 77
56 78
60 79
1 80
2 81
74 82
82 83
26 84
72 85
21 86
21 87
61 88
53 89
2 90
31 91
70 92
11 93
79 94
32 95
83 96
16 97
93 98
36 99
95 100
52 101
100 102
65 103
61 104
31 105
19 106
87 107
50 108
44 109
33 110
106 111
10 112
15 113
6 114
71 115
48 116
8 117
58 118
72 119
23 120
94 121
91 122
7 123
55 124
94 125
67 126
12 127
50 128
41 129
48 130
48 131
54 132
49 133
69 134
2 135
23 136
28 137
92 138
126 139
129 140
75 141
29 142
54 143
65 144
36 145
24 146
119 147
70 148
9 149
57 150
11 151
96 152
47 153
91 154
121 155
126 156
76 157
76 158
143 159
75 160
10 161
31 162
23 163
83 164
106 165
126 166
10 167
9 168
41 169
131 170
46 171
74 172
14 173
120 174
89 175
78 176
50 177
177 178
132 179
179 180
62 181
56 182
39 183
107 184
1 185
84 186
138 187
88 188
71 189
84 190
117 191
28 192
51 193
120 194
181 195
31 196
19 197
83 198
21 199
30 200
63 201
99 202
1 203
14 204
53 205
194 206
137 207
6 208
183 209
170 210
56 211
94 212
31 213
94 214
101 215
53 216
99 217
43 218
65 219
26 220
119 221
153 222
90 223
118 224
5 225
178 226
97 227
159 228
108 229
177 230
55 231
222 232
68 233
77 234
26 235
13 236
24 237
116 238
4 239
70 240
101 241
47 242
100 243
17 244
197 245
184 246
171 247
225 248
149 249
80 250
50 251
51 252
190 253
113 254
158 255
114 256
223 257
121 258
13 259
158 260
74 261
101 262
187 263
138 264
59 265
252 266
149 267
80 268
116 269
178 270
204 271
249 272
155 273
69 274
28 275
64 276
162 277
7 278
87 279
55 280
159 281
213 282
131 283
197 284
246 285
74 286
23 287
222 288
258 289
282 290
259 291
159 292
119 293
273 294
272 295
104 296
201 297
168 298
47 299
64 300
124 301
91 302
211 303
241 304
74 305
154 306
35 307
155 308
296 309
215 310
184 311
221 312
209 313
141 314
203 315
181 316
262 317
120 318
69 319
140 320
44 321
312 322
94 323
273 324
53 325
21 326
213 327
62 328
112 329
96 330
222 331
299 332
308 333
139 334
189 335
116 336
65 337
73 338
214 339
291 340
227 341
292 342
299 343
67 344
228 345
28 346
161 347
237 348
22 349
178 350
161 351
284 352
191 353
50 354
41 355
354 356
232 357
154 358
186 359
4 360
326 361
87 362
147 363
125 364
76 365
194 366
263 367
114 368
159 369
277 370
79 371
269 372
117 373
100 374
34 375
107 376
119 377
298 378
331 379
217 380
83 381
79 382
59 383
331 384
282 385
49 386
216 387
60 388
22 389
328 390
197 391
34 392
182 393
216 394
309 395
129 396
165 397
294 398
311 399
104 400
87 401
228 402
280 403
298 404
324 405
278 406
145 407
309 408
322 409
107 410
167 411
265 412
355 413
198 414
15 415
250 416
349 417
149 418
139 419
389 420
293 421
258 422
272 423
252 424
325 425
355 426
23 427
405 428
206 429
311 430
264 431
9 432
230 433
86 434
60 435
314 436
343 437
319 438
121 439
195 440
126 441
283 442
190 443
156 444
57 445
77 446
132 447
322 448
169 449
208 450
441 451
115 452
400 453
28 454
350 455
344 456
189 457
133 458
78 459
141 460
299 461
291 462
209 463
163 464
270 465
44 466
184 467
364 468
178 469
92 470
69 471
386 472
153 473
275 474
149 475
187 476
90 477
160 478
49 479
214 480
93 481
469 482
127 483
101 484
72 485
190 486
284 487
161 488
476 489
113 490
207 491
299 492
413 493
309 494
360 495
69 496
414 497
307 498
124 499
328 500
301 501
69 502
473 503
473 504
61 505
337 506
464 507
133 508
507 509
435 510
20 511
129 512
473 513
105 514
473 515
254 516
423 517
412 518
456 519
510 520
317 521
352 522
338 523
67 524
114 525
81 526
53 527
357 528
166 529
71 530
218 531
353 532
69 533
329 534
359 535
349 536
354 537
246 538
294 539
153 540
189 541
306 542
303 543
247 544
61 545
437 546
166 547
77 548
279 549
119 550
245 551
135 552
157 553
511 554
432 555
406 556
516 557
38 558
191 559
498 560
310 561
234 562
531 563
148 564
241 565
22 566
370 567
475 568
54 569
304 570
19 571
366 572
127 573
340 574
305 575
509 576
426 577
119 578
526 579
59 580
383 581
305 582
479 583
200 584
557 585
167 586
338 587
365 588
278 589
489 590
136 591
316 592
367 593
553 594
17 595
546 596
333 597
256 598
494 599
572 600
147 601
576 602
567 603
252 604
593 605
309 606
593 607
386 608
254 609
329 610
315 611
410 612
247 613
214 614
216 615
378 616
150 617
35 618
370 619
376 620
185 621
131 622
390 623
364 624
432 625
34 626
30 627
474 628
86 629
580 630
388 631
12 632
272 633
588 634
441 635
289 636
600 637
519 638
327 639
329 640
411 641
344 642
475 643
433 644
564 645
630 646
20 647
619 648
639 649
510 650
356 651
130 652
359 653
341 654
229 655
327 656
473 657
98 658
86 659
543 660
646 661
92 662
577 663
265 664
453 665
220 666
262 667
148 668
603 669
192 670
239 671
28 672
161 673
269 674
104 675
534 676
169 677
421 678
439 679
307 680
9 681
479 682
190 683
677 684
246 685
413 686
551 687
453 688
10 689
687 690
43 691
599 692
607 693
606 694
234 695
448 696
347 697
437 698
530 699
667 700
18 701
200 702
622 703
336 704
494 705
329 706
478 707
681 708
702 709
158 710
413 711
507 712
26 713
106 714
31 715
459 716
121 717
462 718
486 719
74 720
708 721
139 722
631 723
668 724
105 725
703 726
78 727
689 728
152 729
102 730
409 731
709 732
705 733
325 734
405 735
21 736
132 737
247 738
498 739
270 740
403 741
116 742
57 743
510 744
572 745
736 746
508 747
245 748
561 749
623 750
737 751
669 752
614 753
53 754
555 755
169 756
674 757
29 758
166 759
52 760
462 761
361 762
746 763
38 764
188 765
653 766
64 767
692 768
738 769
364 770
666 771
383 772
65 773
604 774
417 775
65 776
254 777
504 778
49 779
511 780
176 781
451 782
40 783
51 784
704 785
612 786
292 787
741 788
352 789
384 790
315 791
430 792
789 793
440 794
560 795
540 796
232 797
578 798
158 799
573 800
584 801
414 802
470 803
277 804
27 805
636 806
570 807
270 808
689 809
396 810
407 811
716 812
528 813
82 814
480 815
284 816
19 817
622 818
444 819
391 820
630 821
92 822
517 823
362 824
3 825
484 826
273 827
291 828
592 829
624 830
507 831
295 832
183 833
529 834
349 835
21 836
53 837
90 838
204 839
642 840
531 841
552 842
309 843
631 844
464 845
796 846
666 847
748 848
189 849
705 850
511 851
556 852
796 853
735 854
730 855
78 856
538 857
627 858
501 859
184 860
225 861
727 862
841 863
701 864
398 865
224 866
206 867
130 868
727 869
838 870
309 871
850 872
750 873
385 874
223 875
777 876
477 877
784 878
440 879
20 880
528 881
126 882
78 883
522 884
186 885
344 886
357 887
334 888
217 889
472 890
767 891
845 892
757 893
41 894
709 895
723 896
685 897
267 898
819 899
150 900
638 901
466 902
186 903
377 904
337 905
703 906
889 907
560 908
505 909
838 910
680 911
328 912
651 913
802 914
443 915
355 916
789 917
784 918
33 919
127 920
288 921
487 922
708 923
609 924
218 925
65 926
894 927
38 928
116 929
92 930
509 931
556 932
693 933
238 934
588 935
270 936
389 937
516 938
9 939
874 940
654 941
360 942
50 943
732 944
559 945
862 946
641 947
180 948
308 949
502 950
32 951
500 952
696 953
305 954
296 955
605 956
663 957
562 958
190 959
663 960
452 961
418 962
136 963
877 964
48 965
867 966
234 967
522 968
80 969
265 970
318 971
499 972
567 973
680 974
459 975
104 976
427 977
479 978
387 979
458 980
899 981
763 982
196 983
884 984
823 985
442 986
297 987
424 988
116 989
534 990
213 991
194 992
155 993
418 994
800 995
164 996
643 997
349 998
294 999
661 1000
