1000
1 2
2 3
3 4
3 5
5 6
6 7
7 8
4 9
1 10
7 11
3 12
12 13
12 14
13 15
5 16
10 17
10 18
14 19
5 20
20 21
20 22
10 23
15 24
16 25
25 26
15 27
1 28
10 29
8 30
5 31
24 32
19 33
23 34
31 35
19 36
12 37
37 38
19 39
17 40
25 41
14 42
34 43
5 44
31 45
30 46
15 47
40 48
23 49
41 50
46 51
3 52
8 53
43 54
52 55
29 56
40 57
55 58
48 59
25 60
52 61
3 62
47 63
12 64
44 65
5 66
8 67
11 68
48 69
35 70
58 71
6 72
69 73
70 74
20 75
38 76
20 77
32 78
68 79
24 80
26 81
11 82
77 83
62 84
63 85
85 86
26 87
84 88
15 89
20 90
33 91
85 92
68 93
69 94
82 95
3 96
42 97
65 98
54 99
95 100
2 101
101 102
71 103
31 104
55 105
64 106
84 107
97 108
36 109
54 110
38 111
98 112
84 113
11 114
17 115
53 116
8 117
39 118
100 119
114 120
5 121
78 122
120 123
100 124
51 125
124 126
117 127
74 128
15 129
32 130
49 131
24 132
98 133
102 134
60 135
110 136
88 137
31 138
129 139
65 140
29 141
48 142
134 143
51 144
100 145
44 146
72 147
93 148
135 149
99 150
33 151
119 152
152 153
151 154
64 155
127 156
100 157
62 158
126 159
126 160
90 161
121 162
102 163
161 164
36 165
151 166
158 167
161 168
150 169
92 170
159 171
124 172
49 173
159 174
25 175
100 176
26 177
15 178
147 179
32 180
68 181
174 182
100 183
120 184
34 185
32 186
53 187
155 188
46 189
152 190
102 191
127 192
75 193
152 194
26 195
4 196
80 197
33 198
154 199
35 200
163 201
150 202
184 203
202 204
71 205
33 206
159 207
48 208
118 209
30 210
93 211
193 212
196 213
28 214
125 215
16 216
26 217
204 218
195 219
166 220
196 221
51 222
61 223
74 224
3 225
3 226
94 227
200 228
7 229
172 230
187 231
85 232
134 233
10 234
131 235
193 236
224 237
46 238
4 239
189 240
201 241
165 242
204 243
76 244
230 245
92 246
21 247
16 248
112 249
192 250
69 251
56 252
179 253
250 254
189 255
205 256
160 257
39 258
189 259
158 260
152 261
10 262
215 263
18 264
47 265
144 266
162 267
219 268
98 269
263 270
109 271
32 272
34 273
265 274
70 275
239 276
86 277
210 278
90 279
149 280
124 281
241 282
262 283
249 284
141 285
51 286
104 287
283 288
100 289
104 290
134 291
241 292
92 293
70 294
222 295
136 296
263 297
41 298
178 299
181 300
123 301
124 302
61 303
216 304
81 305
255 306
72 307
185 308
193 309
236 310
204 311
246 312
271 313
142 314
245 315
98 316
233 317
123 318
274 319
68 320
271 321
233 322
295 323
133 324
249 325
302 326
219 327
53 328
117 329
264 330
306 331
155 332
222 333
268 334
316 335
178 336
150 337
58 338
301 339
30 340
329 341
220 342
70 343
295 344
120 345
330 346
220 347
150 348
255 349
117 350
161 351
262 352
31 353
282 354
275 355
211 356
209 357
294 358
80 359
350 360
89 361
179 362
16 363
21 364
272 365
187 366
100 367
290 368
306 369
332 370
156 371
208 372
284 373
85 374
147 375
269 376
311 377
44 378
27 379
144 380
260 381
346 382
156 383
176 384
150 385
94 386
129 387
113 388
79 389
356 390
354 391
276 392
3 393
320 394
188 395
204 396
23 397
384 398
42 399
81 400
100 401
108 402
150 403
379 404
281 405
147 406
394 407
185 408
149 409
306 410
78 411
191 412
54 413
380 414
381 415
277 416
19 417
318 418
65 419
389 420
399 421
8 422
322 423
49 424
212 425
290 426
79 427
228 428
221 429
270 430
211 431
325 432
92 433
134 434
2 435
192 436
185 437
388 438
305 439
296 440
296 441
118 442
132 443
288 444
127 445
51 446
267 447
244 448
374 449
44 450
151 451
42 452
218 453
405 454
346 455
243 456
43 457
256 458
296 459
209 460
129 461
25 462
249 463
117 464
138 465
5 466
331 467
323 468
250 469
5 470
384 471
117 472
114 473
171 474
66 475
364 476
219 477
68 478
472 479
431 480
256 481
161 482
30 483
99 484
311 485
290 486
56 487
152 488
216 489
83 490
311 491
218 492
300 493
478 494
280 495
309 496
383 497
288 498
169 499
314 500
346 501
220 502
241 503
389 504
347 505
299 506
496 507
84 508
376 509
134 510
288 511
438 512
496 513
485 514
420 515
158 516
298 517
447 518
393 519
416 520
243 521
89 522
354 523
412 524
120 525
134 526
91 527
415 528
506 529
220 530
395 531
167 532
133 533
361 534
47 535
342 536
433 537
50 538
511 539
521 540
16 541
503 542
495 543
212 544
102 545
434 546
405 547
342 548
99 549
13 550
386 551
2 552
501 553
6 554
26 555
404 556
251 557
470 558
233 559
194 560
139 561
145 562
245 563
388 564
377 565
138 566
337 567
129 568
46 569
77 570
521 571
373 572
426 573
553 574
421 575
25 576
450 577
262 578
477 579
64 580
186 581
213 582
367 583
455 584
476 585
437 586
344 587
291 588
204 589
133 590
458 591
434 592
210 593
372 594
291 595
295 596
428 597
100 598
105 599
134 600
505 601
15 602
562 603
572 604
50 605
173 606
20 607
554 608
164 609
561 610
234 611
524 612
200 613
51 614
108 615
244 616
50 617
111 618
344 619
270 620
543 621
343 622
264 623
382 624
592 625
26 626
178 627
141 628
201 629
431 630
565 631
190 632
522 633
113 634
468 635
154 636
364 637
538 638
93 639
358 640
301 641
193 642
198 643
337 644
332 645
479 646
559 647
421 648
15 649
280 650
46 651
256 652
265 653
628 654
374 655
194 656
548 657
600 658
169 659
213 660
252 661
283 662
580 663
577 664
425 665
281 666
281 667
309 668
657 669
615 670
670 671
173 672
220 673
581 674
382 675
603 676
163 677
606 678
383 679
505 680
129 681
461 682
447 683
129 684
137 685
415 686
145 687
16 688
46 689
229 690
246 691
468 692
461 693
242 694
419 695
354 696
295 697
147 698
359 699
166 700
696 701
231 702
462 703
369 704
49 705
340 706
334 707
628 708
127 709
320 710
121 711
367 712
226 713
24 714
379 715
533 716
491 717
661 718
481 719
184 720
94 721
467 722
203 723
609 724
105 725
701 726
236 727
81 728
3 729
472 730
631 731
308 732
609 733
523 734
703 735
256 736
653 737
191 738
7 739
135 740
186 741
356 742
630 743
594 744
673 745
584 746
707 747
85 748
639 749
230 750
106 751
155 752
549 753
109 754
195 755
624 756
703 757
639 758
168 759
636 760
733 761
180 762
225 763
77 764
397 765
398 766
499 767
29 768
463 769
494 770
22 771
400 772
711 773
302 774
328 775
75 776
631 777
691 778
684 779
8 780
722 781
232 782
559 783
125 784
562 785
500 786
283 787
424 788
235 789
267 790
611 791
371 792
302 793
659 794
731 795
593 796
619 797
105 798
400 799
66 800
567 801
252 802
801 803
244 804
602 805
486 806
695 807
599 808
586 809
203 810
333 811
61 812
231 813
688 814
89 815
561 816
277 817
525 818
303 819
663 820
345 821
669 822
305 823
243 824
244 825
319 826
66 827
423 828
79 829
207 830
708 831
750 832
645 833
424 834
252 835
400 836
692 837
674 838
538 839
419 840
388 841
406 842
439 843
315 844
218 845
284 846
54 847
217 848
638 849
620 850
231 851
135 852
418 853
492 854
527 855
575 856
65 857
691 858
593 859
552 860
825 861
849 862
689 863
382 864
633 865
833 866
285 867
420 868
504 869
559 870
611 871
47 872
708 873
24 874
349 875
354 876
307 877
822 878
848 879
7 880
574 881
454 882
36 883
657 884
541 885
214 886
2 887
625 888
332 889
266 890
396 891
880 892
317 893
250 894
374 895
254 896
84 897
552 898
3 899
645 900
718 901
641 902
153 903
880 904
850 905
10 906
594 907
750 908
263 909
461 910
254 911
248 912
484 913
814 914
215 915
266 916
686 917
767 918
129 919
12 920
838 921
755 922
766 923
901 924
860 925
228 926
671 927
500 928
53 929
42 930
541 931
717 932
586 933
405 934
63 935
870 936
423 937
160 938
162 939
46 940
29 941
898 942
703 943
110 944
384 945
493 946
280 947
459 948
401 949
634 950
903 951
431 952
662 953
210 954
841 955
160 956
745 957
43 958
195 959
344 960
444 961
657 962
27 963
491 964
373 965
561 966
19 967
938 968
362 969
594 970
807 971
167 972
737 973
773 974
423 975
730 976
882 977
494 978
399 979
597 980
519 981
547 982
657 983
844 984
188 985
147 986
809 987
675 988
552 989
529 990
264 991
525 992
458 993
165 994
512 995
877 996
333 997
935 998
595 999
137 1000
