1000
1 2
2 3
1 4
1 5
2 6
6 7
7 8
5 9
6 10
7 11
8 12
5 13
12 14
13 15
6 16
16 17
17 18
13 19
14 20
6 21
18 22
14 23
21 24
19 25
10 26
10 27
27 28
21 29
9 30
30 31
3 32
17 33
28 34
26 35
12 36
27 37
28 38
35 39
29 40
1 41
36 42
3 43
10 44
40 45
24 46
12 47
40 48
40 49
40 50
9 51
43 52
27 53
34 54
49 55
10 56
9 57
22 58
18 59
48 60
35 61
52 62
19 63
21 64
43 65
12 66
24 67
9 68
53 69
12 70
5 71
16 72
10 73
25 74
1 75
56 76
36 77
6 78
26 79
39 80
35 81
63 82
61 83
72 84
79 85
70 86
65 87
80 88
67 89
62 90
86 91
6 92
64 93
53 94
73 95
68 96
88 97
71 98
75 99
9 100
72 101
62 102
5 103
51 104
22 105
18 106
32 107
60 108
11 109
72 110
96 111
95 112
35 113
108 114
100 115
103 116
32 117
43 118
59 119
68 120
98 121
62 122
43 123
36 124
42 125
78 126
21 127
40 128
90 129
115 130
21 131
32 132
15 133
81 134
73 135
11 136
127 137
87 138
4 139
40 140
131 141
42 142
134 143
75 144
87 145
77 146
69 147
70 148
109 149
21 150
35 151
98 152
85 153
57 154
36 155
50 156
64 157
154 158
22 159
25 160
112 161
50 162
14 163
33 164
78 165
103 166
68 167
112 168
52 169
8 170
121 171
38 172
143 173
104 174
163 175
54 176
159 177
21 178
16 179
159 180
142 181
5 182
60 183
155 184
140 185
144 186
17 187
173 188
6 189
61 190
82 191
124 192
90 193
34 194
152 195
56 196
189 197
152 198
182 199
130 200
70 201
131 202
139 203
51 204
52 205
111 206
90 207
21 208
171 209
23 210
169 211
94 212
171 213
49 214
145 215
48 216
88 217
174 218
208 219
52 220
61 221
70 222
3 223
222 224
153 225
161 226
45 227
192 228
73 229
179 230
161 231
14 232
219 233
130 234
144 235
52 236
184 237
86 238
43 239
87 240
204 241
111 242
27 243
225 244
109 245
85 246
36 247
159 248
144 249
46 250
132 251
123 252
247 253
175 254
182 255
251 256
172 257
159 258
47 259
103 260
136 261
83 262
117 263
104 264
245 265
67 266
206 267
238 268
121 269
166 270
170 271
93 272
49 273
23 274
21 275
121 276
259 277
98 278
53 279
268 280
148 281
180 282
200 283
82 284
226 285
228 286
46 287
187 288
211 289
58 290
135 291
201 292
140 293
278 294
66 295
218 296
11 297
3 298
122 299
54 300
6 301
221 302
193 303
71 304
122 305
136 306
297 307
303 308
57 309
62 310
205 311
128 312
276 313
31 314
208 315
78 316
182 317
71 318
235 319
145 320
270 321
95 322
305 323
13 324
173 325
137 326
60 327
292 328
285 329
159 330
200 331
133 332
184 333
135 334
185 335
132 336
119 337
63 338
297 339
97 340
328 341
188 342
103 343
180 344
64 345
251 346
100 347
44 348
89 349
307 350
327 351
124 352
126 353
138 354
141 355
155 356
17 357
5 358
160 359
112 360
148 361
186 362
29 363
218 364
253 365
357 366
185 367
362 368
313 369
18 370
1 371
265 372
366 373
283 374
29 375
109 376
313 377
139 378
233 379
126 380
177 381
213 382
89 383
259 384
193 385
199 386
172 387
143 388
138 389
220 390
154 391
57 392
263 393
372 394
345 395
314 396
131 397
159 398
364 399
326 400
79 401
95 402
372 403
89 404
261 405
243 406
243 407
29 408
134 409
308 410
46 411
35 412
93 413
266 414
330 415
7 416
217 417
204 418
353 419
236 420
351 421
259 422
388 423
239 424
30 425
227 426
350 427
386 428
17 429
150 430
26 431
146 432
153 433
141 434
295 435
101 436
68 437
413 438
206 439
137 440
63 441
300 442
385 443
119 444
69 445
355 446
236 447
253 448
390 449
414 450
378 451
111 452
217 453
278 454
235 455
335 456
345 457
393 458
236 459
265 460
348 461
171 462
319 463
316 464
183 465
367 466
129 467
140 468
364 469
447 470
459 471
95 472
141 473
168 474
458 475
162 476
142 477
445 478
375 479
236 480
166 481
241 482
277 483
363 484
378 485
249 486
112 487
466 488
449 489
167 490
51 491
279 492
314 493
363 494
66 495
391 496
330 497
118 498
164 499
64 500
123 501
495 502
124 503
397 504
222 505
287 506
404 507
269 508
190 509
262 510
78 511
187 512
27 513
207 514
287 515
326 516
464 517
102 518
225 519
98 520
333 521
420 522
27 523
58 524
473 525
145 526
367 527
286 528
369 529
249 530
158 531
248 532
103 533
512 534
65 535
400 536
12 537
73 538
516 539
118 540
3 541
524 542
504 543
14 544
228 545
339 546
411 547
464 548
322 549
132 550
15 551
447 552
13 553
305 554
149 555
302 556
64 557
494 558
467 559
66 560
44 561
221 562
260 563
443 564
532 565
125 566
469 567
250 568
479 569
545 570
44 571
173 572
281 573
242 574
157 575
494 576
1 577
89 578
97 579
545 580
304 581
424 582
116 583
541 584
57 585
27 586
21 587
128 588
532 589
287 590
90 591
552 592
332 593
255 594
552 595
551 596
32 597
529 598
430 599
268 600
125 601
125 602
176 603
457 604
294 605
226 606
533 607
344 608
243 609
198 610
554 611
152 612
583 613
385 614
566 615
218 616
570 617
114 618
395 619
291 620
603 621
590 622
26 623
223 624
63 625
264 626
209 627
288 628
221 629
123 630
394 631
329 632
296 633
76 634
401 635
293 636
332 637
571 638
162 639
637 640
441 641
219 642
296 643
60 644
138 645
54 646
481 647
632 648
271 649
92 650
386 651
66 652
355 653
402 654
197 655
568 656
631 657
466 658
170 659
45 660
646 661
476 662
329 663
526 664
303 665
231 666
494 667
411 668
602 669
409 670
336 671
302 672
83 673
131 674
177 675
468 676
393 677
565 678
161 679
268 680
272 681
577 682
227 683
454 684
319 685
111 686
481 687
299 688
611 689
159 690
499 691
162 692
679 693
372 694
9 695
643 696
114 697
431 698
487 699
259 700
28 701
93 702
583 703
215 704
193 705
3 706
72 707
9 708
556 709
442 710
120 711
598 712
501 713
713 714
456 715
171 716
464 717
229 718
706 719
718 720
196 721
209 722
448 723
445 724
500 725
45 726
66 727
403 728
625 729
128 730
640 731
148 732
371 733
42 734
447 735
323 736
419 737
485 738
390 739
439 740
76 741
201 742
403 743
595 744
551 745
696 746
474 747
568 748
292 749
707 750
573 751
226 752
632 753
502 754
104 755
456 756
594 757
282 758
383 759
94 760
117 761
532 762
276 763
562 764
261 765
497 766
761 767
715 768
154 769
674 770
27 771
733 772
631 773
429 774
12 775
743 776
133 777
362 778
64 779
312 780
665 781
466 782
50 783
637 784
593 785
391 786
293 787
639 788
696 789
539 790
379 791
269 792
301 793
73 794
200 795
654 796
448 797
774 798
596 799
416 800
197 801
39 802
437 803
803 804
636 805
486 806
253 807
435 808
151 809
717 810
590 811
535 812
518 813
159 814
156 815
73 816
158 817
394 818
563 819
741 820
270 821
505 822
386 823
733 824
33 825
340 826
494 827
710 828
312 829
542 830
726 831
431 832
581 833
255 834
340 835
471 836
100 837
400 838
143 839
410 840
533 841
401 842
410 843
476 844
96 845
216 846
172 847
14 848
336 849
212 850
296 851
453 852
637 853
654 854
254 855
421 856
234 857
263 858
760 859
218 860
399 861
18 862
384 863
833 864
856 865
486 866
438 867
794 868
828 869
610 870
113 871
850 872
296 873
808 874
802 875
260 876
189 877
227 878
798 879
223 880
453 881
183 882
768 883
808 884
179 885
613 886
286 887
545 888
39 889
695 890
797 891
849 892
319 893
870 894
820 895
632 896
192 897
747 898
623 899
588 900
97 901
59 902
615 903
763 904
375 905
462 906
905 907
10 908
147 909
412 910
410 911
197 912
399 913
483 914
451 915
694 916
150 917
64 918
518 919
182 920
352 921
422 922
546 923
755 924
415 925
718 926
484 927
510 928
636 929
674 930
494 931
394 932
922 933
640 934
124 935
178 936
58 937
108 938
934 939
694 940
677 941
426 942
300 943
223 944
942 945
385 946
720 947
192 948
409 949
924 950
145 951
721 952
909 953
389 954
693 955
781 956
815 957
641 958
351 959
198 960
780 961
370 962
297 963
596 964
680 965
488 966
106 967
329 968
329 969
694 970
227 971
755 972
876 973
130 974
627 975
523 976
928 977
738 978
221 979
251 980
61 981
76 982
894 983
478 984
910 985
887 986
856 987
979 988
496 989
822 990
212 991
461 992
177 993
626 994
382 995
883 996
925 997
115 998
99 999
803 1000
