20 100
256675169 363
847652416 802
664902511 861
818727618 522
216249515 292
353321861 702
591978981 118
92152860 929
679533341 320
831681037 644
591804665 961
756119779 188
975493921 500
1000000000 1000
908785744 27
868459564 555
978394327 973
485204450 246
976079269 693
726308270 289
-1 -1 -1 -1 -1 -1 200105542 -1 -1 -1 -1 -1 -1 -1 -1 -1 -1 -1 -1 -1
-1 -1 -1 817179398 -1 -1 -1 -1 -1 -1 -1 -1 -1 -1 -1 -1 -1 -1 -1 -1
-1 -1 -1 -1 -1 -1 -1 487445994 -1 -1 -1 -1 -1 -1 -1 -1 -1 -1 -1 -1
-1 -1 -1 -1 -1 -1 -1 -1 -1 -1 -1 -1 -1 579200088 -1 -1 -1 -1 -1 -1
-1 -1 -1 -1 -1 -1 -1 -1 -1 -1 -1 -1 -1 -1 -1 -1 -1 -1 40840415 -1
-1 -1 -1 -1 -1 -1 -1 -1 -1 307613478 -1 -1 -1 -1 -1 -1 -1 -1 -1 -1
-1 -1 -1 -1 -1 -1 -1 -1 -1 -1 -1 -1 -1 -1 -1 -1 -1 42225024 -1 -1
-1 -1 -1 -1 -1 -1 -1 -1 89736402 -1 -1 -1 -1 -1 -1 -1 -1 -1 -1 -1
-1 -1 -1 -1 -1 -1 -1 -1 -1 -1 -1 2378020 -1 -1 -1 -1 -1 -1 -1 -1
-1 -1 -1 -1 -1 -1 -1 -1 -1 -1 -1 -1 -1 -1 769512921 -1 -1 -1 -1 -1
-1 206543059 -1 -1 -1 -1 -1 -1 -1 -1 -1 -1 -1 -1 -1 -1 -1 -1 -1 -1
66560909 -1 -1 -1 -1 -1 -1 -1 -1 -1 -1 -1 -1 -1 -1 661263666 -1 -1 -1 -1
-1 -1 -1 -1 -1 959473533 -1 -1 -1 -1 -1 -1 -1 -1 -1 -1 -1 -1 -1 -1
-1 -1 -1 -1 -1 -1 -1 -1 -1 -1 -1 -1 -1 -1 -1 -1 -1 -1 -1 -1
-1 500340195 -1 -1 -1 -1 -1 -1 -1 -1 827645077 -1 -1 -1 -1 -1 -1 -1 -1 -1
707117625 -1 -1 -1 -1 -1 -1 -1 -1 -1 -1 -1 -1 -1 -1 -1 -1 -1 -1 -1
-1 -1 894904062 -1 -1 -1 -1 -1 -1 -1 -1 -1 -1 -1 -1 -1 -1 -1 -1 -1
-1 -1 -1 -1 462831251 -1 -1 -1 -1 -1 -1 -1 -1 -1 -1 -1 -1 -1 417871616 -1
-1 -1 -1 -1 -1 -1 -1 -1 -1 466843164 -1 -1 214802357 -1 -1 -1 -1 -1 -1 -1
-1 -1 -1 -1 -1 -1 -1 -1 -1 -1 -1 -1 -1 -1 -1 -1 603614458 -1 -1 -1
8 6
1 5
17 4
18 15
1 14
16 14
7 6
20 11
3 11
12 14
7 2
7 15
17 13
17 19
3 15
17 2
20 15
1 10
16 13
17 10
16 5
8 5
9 10
18 10
7 11
20 6
7 5
18 6
18 19
20 13
12 13
18 14
18 13
17 15
9 5
3 10
20 10
1 15
9 11
18 11
3 19
12 19
1 6
1 4
8 14
12 2
20 4
12 11
3 5
16 4
9 13
16 6
7 10
9 6
8 11
17 6
7 14
16 2
8 19
1 19
12 10
8 13
1 2
3 6
7 19
9 15
1 13
20 5
12 5
12 6
9 19
17 14
20 14
16 15
16 19
17 5
3 14
16 11
18 2
9 14
8 15
9 4
3 2
3 4
20 19
20 2
7 4
7 13
18 4
3 13
12 4
8 10
16 10
12 15
9 2
8 2
17 11
1 11
18 5
8 4
