10 63
4447 14
2129 22
66 106
10000 29
18 175
4 177
8281 6
37 186
9167 21
1608 16
-1 98 -1 76 69 -1 -1 -1 -1 2
-1 -1 68 -1 36 33 -1 90 -1 35
41 -1 -1 -1 -1 -1 93 -1 -1 -1
9 -1 -1 -1 -1 -1 -1 7 -1 -1
-1 -1 -1 -1 -1 -1 -1 23 97 -1
83 89 -1 50 7 -1 -1 -1 20 -1
87 -1 -1 76 14 -1 -1 78 -1 -1
-1 -1 -1 52 -1 -1 -1 -1 -1 -1
-1 72 -1 -1 -1 46 46 21 -1 -1
15 80 -1 -1 -1 -1 -1 -1 -1 -1
2 6
3 1
4 2
7 8
3 9
4 8
7 2
10 2
1 7
9 7
3 4
1 2
9 4
2 7
9 8
1 8
7 6
10 4
3 7
4 6
4 9
10 9
2 4
7 1
9 5
7 9
1 4
10 1
9 6
3 8
2 3
1 5
1 3
2 1
9 10
3 6
4 3
10 8
9 3
10 5
3 10
1 6
2 10
3 5
7 10
2 9
2 8
7 3
7 4
4 7
10 6
4 10
10 3
2 5
7 5
10 7
9 1
4 1
1 10
1 9
3 2
4 5
9 2
