10 72
1208 20
20 107
1664 28
4564 18
1366 3
5779 13
12 144
3 94
2 135
4 88
-1 21 57 51 61 50 77 35 15 60
45 -1 19 62 75 85 77 23 66 96
36 18 -1 20 65 15 8 11 72 4
51 17 22 -1 48 84 38 95 58 91
66 78 81 25 -1 12 25 35 43 25
47 2 19 33 26 -1 68 46 92 43
18 20 42 79 19 23 -1 92 43 20
6 22 3 77 71 82 61 -1 34 80
42 92 66 13 26 26 14 66 -1 54
75 94 82 3 19 100 5 96 40 -1
8 3
3 2
3 8
3 5
2 4
6 2
3 7
1 4
2 5
6 4
2 8
5 9
4 8
6 8
2 3
5 1
3 1
4 7
2 6
5 6
10 2
4 6
3 4
2 10
1 2
8 10
10 9
6 9
1 7
1 10
6 5
1 6
10 4
2 1
10 6
8 2
8 6
1 9
4 10
8 9
4 3
2 7
8 5
10 3
4 2
10 8
5 8
6 7
5 3
4 5
3 10
5 2
5 4
4 1
1 5
3 9
8 7
10 1
10 7
4 9
5 10
5 7
1 8
6 3
8 4
6 10
10 5
8 1
6 1
1 3
3 6
2 9
