10 72
7721 33
34 192
6064 6
47 82
12 171
2 115
8700 14
5602 33
11 142
6275 16
-1 -1 -1 77 -1 -1 90 37 -1 90
46 -1 -1 40 -1 44 6 -1 84 -1
59 -1 -1 -1 -1 52 -1 -1 83 -1
6 -1 -1 -1 55 -1 63 -1 -1 -1
42 65 -1 35 -1 -1 31 -1 14 -1
34 44 -1 -1 -1 -1 57 -1 90 12
57 42 -1 7 -1 -1 -1 -1 -1 -1
42 26 -1 -1 -1 90 -1 -1 -1 -1
-1 14 -1 -1 -1 15 71 -1 -1 4
-1 22 15 -1 -1 55 -1 82 -1 -1
1 5
9 6
8 7
7 6
9 3
10 1
10 3
3 4
7 1
8 1
8 5
3 7
9 1
2 1
3 9
3 10
10 8
8 4
8 3
7 8
9 7
8 10
4 1
4 9
2 10
1 2
8 9
1 8
4 8
7 10
7 9
3 1
7 3
3 8
4 10
4 3
7 4
2 3
2 4
4 5
10 4
2 5
1 9
9 4
3 5
3 2
2 7
9 8
9 2
3 6
10 5
1 6
9 5
1 10
2 9
4 2
1 4
2 8
8 6
7 2
10 9
1 7
4 6
4 7
1 3
2 6
9 10
10 6
7 5
10 7
8 2
10 2
