10 54
7 95
13 85
8508 21
7653 28
10000 23
10000 33
9 175
2571 6
7 83
45 164
-1 59 -1 -1 -1 97 -1 -1 -1 -1
79 -1 81 66 66 32 -1 -1 -1 17
-1 -1 -1 -1 -1 52 -1 -1 21 -1
-1 99 81 -1 80 -1 -1 83 -1 43
-1 -1 30 -1 -1 -1 -1 -1 74 -1
-1 -1 21 -1 -1 -1 -1 85 -1 -1
-1 -1 70 82 40 66 -1 43 -1 -1
-1 69 -1 -1 16 -1 24 -1 1 -1
74 -1 70 29 -1 -1 -1 9 -1 -1
48 -1 73 80 -1 -1 -1 61 5 -1
3 6
5 2
8 2
8 6
5 3
8 10
10 9
5 4
6 4
8 3
10 2
6 3
10 6
5 8
6 1
4 2
6 5
10 5
10 4
3 1
10 8
5 6
5 9
4 3
8 5
4 9
8 1
3 9
3 8
8 4
4 10
6 10
10 7
4 1
4 8
3 4
6 7
3 7
8 7
3 5
5 7
3 2
10 3
5 10
4 5
6 9
4 7
4 6
8 9
10 1
6 2
5 1
3 10
6 8
