10 63
9659 30
3 117
3527 28
4309 35
17 173
30 179
22 192
1047 3
52 111
921 2
-1 -1 25 -1 -1 27 47 -1 -1 12
80 -1 -1 9 82 -1 -1 45 24 -1
7 99 -1 -1 -1 -1 -1 83 16 6
52 38 -1 -1 -1 -1 -1 -1 -1 78
-1 58 11 -1 -1 -1 91 85 -1 -1
62 41 -1 -1 -1 -1 53 2 -1 -1
59 87 51 30 26 -1 -1 -1 35 -1
-1 -1 34 -1 42 -1 15 -1 -1 -1
-1 -1 53 -1 -1 -1 -1 100 -1 -1
-1 -1 28 -1 -1 -1 56 -1 71 -1
6 2
3 5
4 3
6 8
8 4
5 7
5 4
3 2
8 1
5 8
1 2
4 1
10 4
6 10
6 9
10 1
8 5
3 6
8 9
1 5
4 5
5 2
8 6
3 1
1 10
8 7
5 10
10 3
10 8
3 10
1 6
8 3
8 10
5 6
8 2
6 3
1 4
4 2
3 8
10 2
6 5
4 6
10 9
1 9
1 7
6 7
5 9
4 8
4 10
5 1
10 6
4 7
4 9
3 4
1 3
1 8
6 1
3 7
10 7
5 3
10 5
6 4
3 9
