10 72
9884 9
8 187
6 71
3199 15
6483 9
2 174
18 183
5443 28
8979 35
4 113
-1 11 67 46 78 95 58 22 73 15
62 -1 22 12 77 46 20 88 35 89
59 18 -1 22 93 17 22 37 63 92
11 31 16 -1 66 67 15 85 17 70
92 88 13 66 -1 84 75 56 72 27
67 100 19 82 91 -1 59 1 63 44
53 50 82 70 89 94 -1 19 6 83
8 26 49 16 96 19 81 -1 48 92
99 61 11 33 87 75 97 80 -1 91
75 6 62 4 99 19 68 31 78 -1
8 2
8 4
4 1
1 5
8 7
4 2
6 2
10 5
9 3
5 7
1 2
5 10
1 9
5 8
6 9
10 3
9 4
5 1
10 2
4 3
4 8
7 3
5 3
9 2
9 8
6 8
1 6
7 6
4 5
6 7
6 1
8 6
6 10
6 4
9 1
7 1
5 9
9 10
7 2
7 10
10 6
4 6
1 3
8 9
6 3
10 4
7 9
5 6
7 8
4 10
4 9
8 1
10 1
10 7
5 2
9 6
8 10
6 5
10 8
4 7
5 4
1 10
10 9
8 5
9 7
1 8
8 3
7 5
7 4
9 5
1 4
1 7
