20 100
828168608 701
286103060 897
962836308 244
198376791 403
955327071 297
670973871 388
122891976 937
902504427 182
919028047 198
998572414 680
1000000000 1000
928048154 51
486419682 189
981358693 110
907214994 919
964696190 501
993154237 643
865073981 236
816326699 17
998925624 810
-1 -1 -1 -1 -1 -1 -1 -1 -1 -1 -1 -1 -1 -1 -1 -1 -1 -1 -1 660619730
-1 -1 -1 -1 -1 -1 -1 -1 -1 -1 -1 4078153 -1 -1 -1 -1 -1 -1 -1 -1
-1 -1 -1 -1 -1 -1 -1 -1 -1 -1 -1 -1 -1 -1 -1 -1 -1 -1 901065707 -1
-1 -1 48539618 -1 -1 -1 -1 -1 -1 -1 -1 -1 -1 -1 -1 -1 -1 -1 -1 -1
-1 -1 -1 -1 -1 -1 -1 -1 -1 -1 -1 -1 -1 -1 -1 -1 -1 823632466 -1 -1
51059081 -1 -1 -1 -1 -1 -1 -1 -1 -1 -1 -1 -1 -1 -1 -1 -1 -1 -1 -1
-1 116968150 -1 -1 -1 -1 -1 -1 -1 -1 -1 -1 -1 -1 -1 -1 -1 -1 -1 -1
-1 -1 -1 -1 -1 -1 -1 -1 -1 -1 -1 -1 854697539 -1 -1 -1 -1 -1 -1 -1
-1 -1 -1 -1 -1 -1 -1 -1 -1 -1 836904398 -1 -1 -1 -1 -1 -1 -1 -1 -1
-1 -1 -1 -1 -1 -1 928889202 -1 -1 -1 -1 -1 -1 -1 -1 -1 -1 -1 -1 -1
-1 -1 -1 -1 -1 -1 -1 -1 -1 -1 -1 -1 -1 -1 -1 -1 -1 -1 -1 -1
-1 -1 -1 -1 -1 -1 -1 -1 -1 -1 -1 -1 -1 901848474 -1 -1 -1 -1 -1 -1
-1 -1 -1 -1 -1 415456991 -1 -1 -1 -1 -1 -1 -1 -1 -1 -1 -1 -1 -1 -1
-1 -1 -1 -1 -1 -1 -1 -1 -1 -1 -1 -1 -1 -1 -1 -1 904452941 -1 -1 -1
-1 -1 -1 873120600 -1 -1 -1 -1 -1 -1 -1 -1 -1 -1 -1 -1 -1 -1 -1 -1
-1 -1 -1 -1 -1 -1 -1 -1 -1 899296892 -1 -1 -1 -1 -1 -1 -1 -1 -1 -1
-1 -1 -1 -1 163755804 -1 -1 -1 -1 -1 -1 -1 -1 -1 -1 -1 -1 -1 -1 -1
-1 -1 -1 -1 -1 -1 -1 -1 403672091 -1 -1 -1 -1 -1 -1 -1 -1 -1 -1 -1
-1 -1 -1 -1 -1 -1 -1 797198811 -1 -1 -1 -1 -1 -1 -1 -1 -1 -1 -1 -1
-1 -1 -1 -1 -1 -1 -1 -1 -1 -1 -1 -1 -1 -1 -1 538504562 -1 -1 -1 -1
4 9
19 10
20 9
15 18
13 7
20 10
8 14
15 10
3 14
16 14
3 17
6 17
19 18
15 7
19 7
1 12
20 14
6 14
8 2
15 11
8 18
4 18
20 17
8 5
4 12
13 9
3 18
16 5
16 9
16 2
16 17
1 17
20 11
3 7
8 11
13 18
4 17
4 5
16 11
6 12
13 11
1 10
3 12
8 7
19 2
19 12
15 12
6 18
3 10
19 11
3 5
20 5
19 9
15 2
1 5
15 14
1 11
3 11
3 2
19 17
16 7
4 7
1 18
4 2
20 7
13 14
1 14
6 11
1 2
4 10
16 10
6 10
16 18
8 9
15 17
16 12
6 5
4 14
6 7
13 5
8 17
15 5
4 11
13 2
1 9
19 5
8 12
3 9
13 12
20 2
15 9
20 12
1 7
19 14
8 10
6 2
13 17
20 18
13 10
6 9
