10 72
10000 2
7328 26
6 72
166 30
21 171
4172 14
843 24
54 79
10000 40
7 196
-1 -1 -1 -1 -1 -1 -1 -1 -1 -1
89 -1 -1 -1 -1 50 -1 -1 -1 -1
-1 66 -1 -1 -1 -1 11 -1 68 -1
-1 -1 27 -1 -1 6 -1 61 -1 83
88 -1 -1 -1 -1 -1 51 41 1 -1
80 -1 95 76 -1 -1 -1 -1 -1 -1
22 3 -1 -1 -1 69 -1 29 -1 -1
-1 -1 70 4 -1 -1 93 -1 -1 -1
-1 -1 -1 -1 -1 -1 -1 -1 -1 95
-1 1 -1 91 63 37 20 -1 66 -1
8 4
4 7
4 2
9 1
4 5
8 7
9 6
4 1
7 1
8 10
4 10
7 9
6 1
2 8
5 10
5 3
2 7
7 3
2 5
5 2
2 6
8 5
6 8
9 3
4 9
6 2
9 10
6 5
10 3
7 10
9 2
7 4
10 8
5 7
6 7
4 3
10 7
5 6
5 1
9 8
9 7
10 4
4 6
5 4
10 5
8 1
6 4
8 6
7 8
2 9
10 6
4 8
6 3
7 2
7 6
10 9
2 10
2 3
8 2
6 9
8 9
8 3
5 8
6 10
7 5
2 4
10 2
2 1
10 1
9 5
5 9
9 4
