10 81
10000 29
8935 12
61 89
60 159
8236 23
202 40
6716 150
8928 21
2322 11
18 113
-1 -1 -1 -1 14 -1 1 -1 -1 -1
43 -1 -1 -1 62 -1 -1 -1 -1 12
-1 -1 -1 -1 -1 -1 -1 36 96 82
100 -1 -1 -1 -1 -1 -1 64 -1 -1
71 94 -1 -1 -1 -1 68 -1 -1 -1
-1 93 -1 86 -1 -1 -1 -1 97 -1
-1 -1 -1 -1 -1 -1 -1 9 -1 -1
62 -1 -1 96 93 -1 7 -1 -1 -1
-1 -1 -1 -1 -1 29 73 -1 -1 39
-1 49 24 -1 -1 -1 3 -1 -1 -1
2 1
9 4
7 9
8 4
3 9
9 10
8 6
5 9
9 2
7 3
5 7
10 5
9 6
6 9
1 4
2 8
3 6
8 9
7 5
6 1
8 3
5 1
10 7
1 10
7 8
10 6
2 9
8 1
10 1
6 8
10 4
5 3
6 3
2 4
7 4
2 5
10 9
3 7
6 4
9 5
1 5
9 1
6 10
10 2
1 7
1 8
8 7
6 5
5 8
9 8
8 5
5 2
8 2
3 5
1 3
10 8
3 1
3 4
1 9
3 10
7 1
3 8
6 2
6 7
7 6
5 10
2 7
10 3
7 2
2 10
5 4
7 10
3 2
8 10
5 6
2 3
9 7
9 3
1 6
1 2
2 6
