20 100
778136661 323
867868402 344
918978568 228
908274579 24
1000000000 1000
544014002 760
604876621 570
317717596 65
991815092 515
774099235 480
956674140 220
516980028 479
854149376 125
620538859 390
782115487 546
855252681 100
260567492 590
267942914 943
988085612 728
997003140 330
-1 595548057 -1 -1 -1 -1 -1 -1 -1 -1 -1 -1 -1 -1 -1 -1 -1 -1 -1 -1
-1 -1 -1 -1 -1 -1 724259549 -1 -1 -1 -1 -1 -1 -1 -1 -1 -1 -1 -1 -1
-1 -1 -1 -1 -1 -1 -1 -1 -1 -1 624297479 -1 -1 -1 -1 -1 -1 -1 -1 -1
-1 -1 -1 -1 -1 -1 -1 -1 -1 -1 -1 -1 -1 -1 865541774 -1 -1 -1 -1 -1
-1 -1 -1 -1 -1 -1 -1 -1 -1 -1 -1 -1 -1 -1 -1 -1 -1 -1 -1 -1
-1 -1 -1 195186934 -1 -1 -1 -1 -1 -1 -1 856336589 -1 -1 -1 -1 -1 -1 -1 -1
-1 -1 -1 -1 -1 -1 -1 -1 -1 -1 -1 -1 -1 -1 -1 249584373 -1 -1 -1 -1
-1 -1 -1 -1 -1 75957613 -1 -1 -1 -1 -1 -1 -1 -1 -1 -1 -1 -1 -1 -1
-1 -1 -1 -1 978254092 -1 -1 -1 -1 -1 -1 -1 -1 -1 -1 -1 -1 -1 -1 -1
-1 -1 -1 -1 -1 -1 -1 -1 -1 -1 -1 -1 -1 -1 -1 -1 -1 -1 -1 574520835
911306928 -1 -1 -1 -1 -1 -1 -1 -1 -1 -1 -1 -1 -1 -1 -1 -1 -1 -1 -1
-1 -1 499593833 -1 -1 -1 -1 -1 -1 -1 -1 -1 -1 -1 -1 -1 -1 -1 -1 -1
-1 -1 -1 -1 -1 -1 -1 -1 -1 -1 -1 -1 -1 -1 -1 -1 -1 -1 767435463 -1
-1 -1 -1 -1 -1 482061531 -1 -1 -1 -1 -1 -1 -1 -1 -1 -1 291713879 -1 -1 -1
-1 -1 -1 -1 -1 -1 -1 -1 -1 -1 -1 530982097 -1 -1 -1 -1 -1 -1 -1 -1
-1 -1 -1 -1 -1 -1 -1 -1 -1 836444765 -1 -1 -1 -1 -1 -1 -1 -1 -1 -1
-1 -1 -1 789920212 -1 -1 -1 165472436 -1 -1 -1 -1 -1 -1 -1 -1 -1 -1 -1 -1
-1 -1 -1 -1 -1 -1 -1 -1 102015631 -1 -1 -1 -1 -1 -1 -1 -1 -1 -1 -1
-1 -1 -1 -1 -1 -1 -1 -1 -1 -1 -1 -1 -1 830223026 -1 -1 -1 -1 -1 -1
-1 -1 -1 -1 -1 -1 -1 -1 -1 -1 -1 -1 -1 -1 -1 -1 -1 996854444 -1 -1
19 9
4 16
13 9
15 7
17 1
14 1
19 11
3 10
13 2
15 1
4 18
15 20
17 9
17 16
12 9
15 2
4 20
12 5
8 16
14 20
13 20
17 18
8 9
13 7
8 11
17 11
6 2
8 18
19 16
4 10
8 5
19 5
19 1
13 18
6 20
3 20
17 5
12 18
8 7
14 5
17 10
12 7
4 9
17 20
3 5
4 11
14 16
13 11
6 11
8 2
6 18
8 20
6 7
4 7
13 1
12 20
4 5
6 16
14 10
14 9
3 2
15 9
8 10
15 10
19 2
15 11
13 16
12 10
19 18
15 5
6 9
17 2
12 1
6 1
8 1
14 2
3 11
4 2
17 7
15 18
19 7
3 9
19 10
6 5
14 11
3 7
15 16
19 20
12 11
14 7
13 10
4 1
12 16
3 1
13 5
14 18
6 10
12 2
3 16
3 18
