4 15
1.440 18.840 1.440 142.120
-92.400 124.000 112.580 124.000
-43.020 -83.660 112.580 -83.660
45.520 165.100 45.520 8.320
-33.490 -97.165 36.480 -97.165
-74.965 -90.385 8.500 -90.385
75.700 -53.390 71.710 -53.390
-54.595 -18.185 13.725 -18.185
44.810 -4.375 46.710 -4.375
0.325 21.310 16.940 21.310
-82.550 33.730 16.810 33.730
-14.855 50.060 67.085 50.060
-86.810 86.575 33.515 86.575
-16.450 96.295 -3.610 96.295
-89.835 96.780 -89.835 -71.825
-43.480 7.440 -43.480 38.260
-32.460 44.005 -32.460 4.810
40.580 20.035 40.580 29.245
77.770 -46.590 77.770 58.860
