18 50
-189.475 -22.100 -189.475 -32.725
29.200 38.450 29.200 -286.050
48.175 38.450 48.175 -286.050
-181.950 -57.300 -181.950 -286.050
-141.500 -277.675 -141.500 -220.575
-26.650 -286.050 -26.650 -214.050
-189.425 38.450 -189.425 -286.050
67.650 -6.075 -446.675 -6.075
25.550 38.450 25.550 -107.525
-212.200 -286.050 -212.200 -142.325
66.950 -18.425 66.950 38.450
-200.875 -286.050 -200.875 38.450
149.700 -131.350 -157.750 -131.350
-383.625 -131.775 149.700 -131.775
149.700 -55.450 122.975 -55.450
-231.350 -183.200 -231.350 -31.175
-33.575 -273.550 130.700 -273.550
-116.625 -257.400 -472.525 -257.400
64.010 52.270 67.035 52.270
-28.450 98.755 -28.450 -96.040
25.255 -8.290 -77.610 -8.290
7.125 8.290 7.125 47.185
-44.240 50.970 72.450 50.970
-19.825 -33.345 72.010 -33.345
-60.295 4.430 -92.630 4.430
46.305 -78.880 46.305 98.035
36.320 -18.165 50.050 -18.165
-23.735 29.670 47.810 29.670
66.420 -29.575 86.620 -29.575
-84.405 30.270 75.230 30.270
21.360 88.075 21.360 -70.730
43.855 -12.355 43.855 -95.525
1.620 56.030 17.620 56.030
-63.345 93.810 -63.345 22.840
-36.180 35.960 -69.825 35.960
-17.295 79.495 -45.785 79.495
-53.540 97.665 71.360 97.665
5.010 -61.785 37.865 -61.785
-26.160 16.640 -26.160 -78.100
50.315 -94.345 50.315 -7.370
6.395 -91.775 6.395 -49.885
17.565 69.865 17.565 -72.830
74.445 28.255 68.880 28.255
6.695 51.880 6.695 57.240
61.545 59.500 71.995 59.500
53.535 55.440 53.535 38.185
16.835 31.875 16.835 -28.580
-30.715 -74.940 -30.715 -35.540
82.435 55.245 82.435 12.265
-66.055 47.980 27.955 47.980
41.685 25.685 -62.820 25.685
-26.170 -13.620 -26.170 -11.495
80.890 17.410 80.890 52.180
-34.545 -13.310 -34.545 -43.715
-16.575 -62.610 -16.575 -51.190
10.490 31.900 -98.075 31.900
-83.355 -58.555 -11.600 -58.555
-81.005 -76.915 11.565 -76.915
93.505 -75.825 93.505 -51.900
25.115 -10.760 25.115 15.620
67.575 25.835 79.775 25.835
-40.610 23.400 91.765 23.400
-24.665 -66.380 -24.665 -18.535
-65.000 -33.430 83.515 -33.430
-65.685 44.590 -49.000 44.590
-60.255 37.465 34.650 37.465
31.785 90.115 31.785 39.655
53.375 22.335 84.855 22.335
