10 41
-141.190 -62.790 -141.190 29.210
-51.390 19.080 -81.950 19.080
-212.380 25.010 -51.390 25.010
-51.390 12.250 -232.530 12.250
-70.370 -2.960 -51.390 -2.960
-124.940 -12.560 -219.840 -12.560
-76.960 41.030 -232.530 41.030
-121.700 86.260 -121.700 -62.790
-114.450 -62.790 -114.450 -45.060
-51.390 -11.810 -214.170 -11.810
35.705 -9.120 -30.360 -9.120
35.165 65.375 35.165 88.230
-74.845 56.940 -74.845 65.430
2.615 0.760 2.615 -86.650
97.905 32.830 18.865 32.830
-46.350 35.795 48.330 35.795
92.385 17.385 -47.245 17.385
-74.100 29.415 53.505 29.415
-38.125 88.500 81.035 88.500
-60.825 -33.210 -30.195 -33.210
72.180 69.495 72.180 4.540
-10.755 37.895 -10.755 -62.180
82.975 71.425 82.975 15.400
56.505 -26.685 -28.775 -26.685
-1.010 94.135 -1.010 -94.965
67.865 -47.685 67.865 -70.265
98.105 -58.800 98.105 56.025
-2.630 17.010 -50.080 17.010
73.280 30.740 73.280 -82.895
97.920 37.440 97.920 -77.565
55.510 -36.450 55.510 -43.545
-95.980 0.640 -99.095 0.640
-75.935 40.830 -75.935 -69.035
60.790 -98.735 -57.575 -98.735
96.975 -68.175 96.975 -7.860
-59.970 -64.515 -59.970 -27.280
59.225 38.145 66.230 38.145
-82.505 -8.100 -82.505 93.240
69.285 13.880 69.285 79.760
-31.250 -49.040 -31.250 -65.605
64.665 21.810 24.655 21.810
77.840 -83.930 23.445 -83.930
91.825 56.680 91.825 93.130
-64.465 -79.495 -64.465 -10.070
68.970 -98.590 21.550 -98.590
-68.505 37.075 -76.140 37.075
85.915 98.100 85.915 48.870
-26.075 95.865 -56.475 95.865
-87.610 -94.520 -87.610 77.945
-88.735 43.805 21.360 43.805
14.630 -79.795 -18.745 -79.795
