12 38
-85.890 68.430 -85.890 -49.020
-3.825 257.895 -3.825 -46.830
-89.190 -49.020 -89.190 152.970
-3.435 -29.340 -48.450 -29.340
-126.645 280.215 -126.645 -49.020
-161.640 273.195 -125.655 273.195
-137.385 -49.020 -137.385 183.390
-161.985 56.790 -116.010 56.790
-114.750 257.670 -114.750 -49.020
-227.655 95.910 -3.435 95.910
-91.485 -43.500 -91.485 61.395
-135.930 -48.315 -135.930 31.170
13.150 -10.825 -2.175 -10.825
7.330 -51.875 38.020 -51.875
-30.320 -43.890 -30.320 -54.075
9.605 89.855 9.605 -86.560
-2.060 61.310 9.935 61.310
-32.255 -7.155 -55.275 -7.155
-61.060 -41.440 -38.615 -41.440
46.915 -55.580 -84.690 -55.580
22.090 21.235 22.090 -60.685
70.065 93.555 70.065 -94.725
21.325 -44.255 21.325 -9.290
-82.745 -63.950 -82.745 -48.335
78.795 -87.695 -62.750 -87.695
-72.410 -95.665 -72.410 -9.370
-9.875 92.970 57.130 92.970
35.670 -39.535 75.160 -39.535
74.685 80.915 74.685 23.750
-42.710 72.060 -42.710 -7.270
83.195 -57.165 97.200 -57.165
6.510 -45.860 6.510 -19.365
6.025 31.375 6.025 -82.930
80.850 18.535 92.880 18.535
-89.690 -93.460 85.705 -93.460
-55.005 -26.005 -55.005 -32.655
-67.665 -88.170 81.050 -88.170
-44.035 1.775 -44.035 -79.620
-63.525 2.215 70.245 2.215
63.525 -37.915 63.525 79.520
-72.035 -10.840 -39.385 -10.840
90.025 -53.815 73.255 -53.815
50.545 56.210 50.545 -45.365
-99.760 -69.230 -10.795 -69.230
63.475 -57.060 63.475 -12.025
13.570 -93.855 13.570 56.135
23.190 -88.820 23.190 -6.945
65.905 -33.430 65.905 -13.880
19.140 63.795 -86.245 63.795
-75.855 -46.965 -11.215 -46.965
