25 44
-8.770 226.430 -8.770 46.770
48.500 230.760 48.500 67.090
-29.240 151.520 -29.240 40.900
-130.710 41.630 16.210 41.630
70.300 78.480 -165.340 78.480
75.070 123.420 75.070 67.650
-60.440 221.030 -60.440 254.520
-100.760 270.740 -76.400 270.740
11.350 261.420 11.350 249.710
40.510 159.140 40.510 222.210
-61.290 68.840 -61.290 185.320
-88.720 83.930 -88.720 40.900
35.970 61.070 41.440 61.070
-103.280 320.110 -155.190 320.110
-111.730 305.620 -111.730 40.900
-62.520 240.390 -21.820 240.390
-118.250 102.200 -0.080 102.200
-177.190 104.440 18.020 104.440
-173.660 174.250 -173.660 337.400
-177.190 335.030 -48.920 335.030
-114.200 200.040 -114.200 148.930
10.520 273.200 10.520 307.090
-158.350 307.430 -158.350 96.920
42.860 214.780 42.860 286.000
-56.490 199.610 -56.490 165.610
87.985 75.145 80.825 75.145
-96.070 67.225 -96.070 16.060
33.565 -61.585 33.565 28.245
-13.690 75.085 -39.645 75.085
-54.700 54.610 -54.700 -90.630
23.330 -9.210 23.330 -87.480
-17.915 67.840 -17.915 -65.820
82.375 75.900 82.375 -4.230
-19.150 -10.505 -19.150 15.050
74.815 92.640 87.960 92.640
-91.440 -83.875 -91.440 -52.095
27.040 35.225 6.690 35.225
-12.430 50.400 -0.250 50.400
46.960 -32.750 -70.720 -32.750
-99.365 -80.150 -99.365 -89.435
43.625 39.885 43.625 45.740
-6.410 -43.005 -6.410 -93.690
46.055 -64.155 -27.405 -64.155
-44.720 -45.730 73.100 -45.730
-32.745 -80.995 -32.745 -77.815
-41.225 -36.510 -41.225 68.745
37.910 -33.870 -21.175 -33.870
-91.035 17.675 -99.320 17.675
7.305 -50.550 7.305 7.690
-68.540 1.420 -68.540 65.185
9.705 14.835 9.705 -2.165
60.530 -92.940 -71.110 -92.940
75.485 -51.145 75.485 -23.260
-81.150 16.485 -81.150 1.285
7.730 42.290 7.730 25.545
59.380 22.420 59.380 58.030
43.210 51.630 43.210 68.575
58.205 26.135 58.205 -5.400
55.935 -54.435 58.670 -54.435
-75.000 -14.700 -75.000 -14.515
87.430 81.305 87.430 42.155
62.200 -51.425 62.200 30.410
-48.880 2.155 -48.880 86.655
14.970 -96.405 88.565 -96.405
-80.445 82.545 13.490 82.545
91.605 29.610 91.605 -10.985
-68.395 -14.160 -68.395 20.825
-61.120 5.530 -61.120 61.370
-96.130 -75.155 26.700 -75.155
