2 15
134.210 236.060 134.210 325.600
125.410 289.420 190.450 289.420
-15.055 -52.500 21.070 -52.500
-22.590 -34.525 64.715 -34.525
-30.645 -13.980 66.615 -13.980
60.045 1.475 -89.395 1.475
-17.125 52.930 96.830 52.930
95.540 81.010 6.115 81.010
-72.645 77.825 -72.645 90.720
-56.595 -80.315 -56.595 -45.030
-14.995 42.055 -14.995 -89.555
-12.725 -98.995 -12.725 80.330
15.150 -81.650 15.150 -18.525
19.040 -54.330 19.040 56.560
57.835 -96.940 57.835 56.290
88.480 2.665 88.480 -88.845
90.830 -79.940 90.830 -85.320
