7 25
164.300 -136.150 167.380 -136.150
164.210 3.590 164.210 -22.330
73.660 -214.930 73.660 -89.210
137.760 -107.980 97.680 -107.980
132.890 -148.150 56.500 -148.150
5.260 -139.280 74.610 -139.280
182.050 -214.930 182.050 -23.790
6.960 -69.410 98.220 -69.410
37.725 -67.090 -86.395 -67.090
89.330 -59.810 -59.440 -59.810
-64.075 -41.880 57.610 -41.880
55.880 3.950 17.685 3.950
-19.170 8.385 26.740 8.385
71.585 9.950 73.125 9.950
58.315 24.035 38.275 24.035
6.245 31.405 -98.110 31.405
84.860 65.690 -92.175 65.690
49.095 78.085 -69.335 78.085
26.350 89.185 71.220 89.185
-94.275 89.935 -94.275 -75.625
-91.140 -71.990 -91.140 -36.245
-85.870 -48.660 -85.870 -92.805
-74.880 -73.895 -74.880 -17.525
-67.760 -36.330 -67.760 14.810
-64.150 57.235 -64.150 -63.505
-53.845 -26.485 -53.845 -18.385
25.250 -15.490 25.250 -30.865
26.265 -50.355 26.265 33.420
42.640 -37.170 42.640 -91.780
71.540 79.820 71.540 66.860
80.460 -54.720 80.460 66.130
81.395 -62.490 81.395 -46.350
