17 47
136.990 -75.160 185.100 -75.160
166.870 -118.540 166.870 -109.360
136.990 2.180 221.350 2.180
235.000 -127.070 136.990 -127.070
234.800 -53.550 302.050 -53.550
191.520 -61.150 219.430 -61.150
188.260 -154.100 188.260 -18.370
232.450 -145.340 136.990 -145.340
263.000 -75.260 315.860 -75.260
203.590 -154.100 203.590 -59.970
277.340 -112.730 315.860 -112.730
303.800 -14.060 303.800 11.740
136.990 -5.320 154.290 -5.320
225.330 -45.690 187.230 -45.690
200.510 -29.140 200.510 -91.280
304.200 -110.450 136.990 -110.450
270.780 -49.410 270.780 -154.100
52.160 -87.550 52.160 -57.325
26.730 14.315 40.685 14.315
0.070 69.825 0.070 64.945
-34.275 -32.585 -29.180 -32.585
34.455 70.895 -47.570 70.895
-46.865 75.570 76.375 75.570
-76.325 83.490 -76.325 -76.665
77.345 -93.315 73.755 -93.315
-72.585 -3.070 -72.585 34.275
19.620 -92.135 59.790 -92.135
69.640 -11.475 89.915 -11.475
32.765 -78.245 32.765 14.905
-65.375 87.935 -79.510 87.935
49.390 84.510 -38.320 84.510
82.870 78.875 82.870 37.860
24.685 -83.585 33.700 -83.585
-79.270 93.850 -79.270 27.430
-1.690 -27.780 47.195 -27.780
48.470 -18.645 -37.170 -18.645
41.790 65.400 41.790 74.805
-77.015 23.020 -19.280 23.020
31.225 -0.750 31.225 30.320
8.115 42.230 -79.455 42.230
-55.960 7.310 23.520 7.310
14.405 -14.380 14.405 -9.790
-15.385 -69.010 -15.385 -9.585
-47.885 -57.455 -47.885 -4.940
66.360 20.185 66.360 -81.140
95.245 -42.880 95.245 -38.745
-64.625 -62.080 -64.625 -52.950
-13.630 -97.375 -54.590 -97.375
-38.090 68.575 28.115 68.575
-25.065 -63.230 -25.065 87.350
-12.040 -13.315 -12.040 -10.735
-30.810 34.880 -30.810 81.785
43.635 22.045 24.585 22.045
48.370 18.115 81.995 18.115
62.470 7.260 96.550 7.260
-58.865 73.940 58.005 73.940
83.070 -10.335 -21.095 -10.335
-97.195 -56.365 -97.195 57.005
94.105 -31.220 94.105 25.405
41.645 45.980 -0.685 45.980
25.100 35.705 25.100 -36.735
65.055 51.645 -33.425 51.645
44.510 -92.345 20.535 -92.345
80.740 86.050 -61.580 86.050
