17 34
-16.860 -69.500 -16.860 -178.420
-206.510 -178.420 -206.510 -69.500
-163.240 -145.390 -163.240 -178.420
-217.370 -69.500 -217.370 -77.310
-253.430 -69.500 -253.430 -174.430
-355.550 -69.500 -355.550 -178.420
-189.860 -141.080 -189.860 -178.420
-307.770 -69.500 -307.770 -130.840
-257.460 -178.420 -257.460 -69.500
-258.070 -69.500 -258.070 -178.420
-166.350 -158.630 -166.350 -170.870
-336.790 -98.000 -120.880 -98.000
-192.880 -107.510 -190.310 -107.510
-41.200 -69.500 -41.200 -115.010
-324.990 -69.500 -324.990 -178.420
-300.740 -85.440 -300.740 -153.060
-116.390 -69.500 -116.390 -178.420
21.360 43.465 -30.050 43.465
41.985 21.745 41.985 11.755
-17.995 69.110 -17.995 46.480
9.055 -63.740 9.055 -30.725
70.075 -15.535 70.075 58.175
-20.190 59.600 24.750 59.600
-71.820 -79.840 -71.820 68.905
7.500 -43.465 7.500 -37.345
-63.210 -23.450 -63.210 55.740
61.835 -53.525 34.000 -53.525
-59.695 -0.750 -59.695 -34.560
82.245 -94.845 82.245 19.930
-94.725 -97.490 -94.725 -93.695
34.545 46.100 -73.555 46.100
32.480 -84.025 32.480 20.935
-38.360 55.545 -38.360 -49.565
-21.780 39.250 -46.610 39.250
-81.250 44.965 -28.025 44.965
-36.040 -45.245 -36.040 77.200
30.235 -7.030 -77.720 -7.030
-37.110 -97.035 -87.705 -97.035
-12.580 93.935 -12.580 -64.380
-8.245 -92.045 -90.870 -92.045
-87.100 64.405 -87.100 -48.865
-18.010 3.315 -18.010 89.650
-91.045 39.050 -91.045 -5.840
-4.255 -28.570 -4.255 -81.190
-38.055 -51.915 -38.055 12.205
91.085 -58.460 72.945 -58.460
-4.920 93.565 -4.920 18.090
-4.480 -11.785 -5.765 -11.785
-47.570 -71.035 -81.225 -71.035
48.665 70.190 48.665 45.965
92.595 79.465 92.595 -42.265
