21 35
71.500 341.525 -230.225 341.525
-268.300 530.750 -32.375 530.750
-70.700 48.925 -70.700 116.100
-42.625 353.650 -141.175 353.650
-160.650 346.725 -268.300 346.725
28.650 -222.250 28.650 200.500
-34.900 204.300 -251.525 204.300
-149.450 348.750 -192.900 348.750
-190.100 328.100 -190.100 -80.125
6.000 147.525 -3.800 147.525
42.675 211.075 42.675 207.275
-241.250 511.275 -268.300 511.275
87.550 616.650 87.550 467.275
-169.850 634.400 -57.200 634.400
220.075 324.725 -185.225 324.725
161.350 626.475 161.350 303.800
-180.900 659.300 -180.900 198.075
-106.225 17.375 -242.350 17.375
83.925 646.450 -268.300 646.450
-268.300 413.950 192.500 413.950
32.025 206.700 32.025 242.425
-86.235 -20.125 -86.235 95.305
41.415 -6.780 41.415 -91.330
-10.360 21.425 49.985 21.425
-2.895 22.870 5.795 22.870
34.925 -17.375 36.885 -17.375
-54.595 -48.605 -54.595 -29.065
-67.315 42.540 -26.865 42.540
80.240 18.065 -1.360 18.065
14.440 -43.405 -12.785 -43.405
42.090 1.605 42.090 -5.540
-76.695 59.270 29.210 59.270
53.195 76.450 53.195 46.575
-45.225 -97.795 -79.005 -97.795
-52.320 -13.305 -52.320 65.910
-54.915 89.120 -54.915 -25.110
52.470 82.410 -24.450 82.410
-38.620 3.020 -38.620 -96.585
-59.365 40.970 -59.365 9.300
66.900 -99.620 94.720 -99.620
-59.650 -66.375 -59.650 85.815
67.955 78.415 67.955 13.880
27.160 23.850 7.450 23.850
1.715 80.000 24.245 80.000
44.220 -5.425 44.220 -4.665
-57.090 6.075 -57.090 -97.205
-2.335 18.740 -2.335 -62.905
-14.620 -6.020 28.705 -6.020
-64.155 -98.340 -64.155 35.325
-0.495 90.670 -0.495 -7.265
74.185 35.910 -95.265 35.910
-95.990 -81.970 -95.990 10.525
-52.090 -76.295 -52.090 32.350
-71.105 55.375 -12.565 55.375
3.555 22.465 -43.750 22.465
21.545 -23.660 21.545 -37.095
