10 29
-223.625 62.675 -56.450 62.675
-78.325 -232.625 -78.325 -154.425
-223.625 -209.700 -56.450 -209.700
-165.050 -19.925 -56.450 -19.925
-223.625 -252.725 -183.325 -252.725
-212.450 -252.525 -147.500 -252.525
-174.850 -16.800 -108.250 -16.800
-223.625 236.400 -56.450 236.400
-191.375 -126.175 -191.375 -232.550
-223.625 -184.900 -195.300 -184.900
30.920 -89.325 14.410 -89.325
-16.250 -87.050 34.650 -87.050
-53.035 -78.785 -51.015 -78.785
79.360 -67.870 -23.250 -67.870
-5.205 -59.725 18.360 -59.725
12.535 -59.685 25.525 -59.685
-32.100 -52.585 -76.570 -52.585
91.645 -52.250 45.360 -52.250
-90.475 -51.120 72.140 -51.120
50.580 -47.135 38.110 -47.135
-15.855 -46.160 15.965 -46.160
22.015 -13.165 95.345 -13.165
20.055 -12.540 33.375 -12.540
-80.000 3.355 83.595 3.355
-67.980 22.730 8.680 22.730
-5.960 38.100 89.855 38.100
-89.595 85.425 48.135 85.425
-94.970 89.405 78.835 89.405
-88.575 -60.685 -88.575 24.830
-86.945 43.930 -86.945 -23.790
-21.985 84.235 -21.985 -79.425
7.970 -35.025 7.970 48.915
11.645 51.490 11.645 -97.685
16.750 -34.415 16.750 -55.690
27.710 79.785 27.710 -31.010
39.360 -55.705 39.360 -40.065
79.595 47.995 79.595 73.135
90.620 45.670 90.620 67.945
91.805 13.915 91.805 -66.495
