5 34
-114.775 139.000 62.950 139.000
62.950 273.000 -114.775 273.000
54.825 158.875 54.825 39.425
20.400 247.050 -114.775 247.050
62.950 504.500 -114.775 504.500
48.890 40.880 48.890 -60.555
37.435 -70.060 -25.505 -70.060
68.600 -26.085 68.600 74.290
12.660 -22.645 12.660 -83.455
-11.290 95.400 -11.290 77.690
-82.660 -78.275 -18.785 -78.275
34.815 -24.090 34.815 63.975
-93.695 35.245 -93.695 -59.535
98.105 -5.425 98.105 -87.495
-25.515 -21.000 -84.640 -21.000
98.260 -78.905 98.260 -73.325
55.805 2.960 55.805 -91.470
17.350 -97.870 49.030 -97.870
-34.195 21.695 -34.195 74.540
-57.525 -5.010 5.775 -5.010
54.650 -62.555 65.830 -62.555
50.670 46.480 -76.020 46.480
42.510 56.065 42.510 -61.410
84.245 -15.960 84.245 51.095
73.815 -79.415 24.530 -79.415
-12.520 86.830 -12.520 98.830
-25.905 -83.535 -25.905 36.800
33.490 -50.725 33.490 -58.395
74.915 -26.620 -65.640 -26.620
27.510 44.545 27.510 -36.670
92.950 -36.820 92.950 -19.245
42.215 13.170 42.215 -70.740
27.155 0.180 -61.505 0.180
50.320 5.140 50.320 68.540
-22.405 -99.775 20.425 -99.775
98.640 -36.575 55.755 -36.575
83.585 81.470 74.915 81.470
-45.125 61.130 -91.805 61.130
-22.130 33.345 -22.130 -76.450
