21 43
-284.900 315.150 -663.950 315.150
-700.875 286.325 -700.875 419.750
-746.450 426.450 -746.450 299.250
-802.450 259.350 -802.450 226.900
-724.075 396.150 -724.075 190.975
-21.325 426.450 -21.325 190.975
-100.625 279.350 -548.250 279.350
-247.950 414.525 -746.175 414.525
-523.775 190.975 -523.775 426.450
-791.450 289.225 -791.450 331.750
-348.975 205.325 -178.600 205.325
-453.350 426.450 -453.350 190.975
0.300 319.150 -472.375 319.150
-37.675 199.800 -37.675 190.975
-395.600 426.450 -395.600 396.975
-75.675 190.975 -75.675 426.450
-185.350 410.000 -185.350 426.450
-540.925 426.450 -540.925 266.000
-603.550 364.775 -603.550 190.975
-530.900 355.250 -530.900 259.000
-335.475 426.450 -335.475 305.275
72.935 -86.295 74.100 -86.295
91.570 -6.925 91.570 -12.565
48.940 69.405 -13.340 69.405
58.535 79.055 58.535 -60.110
81.175 22.135 -75.785 22.135
-46.155 -48.055 62.980 -48.055
-71.145 4.685 -71.145 -76.760
-58.760 -79.065 47.785 -79.065
97.095 -66.760 27.905 -66.760
-79.495 -57.700 47.600 -57.700
-66.505 -17.280 -66.505 9.405
-76.230 37.535 -8.495 37.535
-86.820 -29.165 -86.820 -22.675
86.735 16.600 -16.195 16.600
89.945 -79.440 20.370 -79.440
37.950 -33.480 3.875 -33.480
47.060 61.895 -12.990 61.895
-32.510 -22.745 -32.510 -3.495
-17.000 56.705 -17.000 -73.460
78.390 43.370 -48.100 43.370
93.190 -96.520 93.190 53.550
-75.565 8.360 24.080 8.360
16.690 -11.515 -59.120 -11.515
36.600 7.455 36.600 55.385
-84.620 -16.700 -84.620 -8.195
41.045 -74.715 71.110 -74.715
53.545 -18.675 -35.980 -18.675
67.485 13.730 67.485 55.160
-75.620 53.010 -75.620 -14.695
6.575 -13.490 6.575 66.495
78.900 6.970 78.900 8.840
78.060 -10.715 -20.805 -10.715
-97.875 68.380 -97.875 84.945
-47.040 -41.850 -47.040 -1.590
-31.085 -88.340 -31.085 53.915
85.025 58.975 20.840 58.975
-15.880 79.605 -39.555 79.605
66.135 -34.585 66.135 -99.005
-34.515 95.370 -34.515 -21.345
69.405 90.715 69.405 -54.060
-5.450 58.465 -5.450 4.850
57.615 -39.630 -84.875 -39.630
4.120 35.465 -26.860 35.465
