29 48
193.710 322.140 193.710 392.790
165.360 288.645 -53.880 288.645
-60.240 162.675 255.705 162.675
137.385 335.355 137.385 329.220
216.480 267.960 -60.240 267.960
-60.240 94.710 197.850 94.710
-60.240 179.070 108.030 179.070
178.950 246.300 -40.695 246.300
255.705 212.970 -60.240 212.970
110.535 257.910 110.535 185.430
25.725 -32.220 25.725 107.850
94.005 137.655 94.005 152.055
36.960 46.650 255.705 46.650
225.975 390.450 225.975 -32.220
-60.240 310.470 62.745 310.470
41.235 146.205 41.235 17.325
54.585 248.925 54.585 392.790
151.725 156.330 -60.240 156.330
189.450 291.840 189.450 35.190
-28.815 392.790 -28.815 373.800
91.125 314.655 -60.240 314.655
252.480 280.965 252.480 392.790
65.835 27.045 65.835 43.395
-55.635 375.300 -55.635 74.970
58.830 81.555 58.830 263.190
-19.590 139.845 -60.240 139.845
212.280 -32.220 212.280 129.165
-9.660 172.680 -9.660 392.790
232.185 95.655 232.185 45.930
-94.785 -6.150 -94.785 -2.040
24.150 6.385 24.150 64.340
41.965 -16.900 -35.400 -16.900
26.870 26.900 -68.060 26.900
-60.845 28.270 -60.845 94.955
-37.830 -6.380 -35.215 -6.380
42.800 9.380 42.800 -14.780
81.280 53.560 81.280 -97.000
-12.590 48.510 -12.590 -51.600
-82.465 41.445 -47.220 41.445
-20.585 -17.285 -20.585 -43.730
98.260 -61.040 18.275 -61.040
61.075 19.625 -12.005 19.625
-36.095 -1.765 -36.095 80.930
70.525 78.280 70.525 30.790
-28.615 15.680 -98.120 15.680
25.565 11.140 25.565 -49.405
97.635 -22.365 -42.835 -22.365
-63.675 81.310 16.480 81.310
-23.140 74.820 -98.710 74.820
27.900 -62.125 27.900 -67.575
69.105 -64.860 69.105 20.690
-3.650 48.010 -3.650 54.590
-14.240 27.195 -14.240 6.285
90.115 75.720 90.115 17.065
76.715 -88.570 76.715 -33.535
16.260 98.495 16.260 81.595
19.700 -27.855 19.700 -70.815
14.530 -89.660 14.530 -40.640
51.750 35.195 51.750 33.150
78.115 12.730 -30.885 12.730
36.330 28.295 -75.060 28.295
2.735 56.045 2.735 -19.030
56.530 -24.480 -64.720 -24.480
-39.635 66.825 -39.635 22.150
-99.830 -18.500 -99.830 93.840
81.925 79.200 -30.300 79.200
-7.610 5.510 65.605 5.510
-92.340 -29.975 -0.575 -29.975
92.785 -5.600 -59.425 -5.600
-81.595 -59.525 -81.595 -36.170
-95.735 -0.915 -98.740 -0.915
83.350 -44.705 83.350 -61.280
-76.035 -51.495 -36.445 -51.495
-20.470 85.005 -20.470 80.070
-89.295 -45.020 71.905 -45.020
37.290 -25.905 37.290 -30.705
-86.005 64.530 -86.005 -49.525
