14 41
242.770 -97.100 242.770 -158.370
164.490 -158.370 164.490 -97.100
254.790 -136.070 248.000 -136.070
141.020 -118.540 141.020 -158.370
139.840 -97.100 139.840 -105.640
116.310 -144.310 116.310 -158.370
96.620 -158.370 96.620 -97.100
98.360 -97.100 98.360 -157.010
201.810 -151.300 110.830 -151.300
184.030 -158.370 184.030 -97.380
124.370 -158.370 124.370 -97.100
41.450 -154.780 29.290 -154.780
15.910 -97.100 15.910 -158.370
-9.820 -97.100 -9.820 -158.370
-69.660 -69.140 27.375 -69.140
80.910 10.830 80.910 -44.830
13.365 -72.120 5.285 -72.120
-91.465 23.260 -91.465 43.865
89.680 -37.310 66.170 -37.310
47.100 -80.545 47.100 90.295
74.685 -61.680 74.685 -22.490
-25.975 -50.085 -25.975 85.610
-12.100 -85.485 -12.100 92.395
22.750 38.860 -75.775 38.860
26.620 -18.760 -18.870 -18.760
75.030 -39.000 75.030 2.620
-59.640 -20.500 -53.560 -20.500
63.830 17.540 63.830 83.070
-68.835 -95.275 -68.835 -87.185
91.355 -11.705 91.355 -38.780
-79.195 50.950 -79.195 -41.775
-71.670 -22.595 79.775 -22.595
-66.330 35.630 -66.330 -56.885
49.715 -11.145 53.110 -11.145
92.045 -92.790 9.375 -92.790
-98.460 40.345 -1.420 40.345
53.905 10.190 54.610 10.190
17.730 8.200 17.730 -59.635
66.295 -6.295 81.125 -6.295
-77.380 -95.265 96.895 -95.265
-25.105 -21.615 -25.105 80.960
-55.290 71.555 -4.870 71.555
-16.130 -37.155 -16.130 -15.265
-4.365 4.070 -4.365 90.375
7.960 69.745 7.960 -47.570
1.750 49.975 -62.915 49.975
-32.970 37.365 -22.170 37.365
45.135 74.705 -17.900 74.705
-32.965 -46.835 -55.310 -46.835
-96.700 88.215 -96.700 -95.855
-74.795 -62.120 -5.865 -62.120
-22.380 81.535 -22.380 23.490
94.235 -18.035 94.235 -82.075
-23.420 -96.815 -23.420 -56.340
-3.775 -2.380 -3.775 -71.285
