100 100 100
24 77 43 100 25 30 52 29 68 99 58 42 51 53 50 1 92 12 15 54 11 43 54 29 65 16 14 50 25 43 55 18 41 13 85 50 29 64 64 98 88 1 87 44 39 19 21 13 98 6 47 90 71 38 36 91 98 93 18 4 31 66 53 20 98 55 29 75 84 62 14 55 25 99 51 91 49 57 25 2 19 6 69 41 88 56 29 56 36 86 1 30 55 2 76 16 38 32 62 11
48 82 56 75 39 89 12 22 17 16 13 98 32 44 9 75 70 53 17 65 60 87 52 88 73 46 64 77 2 14 90 33 89 13 40 91 58 19 16 18 60 73 46 50 72 69 82 72 7 53 87 45 41 32 79 80 74 60 93 99 88 22 3 21 17 48 23 26 3 21 100 35 5 70 84 69 39 75 57 18 1 80 33 49 48 45 10 47 57 71 42 40 94 97 14 32 22 73 97 29
89 40 16 100 56 85 59 85 26 76 90 72 95 86 45 21 76 62 25 72 67 36 60 41 44 57 55 98 40 10 58 3 24 38 39 17 98 92 3 90 88 98 21 68 50 27 24 92 49 36 92 45 59 13 99 73 56 72 10 54 49 46 5 13 17 56 99 63 58 97 19 65 5 19 46 14 96 55 34 55 19 1 30 62 33 59 47 61 44 24 18 13 7 32 40 10 31 91 38 22
76 75 17 82 58 66 44 60 51 22 79 57 35 75 48 96 1 62 64 56 15 51 69 27 18 86 33 71 95 13 93 85 37 62 3 100 18 10 53 91 39 45 67 71 4 56 38 23 88 78 10 64 74 32 73 87 92 59 93 64 63 84 16 49 36 98 26 8 85 45 23 74 95 74 5 60 30 94 48 62 29 60 16 17 16 67 63 93 59 99 32 80 89 74 47 90 81 82 1 81
88 42 62 42 99 90 74 9 10 51 9 42 68 26 51 5 37 68 55 86 86 22 29 36 16 5 45 51 56 20 82 20 49 57 32 42 79 74 90 98 39 77 75 26 66 30 51 37 90 99 84 50 22 40 38 35 85 16 23 88 94 43 23 17 23 26 80 92 72 72 5 94 1 63 84 91 90 18 92 19 21 4 76 68 93 33 9 42 99 59 14 94 2 88 17 19 19 69 37 48
24 98 74 53 16 57 29 16 20 44 49 11 45 11 5 41 38 13 35 45 18 69 36 5 33 17 92 98 47 54 24 79 34 63 91 29 25 82 90 26 85 87 36 97 63 64 36 68 38 56 76 55 71 64 61 64 17 95 48 19 10 65 13 25 35 7 82 91 35 16 63 81 20 27 71 51 45 19 17 62 23 7 27 4 40 11 15 52 33 86 85 2 36 3 64 65 13 41 12 38
79 82 35 52 41 11 39 8 50 52 51 7 96 72 22 89 76 26 8 29 66 87 74 90 86 82 56 88 95 7 17 92 52 88 43 83 72 53 96 22 2 88 28 26 41 92 31 58 52 5 73 22 18 56 24 52 79 99 87 89 22 12 1 29 10 23 79 60 54 60 69 42 18 61 54 51 87 8 27 50 74 65 26 71 96 23 47 47 32 71 11 69 9 60 71 54 5 57 55 4
2 44 20 35 45 29 94 92 41 58 18 66 73 32 7 89 56 46 55 24 19 88 97 8 52 23 5 91 82 11 99 18 45 13 15 65 55 94 60 58 87 80 16 57 41 83 40 28 67 83 32 91 14 32 5 85 59 5 49 59 84 53 99 8 54 75 23 86 85 42 56 40 54 77 4 4 35 83 32 47 71 56 65 11 81 61 79 28 83 11 88 31 43 4 54 18 13 71 16 72
30 7 2 95 85 16 68 11 38 70 85 83 27 59 12 5 46 53 82 34 51 39 73 38 60 62 57 5 50 71 34 55 50 7 5 30 96 67 26 69 26 5 45 7 100 43 99 52 35 63 35 43 8 90 98 37 90 45 52 65 74 80 56 28 98 41 26 51 87 97 7 62 40 29 16 36 72 64 55 89 31 67 6 66 4 33 85 39 89 83 35 97 68 3 32 71 21 89 13 42
31 38 3 36 79 29 56 93 98 74 79 75 11 20 87 92 5 30 99 49 38 58 53 46 96 74 76 23 95 83 34 61 51 86 45 84 7 12 8 7 83 93 9 95 82 60 54 81 19 14 72 95 44 65 80 95 99 95 45 12 24 35 40 5 76 41 35 33 13 32 99 82 70 69 83 20 80 74 70 99 68 82 40 92 15 83 34 1 96 100 94 28 41 41 73 12 17 63 43 92
84 92 46 29 87 54 43 87 65 34 53 25 82 61 75 52 48 74 60 63 19 55 53 44 5 77 91 62 94 48 10 36 96 76 53 1 2 64 35 48 66 89 5 5 41 78 52 4 38 13 86 86 9 59 16 63 73 3 75 7 7 24 44 91 62 88 72 89 32 11 71 50 66 73 15 100 31 95 17 76 5 60 28 82 21 39 84 11 28 27 25 41 33 16 60 41 80 8 46 26
68 12 41 98 46 71 27 69 18 71 16 44 1 23 53 6 51 29 61 68 46 41 25 67 63 50 8 64 17 36 5 19 14 9 95 19 48 47 36 53 49 62 69 14 71 90 50 82 12 56 19 7 35 18 82 23 93 15 74 25 98 88 95 49 87 15 95 30 42 82 24 63 45 60 30 49 54 69 59 48 22 80 2 28 28 12 53 94 40 36 79 14 45 60 17 3 14 7 99 74
28 6 25 52 73 53 90 67 19 80 44 77 84 61 53 82 56 97 51 35 23 99 51 47 37 96 27 47 99 27 71 52 64 65 96 79 81 29 8 77 60 28 17 20 7 91 58 50 75 55 42 43 78 62 18 96 86 60 64 46 59 17 13 52 72 53 45 45 89 76 17 46 72 63 46 31 81 94 99 31 70 60 74 21 86 76 79 20 97 29 90 78 57 84 28 57 68 80 99 58
70 46 49 66 68 22 82 42 5 94 33 86 88 94 89 82 2 92 68 7 69 93 51 63 97 99 23 35 30 72 8 65 67 91 40 19 66 22 70 90 59 80 83 30 5 91 9 77 98 64 91 2 30 30 48 88 32 4 7 51 96 71 70 23 40 96 65 75 41 61 66 87 68 6 15 40 89 66 79 99 19 7 89 5 37 62 1 22 25 34 60 57 33 100 6 95 26 75 34 98
93 57 86 52 31 25 55 80 73 19 95 48 24 37 73 39 5 63 82 69 80 25 66 28 38 31 92 50 36 77 57 41 91 37 61 78 28 58 8 37 49 62 9 63 49 2 93 89 14 19 50 8 53 13 76 33 34 20 20 99 67 51 19 15 57 16 45 64 52 87 42 23 3 91 57 60 78 82 95 58 73 72 18 95 5 98 47 64 37 71 37 27 53 76 4 89 50 56 44 51
38 98 33 44 85 86 62 29 36 57 5 11 81 5 55 23 79 48 4 100 28 36 77 94 76 63 35 87 15 100 15 22 66 6 57 57 6 39 1 95 26 3 9 35 34 54 43 60 96 27 9 81 81 83 58 31 99 26 38 92 66 44 38 98 29 58 61 17 70 62 70 65 1 68 35 7 93 3 86 17 51 68 26 5 34 96 21 78 91 72 7 77 6 60 13 75 98 4 62 62
78 11 85 81 51 25 81 31 8 20 14 75 56 33 93 57 15 43 57 85 3 76 7 73 36 8 55 56 53 55 12 60 57 62 82 59 50 16 46 98 62 85 1 26 63 83 44 83 51 73 48 69 63 16 6 1 51 60 5 17 23 23 3 32 32 4 16 60 82 82 33 25 96 98 80 32 73 83 57 83 94 48 56 29 44 63 8 5 75 72 87 80 10 20 91 94 17 75 65 48
9 64 47 51 48 39 35 32 29 55 6 85 60 81 35 99 28 57 88 88 56 84 45 66 1 54 75 49 94 64 19 62 69 32 64 9 49 36 6 40 19 29 8 68 94 5 23 55 14 2 23 10 11 80 43 10 85 33 84 58 3 76 31 51 50 24 64 18 27 1 81 73 44 95 46 8 63 27 76 82 39 70 93 89 11 65 33 50 72 1 90 72 10 26 1 66 78 79 62 27
3 95 3 26 15 43 74 2 3 74 76 4 25 30 50 30 60 89 50 66 77 62 97 4 49 17 48 4 95 28 75 35 92 60 6 32 88 64 14 6 75 24 86 52 99 48 46 100 87 86 51 15 96 24 81 17 12 67 49 32 89 9 60 39 74 54 4 98 99 78 27 63 65 68 89 66 69 93 37 52 19 6 48 57 70 56 17 4 13 75 33 27 54 21 75 23 54 51 1 9
25 4 9 78 28 77 22 92 92 66 50 37 8 47 37 27 50 28 23 45 6 21 10 41 100 64 12 26 99 41 87 84 26 100 28 74 5 77 45 16 95 97 14 53 35 55 33 2 32 78 13 47 30 68 80 93 14 34 5 81 5 63 5 56 36 81 83 72 38 71 65 66 54 16 61 96 11 96 6 65 57 72 12 2 26 98 1 52 61 63 52 11 29 36 82 61 1 31 16 11
62 79 48 43 26 21 63 19 40 81 46 73 12 44 8 36 21 38 43 53 83 79 26 97 90 98 71 42 80 2 1 24 6 73 8 90 74 42 88 62 87 70 94 25 61 60 96 86 47 33 68 77 3 78 100 75 32 100 4 52 77 43 51 99 29 69 50 57 74 69 47 24 79 38 46 94 45 86 38 91 88 9 86 43 18 20 83 72 31 78 73 50 73 64 46 51 47 36 30 65
51 100 85 30 40 79 50 24 19 53 36 41 65 39 66 12 74 98 90 8 92 80 49 37 27 50 73 81 44 88 24 12 36 26 50 59 18 36 9 70 15 21 91 52 53 83 23 83 26 70 3 92 10 6 98 16 44 78 86 84 61 94 60 38 73 3 26 16 26 29 76 56 42 54 11 97 92 46 67 1 6 93 8 24 78 4 98 72 70 58 75 13 1 98 53 86 18 23 69 97
3 99 27 88 55 12 71 40 19 18 88 46 95 92 95 59 51 70 18 24 3 35 69 43 96 65 40 77 40 74 34 53 18 100 90 71 86 55 17 100 25 36 99 73 48 53 57 14 9 16 46 2 15 86 32 39 7 41 41 35 18 12 51 60 65 69 13 88 47 75 99 90 38 21 96 15 33 66 53 92 96 7 21 75 52 18 63 93 53 20 100 63 9 89 14 19 70 58 28 97
95 64 34 45 75 39 99 7 31 50 53 58 85 81 73 53 44 70 36 84 18 45 9 33 80 93 60 22 53 4 22 26 29 42 78 26 83 12 79 62 97 56 55 28 7 35 48 20 66 84 53 84 47 75 51 63 79 8 57 48 24 21 36 48 61 69 23 80 2 71 94 64 3 70 100 81 90 10 11 35 67 63 59 23 79 52 60 38 62 19 44 38 61 11 98 7 48 30 64 84
5 100 86 40 93 7 28 17 59 28 18 95 10 79 2 50 46 67 22 56 2 40 66 88 100 20 20 22 25 79 30 34 55 94 88 22 96 19 83 30 29 31 41 40 35 68 30 80 76 24 78 89 78 89 36 17 39 82 1 86 73 1 26 85 76 71 16 51 79 18 81 97 12 74 71 17 63 98 94 43 62 79 55 13 50 76 36 69 4 40 95 98 82 49 53 18 24 58 73 75
59 84 5 61 17 24 89 78 88 37 88 31 55 36 35 79 87 19 82 13 51 57 40 67 54 6 86 68 16 99 85 17 27 65 8 52 11 39 96 52 21 85 66 93 100 47 48 79 40 60 68 41 26 79 29 8 4 55 68 96 59 58 58 70 23 5 82 22 90 18 74 75 47 6 25 69 4 48 15 14 1 45 48 100 43 97 74 42 57 10 14 53 94 76 57 73 27 48 87 84
78 13 95 54 32 100 97 54 71 23 76 56 43 17 20 67 37 55 75 65 52 86 5 48 20 11 30 35 36 71 87 6 32 24 21 74 83 95 49 100 65 4 91 20 80 52 14 69 13 9 47 48 1 95 97 44 65 36 48 40 21 12 45 47 95 99 26 90 56 56 87 89 11 75 3 59 43 89 99 95 61 99 63 99 33 48 78 34 53 11 33 47 98 16 35 55 12 38 79 35
16 41 53 18 96 33 14 68 69 38 78 24 8 49 15 72 19 91 8 30 33 73 59 88 96 88 59 8 86 85 28 45 42 80 56 18 68 56 74 52 44 70 61 26 35 95 47 24 7 99 14 3 52 76 55 68 90 66 62 99 49 5 45 67 86 63 44 99 4 42 88 87 95 89 22 90 92 94 91 90 93 16 66 82 82 90 37 3 28 88 87 19 93 8 54 86 85 16 100 5
75 33 48 20 31 100 10 38 50 44 63 72 50 15 62 50 96 1 5 13 43 25 20 14 43 55 66 97 14 30 14 33 13 91 98 79 2 5 9 74 45 66 66 54 93 34 75 52 53 11 15 56 6 76 75 84 78 55 11 65 97 60 72 3 15 59 37 61 7 73 39 97 42 61 25 21 87 82 12 87 13 35 6 71 5 79 45 26 46 66 39 33 3 28 3 62 100 92 14 38
19 4 55 64 100 43 16 37 2 27 55 80 97 41 7 100 37 65 50 56 84 30 18 82 10 21 71 11 20 100 69 57 24 31 19 18 3 78 35 69 24 42 82 79 83 8 98 91 77 34 22 81 59 1 42 35 9 27 40 77 88 38 58 71 21 52 25 100 36 81 33 62 53 61 78 87 18 2 47 69 77 18 57 2 35 85 18 89 69 62 14 45 74 10 57 7 18 33 6 34
38 79 12 31 91 86 99 69 35 2 74 34 37 13 54 6 1 5 41 48 36 46 96 23 49 4 97 2 4 68 98 39 17 54 94 1 96 51 33 76 68 36 50 21 66 15 18 74 44 60 28 55 37 59 99 74 42 24 28 96 10 87 72 24 70 65 56 35 96 54 75 21 12 80 4 11 19 52 25 77 40 72 15 63 73 53 31 22 11 86 52 72 12 84 6 88 23 56 58 74
65 62 55 3 88 31 48 23 29 52 15 76 1 8 90 63 26 8 44 80 7 26 94 55 66 21 10 20 35 51 52 30 61 2 39 47 78 59 82 50 38 8 4 23 60 16 60 56 90 5 53 84 46 93 94 72 5 21 65 35 87 26 1 22 79 8 32 36 60 57 90 96 4 10 7 93 84 32 23 49 1 54 16 29 69 85 47 64 41 76 23 70 57 37 98 78 64 39 38 11
10 65 79 32 59 84 9 87 98 100 25 55 9 1 87 68 79 51 39 42 96 10 4 88 20 56 83 100 71 23 68 100 58 40 43 43 81 52 3 60 21 52 35 29 40 56 31 40 77 20 36 59 4 11 67 6 76 71 16 61 64 20 68 58 70 84 56 16 96 36 78 29 37 1 5 100 2 29 8 14 53 38 27 74 76 35 5 4 22 86 45 12 23 22 84 98 2 51 87 15
36 90 65 97 54 41 78 72 41 26 22 46 29 99 20 20 72 2 51 77 81 22 6 43 69 53 5 19 72 43 83 14 15 68 95 93 45 81 48 20 87 57 8 83 57 13 42 41 25 64 35 54 6 77 82 82 37 38 19 50 94 46 54 87 23 88 35 4 9 50 61 29 16 93 39 30 11 6 43 16 50 42 61 14 43 4 82 2 72 95 82 39 76 27 54 54 31 36 26 76
6 54 50 90 74 5 27 14 65 21 89 34 4 82 71 62 34 36 34 15 96 49 57 60 88 65 28 8 84 27 76 70 29 19 35 36 59 99 16 24 86 78 1 26 57 37 39 29 19 20 50 4 47 53 10 12 60 62 40 49 9 77 61 16 25 15 92 71 46 10 58 35 3 52 19 61 55 56 78 68 24 19 61 98 69 25 39 17 87 97 74 84 74 2 29 62 74 32 76 42
20 74 37 48 39 65 71 50 94 17 40 91 79 83 57 96 20 83 17 88 22 66 34 93 64 14 99 79 17 9 69 37 44 91 76 86 78 20 4 46 8 2 41 97 3 3 8 39 38 77 16 92 80 13 7 66 1 93 56 32 89 30 69 49 94 29 100 66 100 37 16 73 15 89 5 79 81 26 39 74 35 93 15 26 5 2 74 64 59 51 92 41 18 30 29 82 54 85 5 60
14 17 29 30 7 56 55 52 88 78 98 58 37 41 27 73 1 5 27 26 54 65 99 17 64 95 20 43 25 57 23 31 55 78 80 57 22 46 88 24 96 34 81 19 14 71 37 74 37 51 18 26 13 77 9 28 12 92 36 49 82 10 54 32 20 53 96 4 10 67 69 25 74 86 75 28 49 30 27 97 40 78 83 16 8 96 21 67 77 69 19 23 13 4 37 74 67 90 91 88
34 94 63 9 48 6 49 93 3 94 57 61 98 43 41 21 55 95 36 18 36 90 2 30 83 68 81 26 18 54 27 8 31 69 45 88 9 19 31 4 11 43 85 50 64 87 6 41 51 16 62 52 56 4 69 42 35 96 62 79 89 91 94 30 20 63 54 31 74 59 29 46 57 85 42 33 17 60 68 79 67 29 75 38 5 5 92 70 93 14 28 18 86 99 26 66 97 48 1 98
25 83 43 58 69 28 23 6 30 4 44 52 23 72 87 59 75 70 95 67 22 80 95 15 83 84 15 65 66 29 99 72 65 91 89 42 20 48 1 52 5 1 70 11 48 15 78 64 23 96 53 60 1 84 18 1 80 12 75 19 84 4 32 62 66 4 2 46 61 85 12 84 72 53 65 53 17 61 35 57 96 89 32 49 86 49 55 96 35 53 69 27 10 46 88 63 25 20 43 91
85 44 31 34 90 11 38 13 46 9 47 61 6 42 14 76 46 63 96 81 6 37 80 25 21 87 54 68 33 57 20 73 34 95 4 57 80 6 50 32 35 61 70 29 94 64 36 23 92 14 74 24 8 67 81 63 67 28 60 20 10 77 29 59 26 43 45 69 53 88 15 62 93 16 100 68 59 42 21 46 48 53 84 84 90 35 28 26 50 31 32 24 5 98 53 94 57 25 71 43
53 20 97 58 71 70 100 78 29 47 47 74 82 34 100 82 23 45 96 41 78 98 39 40 93 15 30 61 69 71 38 75 53 14 54 53 70 23 72 49 97 37 40 79 11 9 92 22 7 17 87 78 69 87 13 87 46 71 14 49 80 87 2 84 15 66 24 18 65 3 86 59 46 79 85 36 90 92 37 3 75 87 79 9 57 32 29 37 28 96 14 57 90 36 91 79 69 20 1 66
44 70 83 12 56 25 82 65 92 100 11 49 81 7 77 87 85 24 29 28 36 33 26 26 37 49 32 63 3 68 95 48 71 21 7 37 67 11 23 60 27 45 98 6 47 45 37 100 10 90 55 45 58 6 98 32 79 24 62 61 32 87 75 93 27 78 2 86 52 84 79 19 26 43 50 75 53 17 35 47 63 56 92 71 8 91 65 30 79 92 17 89 36 31 92 68 31 2 87 34
74 47 16 82 90 7 86 54 74 56 67 97 88 81 56 44 100 44 16 80 14 13 69 18 19 77 20 82 19 18 79 81 58 77 44 30 37 11 31 59 14 8 80 97 10 53 2 56 73 5 59 84 39 15 94 12 50 78 81 83 68 80 70 85 91 7 68 50 58 69 49 34 37 71 79 64 28 96 88 64 63 94 54 15 86 58 3 92 24 40 24 94 69 78 84 91 21 49 40 7
61 55 100 10 4 55 16 94 22 98 40 8 31 48 49 92 99 66 81 38 33 81 77 44 22 66 85 74 60 31 35 37 95 11 20 11 70 90 35 86 48 79 91 55 68 53 12 69 3 99 81 17 94 39 96 72 8 98 36 28 45 30 47 47 86 11 12 18 15 18 64 80 75 91 5 30 95 78 62 10 97 45 20 90 22 64 80 23 50 57 75 5 75 4 90 90 45 61 50 3
20 33 14 93 18 55 54 48 22 40 40 20 26 60 93 5 57 23 59 80 84 30 4 50 46 63 29 89 85 32 44 61 55 42 91 13 33 53 10 14 27 37 6 11 80 33 63 37 4 31 39 4 91 99 100 63 47 97 20 77 72 96 39 77 23 68 77 35 57 66 16 23 14 87 8 34 61 82 57 50 26 54 53 63 30 47 39 35 61 12 67 94 45 21 18 94 49 85 17 32
37 47 85 32 77 85 9 50 17 61 12 33 83 39 85 60 69 90 36 83 68 30 29 19 57 11 3 81 27 48 34 80 33 6 33 48 14 10 31 58 2 20 32 98 27 82 70 80 92 72 9 46 41 89 56 72 71 98 80 29 4 25 46 30 50 25 80 41 8 92 12 99 90 13 25 16 11 27 34 10 24 41 12 53 14 8 42 14 95 82 74 51 97 72 15 6 35 82 14 68
80 42 45 20 25 50 98 48 42 70 83 79 4 41 34 23 86 23 76 81 17 31 17 55 45 89 30 77 48 55 58 47 69 20 42 78 1 85 37 9 93 51 50 90 81 17 3 5 46 18 61 48 66 73 5 36 84 29 31 83 30 55 77 50 83 34 67 69 20 29 52 76 62 98 51 20 13 11 82 31 16 25 59 100 21 41 74 83 78 22 42 3 28 22 35 41 54 8 7 96
33 62 68 81 47 52 86 53 42 64 5 28 7 96 44 56 66 61 27 71 20 17 43 58 70 32 100 74 79 50 31 35 65 96 73 47 4 99 78 48 52 85 6 45 32 59 17 85 70 62 41 69 29 47 97 11 97 24 76 28 13 48 67 40 87 75 58 86 48 48 36 37 69 12 26 21 57 62 94 23 76 5 25 4 21 90 93 31 91 40 2 5 41 74 23 32 83 7 21 72
59 20 56 25 35 19 73 57 85 1 47 49 4 16 60 57 73 75 35 93 18 16 60 65 10 48 31 14 14 4 92 30 45 17 86 28 34 40 95 40 5 88 68 16 23 85 97 36 88 15 47 50 82 22 92 26 92 7 43 24 18 38 76 15 7 25 94 97 28 49 71 47 43 84 64 83 44 71 22 72 98 69 41 58 2 27 19 25 23 1 26 42 45 49 77 32 75 79 68 61
91 13 55 18 78 95 69 50 23 29 61 17 68 44 48 16 42 67 24 65 68 31 73 57 27 77 3 20 44 94 47 24 78 99 33 76 58 83 97 63 61 81 4 21 49 2 85 29 42 10 1 99 18 46 28 97 35 27 97 33 95 72 28 93 50 9 98 73 20 86 53 32 37 14 48 49 61 14 56 76 23 89 72 74 61 13 51 29 21 33 45 19 14 92 23 52 18 74 78 86
31 62 92 49 75 80 29 64 80 4 53 46 84 34 71 92 10 43 61 97 81 100 93 51 40 54 68 90 66 26 36 11 55 82 92 43 43 67 78 48 83 8 84 98 97 11 60 81 8 34 60 87 56 29 98 57 46 34 47 75 95 61 42 71 49 33 47 18 90 23 4 41 69 82 49 1 87 14 75 26 27 65 70 53 1 87 15 24 31 96 67 42 79 43 30 15 95 85 74 85
7 100 16 44 35 62 27 31 17 41 90 71 99 95 100 27 76 5 42 97 19 84 57 72 8 32 77 11 44 25 9 28 31 78 24 13 72 32 91 35 63 19 79 11 85 70 46 82 93 17 5 75 2 22 61 84 14 57 23 54 33 85 72 9 9 74 76 59 100 60 61 38 82 7 56 39 40 13 56 98 73 18 6 83 29 54 11 39 40 76 83 96 68 49 6 57 1 66 94 86
63 30 17 71 73 31 99 34 81 100 65 26 80 39 47 73 43 5 63 37 42 14 75 14 44 17 41 83 43 67 96 24 74 39 50 70 80 50 29 1 87 87 62 94 56 74 68 48 53 45 52 53 20 96 49 40 90 1 55 97 52 22 76 22 68 69 46 17 59 20 97 36 62 15 55 71 91 86 79 72 57 31 72 35 55 44 30 97 24 1 17 91 23 73 24 23 9 49 3 62
47 29 65 22 10 2 4 65 16 99 26 35 53 36 1 9 66 48 42 2 28 61 83 58 92 98 40 93 26 92 14 97 19 1 23 71 92 85 57 60 12 73 23 46 65 10 72 68 57 94 81 90 14 10 24 2 44 71 58 56 38 92 83 91 68 88 36 16 99 20 14 75 97 65 24 8 75 91 100 19 41 4 46 58 17 58 38 66 74 98 49 25 61 27 41 20 29 42 72 49
51 40 30 10 41 65 50 47 1 30 59 3 9 61 7 94 73 30 35 67 54 54 52 40 76 88 2 95 14 84 35 49 29 27 10 2 56 62 24 79 14 26 39 43 61 84 66 5 42 35 16 96 36 43 76 28 18 50 64 41 15 96 28 25 72 83 50 63 65 44 12 13 87 29 17 97 13 91 32 28 13 31 69 54 49 100 1 42 55 71 52 53 69 27 97 37 52 22 94 44
36 32 40 44 83 70 25 29 90 29 84 86 37 24 66 77 1 31 79 25 52 22 70 36 55 94 88 72 34 42 77 73 49 76 13 98 94 97 79 49 63 46 68 27 26 1 66 80 42 71 25 78 27 59 46 65 69 43 82 74 9 22 17 16 61 30 67 84 9 6 51 70 45 90 70 93 20 33 83 83 70 20 33 93 3 18 27 61 12 88 99 12 33 57 20 47 11 76 10 40
74 73 60 82 31 41 44 46 88 10 15 47 28 78 57 49 89 87 47 48 67 7 26 10 55 25 79 46 75 64 86 94 4 62 19 13 89 75 44 38 94 63 15 40 68 10 62 22 63 66 56 25 94 46 25 19 86 53 6 38 49 9 6 62 100 13 92 99 71 73 67 50 60 44 86 5 55 82 79 5 92 7 63 32 66 80 22 12 30 49 65 50 70 90 55 18 64 54 59 51
38 73 40 82 76 89 90 59 64 55 10 22 8 43 59 50 97 17 50 84 87 5 43 20 18 57 53 65 23 58 56 85 61 52 65 61 85 10 69 25 52 26 26 80 68 56 58 35 18 1 41 24 54 93 9 57 87 17 24 89 33 47 75 62 24 19 76 35 68 7 56 32 81 57 34 84 27 75 90 47 66 4 3 12 86 37 24 47 15 18 92 39 47 94 87 78 88 44 82 46
23 92 35 88 97 73 79 57 34 49 9 56 59 98 39 15 68 41 29 82 85 68 52 18 8 88 57 8 28 69 23 91 20 30 78 4 56 35 9 84 63 72 85 5 92 55 98 93 46 58 91 26 26 75 73 54 92 63 65 65 60 28 79 93 83 63 41 64 56 34 39 37 20 90 10 76 42 79 57 63 95 58 93 53 40 47 55 33 100 73 79 36 81 95 97 62 3 52 67 98
43 93 59 47 72 61 30 29 23 6 1 1 48 58 38 78 50 93 70 65 63 53 22 82 66 69 98 34 92 42 22 3 72 2 23 3 12 31 8 30 1 4 49 2 39 27 83 87 45 83 26 82 5 18 99 38 67 85 3 38 98 87 56 58 80 16 60 48 63 87 63 80 84 42 60 91 23 79 40 9 3 54 3 9 79 70 75 81 81 77 2 58 94 65 70 9 78 23 98 87
41 73 96 98 91 82 57 12 88 16 37 79 7 11 80 94 100 88 60 95 83 44 23 1 11 30 55 44 90 75 37 79 27 41 35 65 54 93 37 4 83 81 90 73 21 56 42 8 44 36 22 35 93 50 32 100 13 88 21 96 85 24 12 41 24 66 20 80 13 72 68 91 50 5 2 77 86 91 9 47 15 62 15 33 43 27 95 10 56 94 62 33 9 22 65 48 36 34 82 41
25 13 50 62 28 2 30 45 21 82 41 33 78 26 45 63 10 3 50 44 93 47 63 34 57 17 34 65 59 49 6 24 20 82 23 89 14 63 82 77 90 63 29 39 28 72 74 66 81 38 71 73 72 5 92 83 94 25 68 48 18 61 61 14 77 38 62 39 70 68 54 78 2 96 39 36 86 92 12 33 89 97 98 26 63 31 5 74 38 62 79 76 64 3 100 99 81 72 44 1
83 73 94 59 43 15 1 82 66 30 92 54 76 34 17 55 72 77 41 72 80 72 54 86 46 95 70 10 2 46 53 90 74 54 37 78 16 15 88 57 19 10 1 65 68 78 7 67 30 75 98 84 92 4 15 73 70 33 98 52 83 51 5 11 50 67 4 56 58 24 4 70 78 5 45 75 29 18 87 63 30 73 90 92 23 32 84 22 42 66 99 36 81 43 56 91 87 84 72 99
95 70 60 85 49 69 14 32 5 44 82 34 22 67 50 48 100 38 90 8 62 56 42 15 95 78 61 83 17 93 66 47 90 45 34 53 91 8 89 59 54 46 84 93 92 38 34 17 95 92 29 64 52 17 15 49 37 44 18 63 5 66 1 16 24 9 76 87 28 40 66 53 8 42 52 79 16 12 81 35 25 40 4 14 2 7 62 5 67 61 21 98 42 88 12 60 84 86 3 90
49 3 65 17 49 22 24 21 96 66 53 77 17 21 17 37 96 40 75 23 18 17 3 13 12 93 18 82 70 32 39 87 97 79 89 96 99 69 30 7 3 29 96 96 11 6 42 5 44 39 1 20 37 29 4 55 96 98 92 80 62 4 8 29 80 38 64 9 29 67 11 76 94 71 79 47 60 69 56 15 84 79 78 84 17 79 27 97 69 4 30 3 17 20 5 89 70 27 32 49
52 35 7 32 27 54 86 31 22 81 71 19 51 18 24 10 24 20 17 34 35 26 44 34 2 37 27 99 32 78 26 16 27 87 30 100 52 48 25 51 44 10 3 92 74 95 80 3 76 65 87 87 91 59 66 1 65 72 43 14 90 71 94 49 22 6 60 28 16 43 87 24 7 92 71 3 8 98 5 75 65 28 51 68 32 85 15 38 63 11 23 78 98 70 7 65 89 4 16 87
56 10 86 70 9 27 33 76 5 31 81 8 93 91 29 76 10 99 32 83 31 36 7 65 6 19 23 83 85 93 83 78 10 1 88 80 25 83 79 26 45 46 74 29 10 65 79 72 42 76 9 52 85 66 41 32 25 46 84 100 81 22 21 17 41 83 78 59 8 24 38 25 69 79 37 4 44 25 56 35 71 46 90 2 50 12 3 98 91 59 19 19 62 97 54 51 6 78 27 14
56 14 10 71 80 82 42 6 97 85 55 42 37 84 43 60 29 24 10 37 73 18 44 17 87 95 14 48 92 49 29 62 47 86 94 81 43 52 49 82 87 52 77 88 72 46 15 32 38 81 50 49 98 63 63 45 96 92 100 33 79 80 94 26 33 34 96 69 13 39 38 53 77 2 54 94 73 72 15 59 69 95 11 91 55 19 63 29 69 97 14 58 75 35 87 39 80 52 58 3
14 8 72 82 4 39 25 39 95 87 68 27 95 42 53 75 62 56 21 98 39 12 30 94 21 95 92 5 98 66 89 7 26 4 4 38 87 71 32 60 23 93 47 28 31 66 71 72 33 96 65 94 45 47 57 74 12 54 49 35 79 38 5 32 58 57 74 64 54 2 49 81 35 11 87 94 6 43 99 79 40 41 43 97 35 36 38 18 9 25 46 81 17 90 22 50 17 45 38 9
45 36 93 21 41 9 71 63 91 13 3 11 85 13 91 94 10 17 59 72 34 68 94 73 30 48 59 26 67 26 8 33 81 9 80 53 9 76 2 86 70 16 92 81 66 10 61 46 40 93 2 75 37 92 59 8 70 67 9 16 36 78 83 67 89 89 62 8 69 74 5 81 39 24 37 52 75 50 96 57 80 32 56 17 62 55 55 97 39 2 64 63 81 60 12 16 45 45 99 43
79 57 88 77 39 78 52 85 62 100 89 66 27 97 81 83 47 99 19 86 51 7 20 4 86 76 67 59 70 7 46 69 27 19 83 77 21 76 51 60 45 8 56 25 55 58 69 48 62 79 74 99 61 69 77 98 25 49 4 17 59 76 68 91 59 78 6 21 13 92 51 48 31 2 61 91 51 78 20 45 35 34 66 33 74 40 71 98 44 53 35 17 57 49 65 37 53 61 24 31
92 24 8 45 25 30 28 96 16 53 33 29 20 18 53 92 1 36 73 75 74 7 56 96 50 20 5 90 81 47 94 93 9 74 10 73 26 88 92 43 89 15 45 13 7 66 20 51 34 9 60 98 80 47 50 94 36 55 27 58 5 66 60 7 96 40 53 6 94 84 50 13 94 57 64 68 71 66 35 98 45 40 76 87 84 25 86 26 94 13 73 43 23 25 82 78 94 56 100 80
85 46 46 25 95 5 34 23 25 17 54 91 47 75 5 21 9 42 20 84 77 86 21 66 54 16 44 85 58 85 16 20 48 82 16 72 37 20 67 62 100 37 84 95 99 63 62 73 32 80 96 98 20 1 20 74 51 15 45 18 52 55 73 41 94 16 8 90 43 94 46 60 64 58 23 21 5 48 5 2 63 40 9 73 99 84 54 73 24 46 42 98 52 62 43 84 63 89 97 86
45 52 25 17 41 26 49 11 50 11 24 93 73 67 9 20 71 90 11 91 80 13 76 31 83 33 2 45 56 55 9 40 56 80 26 27 52 6 99 57 25 26 12 21 26 59 62 93 70 75 14 45 52 4 40 57 40 62 29 11 36 20 54 14 99 4 42 100 12 78 25 20 70 3 33 55 83 94 57 16 43 27 93 15 38 24 49 60 4 9 73 95 27 2 97 65 42 42 100 8
66 2 70 36 2 84 91 83 63 34 38 58 11 34 10 64 61 91 38 94 30 28 86 96 46 71 89 36 30 16 2 16 16 23 60 48 48 75 85 52 18 89 64 27 44 49 98 53 41 6 26 58 50 12 24 11 8 77 72 32 90 77 46 7 96 99 41 9 48 51 24 66 25 17 17 70 57 54 60 61 91 22 54 22 44 81 11 19 21 90 64 12 54 77 73 94 70 72 82 6
87 48 85 91 55 28 31 75 38 70 6 29 18 69 14 99 37 92 42 65 54 57 14 30 39 31 91 77 56 100 35 8 28 70 13 8 76 77 27 76 60 78 42 84 62 97 22 72 96 63 83 77 6 10 18 22 35 89 76 79 40 21 40 86 43 88 59 64 16 72 77 39 34 60 49 15 52 37 42 1 65 47 100 78 69 29 92 93 81 34 12 85 70 25 56 21 52 36 42 25
100 33 45 8 56 29 75 98 15 100 93 56 73 29 98 49 95 9 8 27 90 10 46 98 16 82 97 65 52 18 49 15 11 64 74 4 95 34 8 68 39 16 48 74 87 59 49 89 37 96 53 43 56 65 67 83 48 47 93 81 18 96 41 15 30 85 66 50 98 54 68 17 5 64 67 6 87 55 32 95 70 86 40 6 82 44 99 27 29 52 65 70 71 71 14 33 64 96 7 48
61 96 82 95 91 68 62 38 34 96 29 50 99 53 30 84 52 57 2 75 84 17 84 39 5 7 64 64 81 17 2 35 57 74 76 7 72 4 65 2 31 62 86 31 91 22 72 19 27 45 40 95 32 74 76 41 35 68 27 28 81 80 78 93 65 95 84 52 77 96 59 99 58 68 24 1 6 69 37 66 78 52 44 46 53 7 51 63 78 83 74 71 21 2 81 78 81 67 38 16
36 20 17 41 43 92 35 17 36 15 80 47 90 19 19 45 91 12 43 6 68 46 14 58 20 77 9 49 13 98 12 11 72 96 32 11 91 45 74 95 30 34 76 63 89 16 38 31 83 69 34 6 48 51 23 52 30 54 48 11 10 92 45 74 38 28 77 70 85 35 75 2 67 11 18 17 85 85 6 37 60 10 28 42 6 24 17 67 24 94 68 72 35 89 48 97 44 72 87 81
86 6 68 35 55 19 58 57 94 96 74 50 51 43 19 66 11 23 44 75 9 43 30 83 29 57 34 63 100 97 45 53 33 98 54 13 63 77 96 73 78 51 53 83 6 65 13 40 5 70 59 77 49 27 9 36 43 68 55 48 6 85 54 98 42 52 73 45 54 16 19 23 47 21 98 72 47 82 12 29 47 91 20 25 41 89 39 29 73 22 31 82 60 73 39 71 77 6 33 30
20 90 69 43 84 38 62 76 82 88 62 44 70 5 85 98 72 85 2 31 27 88 49 55 88 10 8 32 43 97 45 61 46 30 40 10 22 69 69 47 17 89 68 30 20 68 51 33 58 90 35 60 94 64 7 79 42 59 25 87 27 30 58 18 14 52 13 8 36 16 83 27 54 75 53 14 88 32 49 89 80 94 98 100 69 15 95 91 4 35 42 41 89 39 88 72 35 83 19 92
10 74 67 13 89 85 27 22 75 49 53 83 76 68 99 47 96 6 50 18 16 68 90 81 74 62 91 20 10 73 16 26 12 7 55 96 8 38 84 58 64 3 97 91 17 100 69 100 28 68 40 46 85 5 62 28 65 61 91 13 41 81 7 52 51 79 49 21 1 40 41 36 43 10 26 44 96 58 57 35 64 92 36 80 8 69 66 17 94 74 80 32 19 19 87 79 14 51 26 27
79 74 2 5 84 86 84 30 39 94 68 69 48 44 48 58 12 74 98 50 38 96 21 8 69 48 1 62 34 17 94 8 51 76 19 92 36 79 87 30 65 8 87 26 1 15 86 32 53 11 6 75 48 58 51 34 69 74 17 27 90 34 1 48 52 94 35 62 22 70 87 80 22 53 29 69 90 64 67 85 48 88 57 45 56 90 2 93 69 54 50 42 34 30 62 93 46 28 80 58
82 37 3 75 51 91 85 35 59 49 7 54 75 93 8 20 75 87 18 90 73 64 78 48 2 62 30 4 93 26 100 90 65 89 96 68 23 71 74 3 64 93 62 67 9 35 100 35 55 77 71 89 47 57 55 61 7 52 29 75 14 84 64 50 98 7 90 98 71 90 61 94 74 20 55 11 47 100 26 99 67 52 76 45 57 39 94 4 36 90 51 86 56 82 92 31 85 65 53 34
17 58 38 32 100 50 47 26 23 57 1 59 52 4 15 35 59 96 95 74 57 63 24 77 64 49 91 5 43 37 49 64 87 73 45 20 67 71 2 50 24 94 60 40 68 25 6 94 35 30 42 6 87 22 80 75 8 27 91 79 35 98 17 71 28 42 10 62 73 36 88 4 38 80 22 74 14 71 37 51 3 59 38 81 12 89 22 32 22 41 2 6 33 87 63 24 85 92 12 75
37 95 73 71 46 29 60 28 70 31 34 86 71 18 9 50 71 15 87 93 2 36 93 9 54 42 29 86 97 97 57 83 80 33 65 88 87 11 2 14 25 59 92 42 37 87 33 6 9 48 51 94 66 34 84 21 29 34 64 78 64 16 27 81 40 67 71 86 33 4 28 22 14 76 42 47 71 65 71 81 20 3 58 90 36 41 47 13 30 67 47 7 15 53 99 38 96 11 8 19
81 74 38 73 85 35 85 94 64 34 43 50 39 98 87 98 56 80 9 2 77 41 68 42 73 96 32 65 76 79 88 63 26 100 15 38 27 86 25 59 69 89 84 94 83 12 92 89 32 86 16 4 67 24 81 6 90 17 40 15 49 85 67 87 20 77 68 54 11 79 2 13 37 74 20 100 43 90 59 28 66 81 66 50 75 84 12 16 10 68 89 80 66 7 97 15 79 51 89 72
49 65 27 49 8 85 57 33 23 78 45 2 89 100 44 73 54 85 54 12 78 17 32 91 51 23 5 98 48 81 22 14 70 91 14 86 90 31 60 60 75 85 10 88 26 27 57 16 3 92 42 53 61 16 77 57 44 43 52 41 67 7 99 72 41 71 13 65 84 2 45 26 24 23 49 90 28 62 31 28 62 35 75 96 24 97 80 89 94 10 70 75 66 57 7 55 46 52 9 86
49 7 48 82 77 65 32 31 43 21 8 68 87 75 92 84 57 8 57 44 65 64 27 89 43 35 15 3 78 46 94 36 41 2 56 53 50 85 25 96 79 68 90 65 11 9 3 86 82 50 3 49 59 13 95 59 53 97 16 35 7 61 91 63 13 60 14 71 72 56 37 92 77 83 91 91 77 95 82 93 47 65 71 41 62 61 13 56 80 83 19 76 84 77 66 40 8 35 14 75
50 19 8 48 32 63 15 57 73 27 77 22 94 19 69 63 37 48 59 72 5 78 91 25 2 34 81 59 70 97 8 46 100 9 18 55 73 18 24 51 68 63 74 81 97 54 85 64 57 10 47 24 35 52 15 23 35 40 41 7 32 64 28 3 55 29 82 90 86 41 24 67 37 93 92 65 20 32 99 4 40 51 94 20 39 22 94 50 66 35 50 93 25 6 62 43 86 17 86 56
89 45 81 2 72 40 54 30 57 60 74 46 84 71 87 91 79 57 85 25 23 92 16 85 73 38 85 33 13 72 84 82 26 84 45 35 73 92 53 21 98 97 63 31 29 39 48 94 49 39 64 44 15 13 50 38 97 60 58 50 1 62 1 84 35 68 17 43 53 36 21 42 26 85 34 70 29 53 71 41 69 66 63 77 25 71 2 100 44 19 29 10 56 18 65 69 86 19 56 21
4 94 54 16 22 43 47 16 82 79 86 67 17 53 98 65 17 35 54 12 22 81 30 36 1 6 39 70 6 75 4 95 24 81 91 32 89 79 10 32 96 47 91 100 7 27 36 95 32 3 95 34 71 57 81 61 33 89 93 10 52 91 23 69 31 85 69 94 63 13 55 19 25 87 54 61 42 70 34 52 89 13 48 21 56 75 57 56 62 64 29 2 11 70 30 89 16 87 33 69
8 13 29 85 3 29 17 22 87 9 68 7 20 95 75 82 36 47 83 66 75 57 88 18 59 30 93 72 79 1 57 77 81 99 37 13 38 99 18 50 37 52 34 94 98 15 38 52 68 33 7 10 72 97 14 17 9 6 68 44 5 44 93 68 69 71 3 59 52 92 7 34 12 91 80 61 46 36 39 56 67 6 93 85 98 76 86 51 92 14 94 5 85 28 59 75 17 46 67 89
79 100 94 89 64 70 73 61 28 22 44 78 45 92 61 55 40 19 54 97 76 54 5 95 24 66 41 28 4 22 92 4 30 78 100 20 70 77 70 22 21 1 61 21 74 96 50 31 67 84 4 87 85 6 43 29 36 36 33 79 62 12 96 19 62 20 76 55 5 84 12 11 80 33 68 17 23 43 86 25 21 60 25 80 40 34 45 27 83 47 61 4 27 49 77 20 74 13 84 77
70 79 24 37 37 78 44 87 87 67 79 30 28 4 77 21 56 51 67 18 5 44 22 34 24 43 92 31 78 13 82 66 60 34 57 47 36 96 68 75 90 90 30 42 56 35 56 17 9 51 80 74 48 66 83 25 40 56 17 53 66 41 67 87 99 34 78 34 34 43 61 84 85 14 86 64 83 72 93 97 40 11 14 2 78 88 82 94 59 98 11 30 7 47 75 32 39 13 38 94
30 43 11 7 83 57 57 41 67 37 90 13 12 24 47 87 30 16 25 77 57 95 56 73 12 84 6 80 61 88 46 30 4 52 9 60 28 86 97 93 11 13 85 8 90 64 80 20 93 21 89 37 43 54 54 6 42 4 35 40 8 28 94 54 81 91 53 18 89 16 51 43 28 16 87 50 92 25 33 34 94 75 54 59 81 99 58 27 31 88 40 8 48 12 98 52 60 46 37 9
96 13 51 27 45 62 72 65 4 41 46 100 73 46 36 54 33 69 76 69 93 18 63 66 14 71 54 17 22 3 30 58 44 56 45 50 30 98 23 66 73 6 78 99 51 38 86 55 57 54 100 47 24 76 89 97 97 51 17 84 57 80 4 45 18 77 5 96 31 75 90 28 4 87 75 19 22 83 62 53 4 89 45 43 90 8 38 99 53 83 92 90 35 63 99 37 68 52 86 84
77 34 27 12 100 72 71 19 97 49 22 97 55 62 77 49 77 92 29 33 30 74 71 86 71 30 91 95 5 41 34 79 71 56 91 41 89 96 15 36 61 100 27 27 48 74 82 66 77 6 24 78 41 86 34 94 90 67 95 38 66 56 75 80 30 17 42 25 32 77 14 77 12 68 77 38 54 43 33 34 60 28 49 11 89 30 13 74 95 85 60 75 85 22 93 68 12 61 43 32
80 82 94 59 61 18 39 51 38 66 22 32 12 65 37 27 75 26 91 99 2 32 6 70 24 77 26 27 92 29 28 56 13 91 65 73 60 76 19 77 90 95 28 49 92 93 88 47 94 18 41 45 72 19 89 46 39 14 93 12 19 95 99 78 75 72 61 16 10 71 23 17 65 27 84 80 41 84 74 18 2 27 88 63 40 24 37 83 13 70 37 91 55 32 29 40 35 70 64 60
86 32 96 30 43 40 11 62 42 46 2 73 83 23 41 46 58 22 9 87 26 67 55 70 39 13 26 74 60 47 78 16 12 81 86 65 37 32 75 3 59 15 17 8 18 27 99 25 86 58 6 83 86 7 59 62 23 41 38 32 42 80 29 4 21 80 76 98 82 77 73 86 96 95 32 70 14 75 81 73 97 2 64 94 93 44 53 22 71 51 12 29 38 33 59 85 24 16 88 24
41 12 78 71
42 4 90 97
39 6 52 54
31 25 74 87
12 56 12 76
49 34 56 65
79 34 95 59
48 31 77 44
54 26 94 55
24 37 69 64
58 43 92 75
14 47 81 51
35 46 94 60
34 37 66 90
25 34 44 68
49 37 62 65
30 78 97 97
50 27 62 94
45 44 62 92
55 14 92 100
80 13 89 51
27 41 74 93
1 24 70 66
50 31 81 95
24 19 59 98
6 8 77 86
41 15 71 97
1 74 51 81
79 6 97 32
65 46 85 76
44 20 58 83
7 16 57 58
84 31 96 85
32 72 98 86
34 29 62 74
30 47 74 68
93 24 95 93
75 51 91 71
37 52 56 65
21 10 74 53
13 2 86 10
68 19 91 86
26 5 71 26
17 18 34 24
41 31 49 57
32 73 78 82
7 38 20 88
38 17 52 58
13 12 46 55
14 37 43 49
51 32 79 42
60 61 81 86
69 20 72 76
89 23 100 85
1 42 89 51
71 38 85 79
17 32 48 42
30 2 87 48
48 66 78 77
37 24 39 74
46 4 67 8
7 72 12 86
47 31 67 76
15 29 31 29
8 31 12 88
31 18 78 53
21 10 30 90
47 12 78 84
51 71 67 98
11 25 13 81
8 13 31 65
22 1 32 24
18 49 62 99
85 47 100 72
31 11 90 66
86 78 88 86
14 12 72 14
78 34 99 88
55 29 98 56
3 47 20 90
58 44 83 56
57 21 75 100
65 33 95 93
49 29 68 62
20 7 30 63
27 54 63 74
54 68 68 94
29 62 38 88
84 14 97 64
14 28 39 38
60 60 77 72
2 9 95 43
20 51 68 65
39 70 50 78
49 10 67 60
83 62 95 69
57 5 88 34
3 18 96 55
6 44 25 59
68 61 88 93
