100 100 100
14 77 68 2 36 5 13 41 98 57 10 88 16 80 87 5 63 4 72 69 1 22 69 46 53 10 2 71 15 43 63 38 92 35 7 61 13 78 55 72 12 83 50 49 96 7 38 21 34 48 85 10 44 84 97 98 48 88 17 91 20 83 65 83 22 84 64 39 70 59 64 98 71 41 1 11 17 70 89 98 56 19 52 62 46 42 4 9 50 41 24 8 24 16 52 67 58 22 59 75
20 66 39 84 12 76 61 17 41 11 78 21 77 91 1 29 77 82 58 36 8 6 74 86 30 63 12 48 46 71 27 46 22 21 49 49 2 78 40 20 76 37 11 26 10 26 47 94 84 89 95 94 4 100 76 28 83 78 5 10 61 61 62 3 8 71 67 2 33 57 7 75 4 83 97 40 94 63 92 46 23 47 54 88 81 89 90 14 5 18 90 26 72 78 6 75 63 36 31 79
98 3 14 15 23 23 84 52 61 93 54 80 67 41 13 13 39 55 96 30 98 36 69 95 46 85 24 26 9 64 21 3 12 90 69 79 72 92 88 37 40 90 42 1 95 49 82 58 47 61 58 33 10 50 72 7 39 62 100 63 53 35 51 91 55 4 63 16 4 26 61 96 21 41 83 52 99 89 46 67 95 54 31 26 63 46 4 39 8 73 69 34 72 97 71 14 100 19 10 10
82 57 90 21 91 50 23 86 52 71 89 39 6 96 20 14 95 74 40 93 99 62 57 97 96 30 70 69 82 86 8 56 82 21 4 91 27 69 28 27 33 9 34 34 93 98 17 80 86 84 58 33 27 89 70 78 28 78 5 12 97 73 10 91 88 15 31 14 39 2 19 42 38 14 7 70 2 20 2 78 62 55 36 75 25 66 9 13 16 85 33 18 70 100 87 22 69 37 35 19
26 98 68 4 4 61 2 16 72 70 39 72 93 70 60 93 95 49 86 15 57 27 21 23 55 99 65 66 64 84 83 94 88 23 35 92 82 60 84 39 36 40 79 99 26 75 48 54 100 15 73 99 22 13 99 20 99 18 22 46 29 52 17 82 18 26 32 62 32 54 21 25 89 70 63 35 58 81 88 80 28 50 89 90 28 49 73 25 43 57 24 27 97 34 75 52 67 39 90 12
26 47 16 54 19 48 80 31 24 100 42 52 96 95 79 56 1 77 13 13 25 28 53 13 43 92 34 95 20 43 62 40 17 79 47 27 14 46 7 12 8 40 4 41 19 39 71 68 51 67 96 81 12 27 81 51 23 52 10 96 15 96 88 90 32 22 88 4 51 84 11 45 70 77 76 7 1 16 45 7 30 25 33 16 28 66 66 25 38 5 87 27 62 80 56 15 48 12 20 36
37 67 75 71 51 19 24 4 79 48 5 92 96 85 42 31 30 38 18 64 99 6 84 19 56 86 14 71 80 53 95 64 76 9 34 34 66 38 53 74 84 34 3 52 27 17 73 30 33 53 35 100 62 81 58 61 62 89 57 89 92 14 97 51 65 79 13 89 80 43 38 17 72 89 82 90 74 24 47 40 81 69 99 8 96 17 69 96 99 51 70 42 60 93 86 54 95 94 56 32
63 68 93 22 32 83 67 47 70 70 56 9 15 60 47 5 12 2 81 29 19 75 25 9 69 91 17 52 18 85 59 64 69 18 64 41 43 63 42 7 54 23 28 15 2 48 2 79 34 88 26 19 35 53 46 79 18 41 23 50 19 99 6 97 94 62 68 9 81 25 71 61 14 79 95 87 70 40 42 93 30 59 40 83 18 21 9 43 15 5 36 40 5 66 96 78 44 34 61 22
18 49 10 6 14 2 56 84 44 87 93 83 17 35 94 28 36 67 10 38 49 81 24 73 80 33 22 100 41 4 99 2 87 95 62 81 31 56 16 84 7 63 72 62 18 32 65 55 21 95 32 40 83 63 27 93 45 23 92 27 49 35 10 90 79 43 24 31 88 1 15 91 7 83 83 82 70 98 33 84 62 21 80 96 29 13 84 98 59 50 34 98 42 58 89 57 19 85 40 75
82 65 97 34 85 51 46 34 19 81 10 62 46 81 42 62 8 58 44 77 78 5 64 57 74 39 37 93 53 61 78 42 23 8 74 64 43 15 5 51 59 61 84 94 54 59 94 39 86 90 87 13 86 96 17 61 76 41 26 46 96 100 22 100 2 87 97 59 79 7 51 41 30 19 6 39 60 52 99 31 10 33 97 76 60 79 46 34 61 24 92 57 53 36 43 88 52 60 52 48
21 75 69 51 11 29 37 50 2 6 39 14 33 10 62 26 75 27 96 11 48 84 47 22 58 94 3 22 51 85 61 58 20 51 91 1 98 37 37 2 12 54 16 74 57 79 73 16 64 94 24 69 37 13 2 96 6 79 12 27 22 80 17 2 92 79 41 88 27 85 70 28 48 41 83 74 61 28 92 58 57 17 81 23 4 35 6 24 21 9 3 31 33 3 47 19 13 88 23 16
51 83 4 52 100 93 52 44 70 7 13 51 44 16 66 62 42 10 79 73 24 22 91 5 32 72 53 3 24 88 100 92 28 1 6 53 84 88 14 28 82 73 5 51 13 60 98 50 82 94 41 4 26 1 50 62 8 73 69 42 88 4 17 69 69 49 54 3 42 53 87 72 15 42 71 8 74 63 86 58 37 7 52 100 3 45 70 86 65 25 32 13 1 13 42 38 87 30 54 99
48 59 1 33 25 98 53 28 5 27 90 30 97 42 7 2 23 72 96 68 13 76 50 48 20 5 63 64 48 48 55 25 69 100 81 74 83 58 89 71 42 98 22 87 96 13 36 42 87 81 24 44 50 10 3 74 60 18 84 18 59 7 72 93 34 15 31 64 33 4 97 94 83 78 82 21 82 78 73 39 18 16 38 87 7 7 71 72 69 43 32 49 37 7 91 1 66 56 79 82
71 50 22 4 54 42 57 31 45 83 23 41 73 9 10 77 37 15 37 49 52 47 53 77 13 84 34 8 49 63 72 78 34 74 19 38 43 53 84 26 55 50 94 18 99 4 27 37 30 78 90 66 44 20 13 61 63 70 62 96 63 88 44 44 69 58 11 88 32 57 91 54 60 57 61 95 40 61 35 96 25 44 18 46 77 97 97 6 39 97 67 5 49 99 13 81 4 77 53 37
99 13 22 2 18 90 74 27 100 24 28 57 3 21 17 66 39 94 76 51 6 65 17 97 78 48 20 29 43 42 43 22 15 29 77 34 99 60 79 20 80 85 22 29 94 53 83 94 87 79 44 81 7 35 12 57 79 100 89 67 71 63 11 10 49 97 71 19 18 15 33 38 75 17 87 32 69 49 47 57 64 100 79 19 62 37 23 99 42 37 99 84 15 79 58 54 28 89 14 37
4 31 56 6 42 78 46 89 44 15 15 4 51 89 11 30 72 64 91 91 26 56 52 7 48 98 23 66 40 29 60 3 60 88 75 4 63 37 74 32 16 25 57 42 47 58 26 17 80 13 96 25 8 74 30 41 21 60 80 49 5 21 54 42 34 62 20 3 52 87 64 3 56 49 49 36 20 71 92 62 6 6 50 48 66 81 6 62 94 1 39 27 68 86 27 89 90 93 57 64
17 26 100 79 84 61 5 73 94 41 71 14 19 5 5 36 39 27 72 85 43 93 81 54 4 26 97 81 65 57 19 6 24 76 50 83 61 95 40 66 94 58 69 35 30 97 12 86 23 34 71 2 53 72 90 67 49 58 34 34 10 94 46 6 71 4 1 40 30 21 5 18 35 100 20 93 95 74 97 86 50 80 37 78 55 7 18 33 32 51 63 67 22 8 14 95 17 61 95 89
43 74 21 23 61 57 6 27 15 55 18 15 73 24 84 53 22 96 56 41 12 19 24 8 40 40 98 98 83 45 58 4 28 86 48 30 45 39 96 54 69 30 72 42 44 38 85 6 72 8 98 70 77 64 17 62 80 56 15 31 80 71 39 69 30 57 46 17 54 100 13 98 81 50 26 26 5 46 96 90 7 40 70 90 40 29 90 37 42 61 18 65 52 71 70 73 69 19 79 80
16 14 35 86 87 35 82 52 34 83 29 1 67 90 41 61 44 13 78 16 99 24 57 29 72 89 38 16 7 100 14 42 24 32 56 22 68 69 46 59 62 7 79 37 6 20 11 36 61 94 38 24 70 44 24 42 2 21 85 1 90 64 24 16 61 93 93 51 15 68 59 16 54 86 63 77 90 60 87 23 56 67 14 25 87 52 81 17 73 11 1 9 5 39 13 42 7 47 82 93
97 80 1 43 100 38 86 35 63 72 79 53 23 40 98 58 90 50 22 85 2 51 35 92 84 53 61 11 2 65 11 39 97 22 20 87 55 96 34 68 11 47 29 19 53 41 42 67 68 65 16 7 43 85 19 76 4 98 12 11 19 27 88 22 39 4 68 85 96 12 83 39 36 13 54 64 91 42 77 9 53 28 99 30 39 1 4 64 56 67 49 15 53 33 40 82 95 7 32 96
33 50 99 89 49 58 70 97 55 67 29 76 87 1 11 95 62 8 64 62 5 14 93 59 65 31 52 33 82 76 37 41 37 59 28 93 7 42 33 10 80 56 36 3 92 79 28 66 49 60 89 55 97 33 100 98 74 17 88 98 91 53 11 95 40 33 39 72 41 85 34 90 35 29 27 31 35 86 93 62 27 63 60 30 54 10 62 81 28 40 72 3 62 16 50 23 35 86 89 85
99 11 98 45 50 90 49 43 25 82 60 64 20 67 41 84 79 99 7 11 71 90 44 21 80 71 90 17 41 12 15 1 37 72 25 44 83 60 36 96 52 92 43 71 81 78 16 56 17 54 35 53 8 80 63 27 4 60 66 88 10 89 84 92 92 20 15 43 86 5 42 86 18 38 99 44 89 78 24 23 27 29 81 91 6 71 10 70 74 54 20 76 87 8 6 41 43 43 4 25
5 10 8 84 67 9 19 66 52 37 55 36 77 39 82 4 25 33 53 77 42 61 26 11 75 76 51 37 46 22 64 95 82 40 26 34 90 61 1 78 75 34 87 56 80 68 14 56 90 96 44 13 5 80 33 10 74 19 5 75 42 75 6 49 89 78 44 57 87 47 39 44 21 1 17 83 63 100 21 9 48 94 23 49 34 53 89 52 16 76 9 92 74 15 75 6 88 87 94 13
6 17 2 87 82 54 97 88 62 15 50 76 47 85 49 34 18 79 13 35 22 67 90 67 71 59 55 78 73 81 95 33 4 25 94 52 14 21 94 55 25 93 87 64 60 8 4 20 84 26 94 83 43 64 62 85 67 17 98 66 99 55 52 26 52 21 91 42 98 46 34 6 13 46 18 3 22 79 50 34 8 27 93 81 28 19 91 70 48 39 92 62 83 84 93 8 94 87 100 18
45 25 91 34 29 54 100 45 97 1 8 13 78 80 36 33 16 68 62 21 5 64 28 81 32 98 30 98 58 38 71 63 92 66 98 46 90 61 93 71 41 28 81 32 91 18 55 2 75 27 51 78 11 39 71 32 54 72 27 92 81 21 18 54 42 61 67 48 54 76 29 81 75 23 31 40 22 69 88 8 5 96 14 91 49 38 49 42 82 62 67 63 79 50 62 22 19 86 38 60
63 5 3 34 46 38 68 28 60 98 69 97 31 92 99 77 11 36 66 36 42 44 60 87 10 36 27 24 15 62 62 7 1 25 56 46 31 1 90 93 71 95 8 35 4 77 69 3 74 73 26 90 29 70 60 47 80 23 37 40 15 63 52 21 95 9 92 27 33 29 15 6 97 26 83 82 8 33 77 67 52 89 100 39 56 49 12 36 4 87 55 41 62 75 1 41 84 59 87 38
84 48 79 49 62 45 38 87 20 54 63 81 76 88 70 11 5 31 79 53 11 4 14 88 32 68 90 80 87 17 53 2 76 71 8 3 64 14 95 57 43 86 51 94 51 74 14 55 15 53 83 71 39 82 50 100 94 96 22 93 1 18 5 65 66 90 12 98 49 55 5 57 77 19 85 66 99 15 49 47 90 68 22 6 7 62 67 54 43 57 52 41 32 61 29 95 69 18 21 2
40 58 91 75 51 67 96 60 79 16 95 18 27 74 57 41 40 46 73 81 39 73 51 91 68 52 47 21 97 9 53 54 6 78 14 54 52 85 69 48 3 7 7 89 49 89 96 40 16 7 47 74 66 39 84 56 3 22 48 59 55 41 77 71 90 35 70 99 96 12 41 12 88 89 82 39 12 43 3 40 18 50 71 13 9 71 95 84 15 3 96 84 78 33 48 9 52 49 59 69
32 74 69 2 33 63 13 73 29 86 62 49 42 9 27 5 8 33 20 98 23 27 54 29 94 92 44 95 93 72 16 49 30 42 64 82 14 23 34 19 11 45 72 50 29 86 72 43 33 37 11 63 92 58 56 81 60 40 27 69 91 88 47 79 93 68 89 53 84 67 45 60 94 99 26 68 66 47 94 82 18 79 75 18 64 92 40 89 63 12 14 8 77 13 94 58 50 56 59 22
10 58 88 5 78 78 64 35 17 26 88 99 90 3 5 8 30 89 79 56 79 60 5 64 48 63 70 74 27 90 79 7 32 87 69 53 24 89 50 22 23 53 83 29 69 1 81 52 19 77 17 11 20 51 24 28 22 54 54 40 75 7 5 29 43 84 2 29 20 60 64 41 6 62 16 61 8 49 3 79 77 17 65 38 19 3 79 1 90 31 36 96 74 53 13 54 74 8 33 44
84 63 9 13 97 12 53 14 82 3 55 56 59 99 77 12 43 15 29 90 24 72 98 33 1 61 30 86 1 15 15 71 26 22 7 66 73 67 67 26 32 40 76 56 33 80 3 34 49 68 59 8 41 90 70 4 27 48 74 4 16 29 67 5 53 77 96 99 88 87 69 26 24 10 28 31 76 85 32 27 92 24 69 79 32 62 42 16 80 40 11 93 20 6 15 31 33 48 41 57
9 64 5 4 24 54 53 68 11 100 24 40 20 64 79 62 37 62 47 6 57 18 66 13 56 34 53 25 63 40 53 19 13 26 57 4 20 93 16 32 74 15 75 44 9 48 65 62 73 68 84 94 45 11 11 31 85 1 10 22 66 39 70 10 22 29 42 93 30 94 68 26 78 49 16 100 100 21 18 54 35 51 59 95 92 26 41 55 6 59 22 79 95 78 74 26 7 29 84 100
68 40 83 95 46 53 85 64 56 41 19 23 27 18 10 46 43 58 74 67 99 92 57 11 96 42 42 6 41 83 6 41 78 69 83 91 14 81 16 43 73 18 4 60 70 7 14 78 5 13 72 88 88 53 54 55 79 97 34 94 18 77 6 87 26 60 14 73 62 80 86 37 8 74 25 30 58 89 51 76 42 18 60 16 46 56 27 10 80 25 62 75 5 100 78 6 46 13 38 73
51 34 39 75 76 51 54 40 66 68 37 15 19 41 10 87 52 50 50 61 29 56 26 77 14 37 59 51 29 7 39 68 16 91 22 69 57 67 50 3 79 44 91 64 91 74 82 45 98 16 76 20 88 4 45 99 6 38 85 70 64 72 55 38 38 31 21 94 92 64 63 71 59 53 3 46 10 85 91 41 89 68 89 86 76 64 92 82 48 89 32 98 98 87 8 2 12 66 22 11
47 25 87 75 17 59 31 78 56 62 35 35 40 84 44 20 10 80 59 42 20 37 76 96 75 13 76 93 74 76 82 76 89 54 43 80 6 30 36 32 2 73 68 92 11 75 35 37 33 12 58 98 51 65 96 15 35 24 53 78 40 69 29 32 39 35 70 97 88 63 86 3 19 34 63 52 7 85 88 10 85 68 89 14 8 87 9 96 43 13 23 70 39 90 58 47 87 100 94 75
9 88 12 80 4 13 12 30 79 53 36 2 98 40 67 95 7 82 3 7 62 88 56 17 42 13 3 50 76 65 57 37 21 66 56 6 47 59 94 47 19 25 47 70 69 100 2 49 8 62 66 67 80 6 7 46 65 79 66 21 19 62 61 48 90 94 56 82 70 2 75 30 35 72 25 89 53 72 80 95 84 71 26 92 82 37 83 53 73 61 20 67 50 71 20 79 94 30 25 35
89 87 73 16 12 34 77 64 35 60 82 26 82 85 10 87 47 70 81 47 69 97 41 21 4 20 6 11 89 68 43 46 46 47 61 49 77 15 81 55 94 52 3 73 99 80 51 12 15 42 49 8 73 93 9 70 6 89 45 60 5 66 93 91 11 56 95 12 71 19 51 77 70 49 97 9 6 96 18 18 55 40 55 55 14 16 71 27 10 71 79 89 24 14 97 33 20 76 54 61
12 83 4 39 67 37 98 82 19 41 48 18 98 27 86 85 67 37 13 96 35 8 6 63 34 35 9 92 31 82 4 97 99 73 91 4 82 81 31 79 2 87 20 76 68 93 52 98 16 58 89 100 89 26 8 25 69 16 26 81 34 66 27 24 5 58 6 97 6 34 72 28 28 71 9 83 18 65 11 37 94 10 92 60 13 31 90 56 75 47 8 36 12 99 28 89 16 71 71 61
91 59 53 98 48 31 62 87 31 94 12 18 40 93 13 83 42 13 7 12 11 79 23 85 78 75 31 13 63 42 19 1 22 35 54 33 58 1 32 61 79 10 55 66 10 39 22 33 36 78 37 56 10 32 38 10 39 29 80 87 90 4 14 13 38 28 46 48 35 83 39 33 70 60 27 13 100 44 81 36 20 12 74 92 87 22 63 86 95 49 70 16 82 54 60 44 79 49 50 68
30 79 7 22 1 36 34 94 55 72 32 2 12 86 67 65 34 33 68 11 42 71 18 8 74 19 93 6 77 57 10 93 39 19 31 41 99 86 2 26 62 15 45 3 59 52 20 27 19 14 2 41 41 47 97 10 74 26 56 97 93 98 22 58 7 5 73 89 21 67 80 24 54 37 65 100 34 10 21 1 27 79 13 90 7 77 25 15 70 37 63 74 82 63 66 11 53 96 67 91
82 21 64 85 73 63 71 45 43 44 78 24 13 73 84 27 25 14 46 18 63 43 60 84 61 60 77 73 9 92 82 99 26 5 41 77 45 83 81 81 13 86 18 99 17 12 73 14 33 52 58 92 65 36 63 65 41 45 13 36 51 21 26 48 93 27 17 71 2 22 13 40 73 84 58 43 88 5 34 3 38 40 7 48 30 72 98 77 62 90 44 35 68 75 6 70 84 76 18 20
86 5 56 80 41 2 66 44 53 62 96 2 1 43 31 71 28 75 52 41 92 20 67 79 59 82 36 54 30 54 53 11 59 18 38 14 35 52 94 29 16 61 59 10 52 71 16 56 2 65 20 33 28 33 29 83 69 66 98 44 19 51 58 8 85 83 87 49 63 95 18 35 30 41 87 83 78 54 70 68 77 62 67 20 93 18 64 4 53 87 77 75 4 65 81 49 78 87 66 47
64 9 97 73 54 9 83 38 95 34 23 51 55 86 25 59 39 44 26 6 11 33 97 40 32 18 62 12 96 13 80 24 70 51 12 91 28 7 56 11 79 37 21 84 82 89 98 65 15 25 88 92 23 60 46 23 11 9 56 81 75 83 34 29 77 66 63 51 37 38 50 65 39 38 34 56 18 56 93 11 28 31 78 42 46 57 55 63 78 54 8 49 61 44 66 58 74 76 38 15
76 74 9 85 7 93 80 98 29 1 52 24 14 40 8 73 15 42 54 92 95 48 18 52 80 80 56 6 76 55 9 23 53 83 17 82 9 10 100 47 33 41 89 61 38 86 78 81 74 68 45 99 93 77 34 93 35 71 86 86 31 90 35 56 20 1 94 89 39 9 21 78 54 89 85 98 95 48 7 29 84 56 97 64 21 32 59 88 43 97 38 5 79 84 62 66 74 96 59 29
80 94 25 12 30 92 60 34 37 85 68 94 12 52 85 22 97 61 51 95 26 6 2 60 21 95 24 16 90 68 41 87 13 17 10 41 43 61 1 97 81 43 53 56 6 42 87 34 64 24 20 71 27 74 32 70 89 54 70 38 89 81 68 35 76 82 29 96 53 42 70 68 70 17 74 70 27 5 49 83 95 98 27 91 91 13 56 48 37 13 75 46 33 67 72 68 76 37 90 49
98 78 93 55 44 47 63 100 10 57 21 14 20 5 56 61 48 100 72 30 55 72 97 18 68 22 52 39 6 18 49 18 28 76 35 22 35 25 71 15 3 9 89 23 5 22 43 1 69 41 11 39 54 47 46 14 46 11 82 27 60 5 22 88 38 46 32 55 40 91 72 59 66 75 9 1 70 5 43 36 38 77 76 60 79 2 88 63 34 92 36 33 25 63 4 90 1 95 19 33
46 33 88 83 40 98 43 28 33 27 65 98 84 49 8 32 32 85 41 4 40 27 91 16 49 38 16 90 100 27 74 26 74 23 64 80 4 86 17 74 72 74 38 58 46 95 47 20 47 24 41 82 88 74 95 93 9 60 30 100 31 82 71 27 34 50 63 81 55 51 65 68 31 16 75 65 76 53 40 79 16 64 14 85 79 59 64 4 76 71 70 69 2 96 59 51 69 80 39 27
32 66 89 97 8 7 47 38 3 26 37 22 62 99 70 4 55 73 53 12 50 69 80 57 30 6 54 6 80 98 26 98 83 69 26 66 37 13 73 74 34 49 88 85 65 39 7 8 75 3 51 37 24 25 59 59 14 78 44 26 65 41 17 13 72 1 19 46 6 53 28 72 89 24 83 95 37 6 39 4 4 39 87 29 21 66 24 83 27 81 17 64 47 55 52 36 40 98 46 59
37 58 73 77 32 50 43 100 87 78 71 41 24 36 86 53 57 98 80 75 87 16 100 35 14 74 63 36 38 33 89 53 76 42 88 73 72 27 99 45 46 41 58 75 58 78 19 4 12 12 16 88 96 45 22 73 83 44 34 21 94 40 97 33 34 72 9 47 28 87 82 94 10 69 46 69 75 85 53 100 27 12 43 17 94 2 51 74 92 95 64 42 85 21 26 31 16 24 20 32
33 58 59 70 35 49 61 59 22 41 27 13 1 50 24 96 67 81 87 55 84 74 78 24 62 74 32 62 85 94 28 67 94 4 99 86 10 16 20 90 55 62 50 76 31 98 10 33 49 12 70 92 20 5 52 31 89 69 11 7 1 26 26 97 35 53 78 14 11 92 59 82 14 64 34 13 76 8 2 13 84 21 7 84 98 68 14 34 43 1 90 33 88 48 62 9 20 33 72 45
48 8 34 26 12 95 27 3 88 12 92 24 58 38 79 88 37 19 80 45 43 69 70 97 63 33 68 96 62 69 93 67 55 16 85 23 8 68 49 14 79 95 20 97 73 86 98 83 90 2 49 53 89 35 23 15 69 39 96 25 80 87 92 89 99 80 7 76 74 61 19 76 94 87 17 37 40 89 84 42 100 37 47 86 89 94 53 94 78 39 17 5 10 76 23 11 37 16 49 38
91 87 30 7 68 69 65 23 48 39 25 93 7 32 12 75 32 74 4 31 27 58 93 20 97 61 40 88 23 52 79 61 22 55 74 15 1 74 98 40 64 92 76 87 79 75 5 97 86 35 19 13 43 62 66 89 64 96 36 37 7 5 17 72 35 76 51 33 18 44 37 48 100 68 35 100 13 2 41 35 93 69 51 84 19 41 69 45 11 3 6 62 65 97 71 44 51 89 61 52
74 9 94 14 80 55 28 2 64 34 22 78 75 32 16 82 37 29 53 91 87 69 84 89 68 77 100 52 29 36 39 85 85 11 93 78 41 37 92 82 20 69 66 90 35 17 70 97 79 80 24 40 47 77 36 9 16 34 21 12 41 56 95 72 96 44 17 57 94 2 94 55 94 60 14 42 49 42 5 13 20 57 4 7 27 13 35 96 37 78 98 18 8 20 35 40 78 83 67 39
99 67 44 58 29 8 26 78 10 32 49 39 29 79 39 21 8 28 89 19 88 67 19 68 57 66 8 74 99 48 63 87 57 46 16 58 25 92 50 51 17 72 33 70 5 76 59 82 17 70 42 1 83 39 56 66 28 65 29 53 88 82 45 38 51 89 24 5 51 75 18 89 18 48 90 32 40 95 80 61 54 19 10 59 37 16 68 93 41 17 52 42 67 71 9 4 5 10 82 43
30 7 49 55 38 77 60 66 87 100 40 43 3 91 8 32 23 37 37 37 61 90 31 1 23 54 66 100 92 55 10 41 18 15 48 26 44 12 83 78 96 35 29 47 57 98 57 49 43 86 93 25 27 84 59 77 65 83 50 54 91 70 30 59 96 42 75 50 52 68 34 96 45 60 57 2 87 84 49 97 60 66 89 57 28 31 32 42 39 27 47 31 98 33 68 44 43 82 10 13
55 92 63 36 70 19 86 79 42 61 76 89 99 63 97 79 27 96 14 93 44 36 98 71 18 19 54 37 31 78 49 82 88 98 84 40 74 5 33 55 48 70 70 93 79 8 8 5 100 9 41 86 12 75 27 89 98 72 82 1 24 54 79 23 67 1 86 7 49 56 65 14 79 21 94 68 80 85 67 91 35 63 16 28 68 96 13 38 70 31 89 25 87 50 38 49 85 77 89 27
51 97 40 47 19 19 54 62 46 90 75 70 97 91 48 56 67 28 90 81 3 6 46 21 43 54 16 43 80 38 20 81 1 33 100 86 94 41 20 85 46 72 46 45 65 15 81 61 21 17 40 87 83 68 27 56 41 39 58 30 3 60 77 4 42 18 38 4 46 21 37 66 47 25 84 97 59 65 95 28 43 93 72 99 73 21 42 90 95 91 95 45 79 19 90 92 14 90 38 49
27 33 48 28 42 94 51 78 48 95 42 29 36 66 42 34 78 38 40 8 11 11 77 25 50 55 28 31 54 99 100 8 31 80 71 81 85 7 54 79 75 31 41 95 100 98 61 16 52 85 69 18 29 88 10 17 99 8 63 31 93 83 11 74 100 97 56 97 58 41 56 5 28 64 18 47 96 63 63 44 90 31 17 83 7 52 47 79 86 19 71 24 19 89 49 51 53 18 92 69
9 50 10 59 11 46 63 64 11 87 94 91 68 12 7 92 7 21 36 100 88 22 95 35 89 16 4 14 55 10 71 81 40 12 84 94 37 32 73 83 65 9 95 68 39 93 33 93 81 25 37 54 20 90 84 44 82 82 93 79 45 73 85 40 89 49 1 30 61 76 47 27 35 53 90 64 66 72 89 89 11 14 34 49 14 92 91 58 74 82 48 71 47 3 2 79 48 99 71 98
20 97 91 85 28 23 87 70 25 47 76 4 7 15 94 100 43 94 66 37 69 28 88 54 90 32 53 53 75 49 56 34 61 43 39 60 12 39 17 91 5 48 94 27 73 75 10 68 94 66 69 3 100 84 23 67 16 56 43 11 56 3 73 83 40 67 5 21 15 5 66 67 37 37 18 98 7 88 22 49 31 39 26 65 94 58 11 55 15 35 12 88 70 13 90 97 97 15 30 56
98 5 32 81 97 40 22 48 39 29 94 13 63 44 67 94 40 46 97 37 87 97 4 13 58 78 63 35 77 4 65 76 12 7 40 58 42 87 16 38 88 26 6 43 9 79 61 44 20 20 49 74 7 3 67 38 91 84 100 30 75 78 29 54 38 95 33 93 71 1 85 43 39 19 93 89 69 75 8 99 12 73 18 2 31 43 48 38 65 62 28 21 28 86 73 49 50 34 41 90
60 74 77 72 3 96 77 16 20 24 84 100 56 43 78 60 27 75 100 46 40 61 64 25 50 70 91 14 54 70 10 31 1 30 16 84 88 33 100 87 48 22 29 75 87 88 19 64 8 53 16 53 69 43 8 94 3 8 77 24 46 100 46 66 27 57 57 1 26 82 55 47 56 61 22 79 33 10 54 72 93 3 17 40 35 21 80 59 27 74 27 12 20 5 67 55 17 11 61 96
82 48 57 43 17 1 49 25 18 30 15 77 54 43 2 78 15 55 24 20 68 46 43 34 98 44 81 31 96 12 61 3 79 49 8 32 57 66 24 12 95 17 86 54 36 95 2 64 11 26 63 23 92 94 28 5 96 60 86 38 31 12 54 82 69 54 58 13 43 12 72 37 42 90 39 12 62 10 84 50 93 56 46 17 2 28 89 29 24 47 60 55 2 64 79 12 1 48 84 55
51 95 16 79 38 12 29 38 36 71 21 79 21 55 73 29 51 19 35 35 88 80 73 39 1 18 75 34 82 61 46 70 74 4 54 47 48 37 37 22 38 64 21 51 49 13 32 21 34 35 14 43 55 14 11 17 97 55 17 75 48 43 88 77 79 89 80 41 6 28 59 32 93 36 96 27 63 4 27 1 59 48 74 29 54 91 15 30 73 28 54 24 32 24 78 69 15 40 31 12
3 97 11 10 72 71 25 87 75 82 85 82 11 58 34 59 8 30 44 85 85 79 66 57 25 86 35 45 68 71 43 76 28 76 64 33 56 13 94 39 91 85 20 84 20 1 19 60 1 3 12 3 6 26 73 77 83 88 32 14 44 36 24 3 64 41 76 27 4 10 89 9 13 100 62 34 29 77 86 78 81 62 21 8 51 43 31 41 55 42 93 91 58 49 86 50 51 88 21 20
88 38 67 88 72 95 32 68 55 50 29 53 89 75 20 99 80 80 31 64 51 8 66 29 67 92 72 72 97 25 96 48 56 78 56 86 93 86 34 64 32 84 48 83 92 63 53 16 66 76 34 55 10 62 15 28 42 12 67 75 35 12 85 86 5 68 52 3 27 9 27 99 3 12 45 53 23 20 76 8 55 7 40 9 65 60 91 87 31 89 27 91 92 90 56 54 38 53 54 68
54 12 56 36 20 60 90 42 40 99 69 95 46 16 17 15 46 10 100 19 95 66 4 45 93 13 64 77 39 6 31 29 86 59 86 37 84 89 25 15 29 28 63 5 8 9 1 52 8 68 64 7 5 57 94 49 52 22 18 87 37 1 59 61 92 98 67 38 38 96 28 35 74 24 79 8 95 25 68 21 68 38 64 44 77 5 56 74 51 38 15 55 71 8 10 93 71 57 3 88
70 71 12 84 50 13 53 47 34 68 93 82 40 8 63 29 39 83 59 49 98 95 69 30 93 33 32 49 16 80 20 71 81 40 28 66 92 73 45 40 66 11 25 86 98 79 11 3 96 33 71 25 91 83 12 31 100 46 73 71 81 64 61 14 82 58 30 82 39 99 99 75 9 88 80 74 46 69 46 9 99 28 96 79 64 1 2 87 99 14 84 66 52 15 57 18 29 16 40 52
80 30 46 22 61 100 46 9 10 47 57 72 76 40 10 10 40 64 45 33 42 72 54 92 5 59 89 58 59 36 87 19 73 28 4 14 30 83 78 48 52 62 56 20 36 41 56 43 8 74 70 78 26 22 7 34 10 70 97 15 46 5 31 24 2 32 43 2 67 2 38 70 60 45 39 52 62 36 52 26 11 46 89 74 94 95 39 99 5 38 68 45 21 43 8 22 45 30 19 3
72 55 52 80 44 43 54 81 19 23 12 30 29 8 38 8 98 55 13 20 18 1 12 79 13 34 85 66 8 62 46 48 85 8 21 70 50 86 4 22 45 8 25 52 99 8 69 80 70 34 31 52 71 13 27 85 72 30 36 63 26 48 51 35 63 55 49 59 81 53 46 100 62 21 83 43 83 74 21 28 87 60 95 76 50 77 26 76 89 47 67 78 96 56 17 8 69 26 71 88
6 71 88 46 34 64 77 16 80 82 55 65 36 61 14 95 2 13 13 72 69 33 27 3 8 6 49 48 15 16 65 24 48 18 94 65 67 100 41 70 75 60 83 10 86 66 64 38 68 21 76 28 90 5 28 13 84 98 35 15 53 84 9 55 31 85 44 37 19 29 5 66 86 48 73 57 75 65 24 57 51 17 23 81 14 73 57 49 68 16 19 36 20 56 84 31 40 12 73 81
85 10 6 83 56 39 77 6 97 51 12 59 47 1 17 34 45 18 68 2 71 93 28 84 91 91 42 22 49 91 3 26 78 73 84 62 93 39 98 66 52 17 46 13 16 53 71 4 97 53 51 93 61 39 80 70 91 77 2 88 37 26 76 71 17 81 82 35 30 1 98 53 82 81 83 74 47 5 53 79 32 84 35 29 38 55 41 15 87 38 58 50 33 74 85 25 34 58 46 21
98 34 87 22 13 37 83 59 87 33 19 54 90 57 84 43 95 18 100 11 55 62 68 84 71 37 77 39 77 96 90 65 85 52 30 38 13 35 6 3 13 70 9 97 17 10 65 95 87 22 33 25 55 1 65 57 38 100 22 34 99 87 35 2 12 97 79 36 92 65 19 3 95 22 82 54 11 21 48 28 62 45 68 97 56 43 13 26 22 100 6 41 35 88 1 93 90 16 37 97
44 78 24 46 35 50 87 6 44 61 39 14 65 46 52 76 37 41 52 6 68 19 34 65 30 53 48 85 63 76 97 36 36 89 91 9 61 95 24 48 66 33 83 51 3 64 18 86 23 41 86 70 87 91 2 50 74 71 3 23 100 95 4 50 17 52 29 24 59 15 45 42 43 11 60 56 40 93 90 54 48 64 58 45 47 30 54 15 1 95 31 35 32 4 20 3 78 14 50 18
83 84 90 28 78 30 50 8 40 4 72 53 30 55 49 88 49 34 26 21 27 11 33 44 51 15 61 34 55 91 33 40 77 21 18 87 60 58 40 5 60 17 60 91 93 64 7 75 48 50 1 99 74 37 78 95 45 92 33 28 65 95 64 93 15 65 11 7 84 63 88 39 51 4 65 54 7 69 84 5 68 37 20 58 12 55 77 59 63 47 90 36 66 6 29 10 99 2 31 79
26 77 84 91 94 85 89 1 22 16 4 6 25 77 7 45 57 51 5 29 48 40 46 91 96 36 53 43 24 35 67 39 38 1 57 69 60 28 50 98 66 83 90 60 28 93 10 17 63 4 41 24 41 47 59 92 71 30 28 71 51 48 55 65 85 65 39 68 21 17 89 86 41 81 71 40 85 29 93 70 72 29 70 17 4 28 82 20 86 94 17 62 31 41 54 38 78 98 97 40
5 85 98 76 65 50 47 77 26 9 39 39 31 72 12 75 36 56 14 22 13 5 22 9 44 62 77 49 69 96 5 67 41 14 88 93 33 66 50 57 49 5 90 69 33 44 55 87 58 53 81 27 100 4 77 28 66 75 21 96 59 56 1 47 80 1 93 28 50 69 20 60 41 9 100 43 81 57 27 1 88 60 57 31 12 97 23 26 2 96 4 15 23 36 98 72 38 27 31 54
35 31 96 55 22 89 50 22 95 87 55 20 37 98 35 41 20 90 68 68 51 85 62 55 85 62 44 27 92 86 7 78 16 56 24 34 5 2 35 37 99 10 41 5 81 1 67 70 76 85 92 41 38 23 89 32 78 93 86 83 45 92 13 85 65 84 82 16 29 14 41 61 34 98 83 43 21 91 85 5 45 88 74 26 85 100 60 41 45 52 82 73 65 35 92 67 71 47 55 5
99 78 70 73 83 27 89 43 88 34 44 43 30 34 4 91 10 62 6 83 78 61 86 85 45 93 78 55 61 17 62 71 41 95 47 30 43 34 33 4 38 48 86 84 87 54 32 63 89 31 44 65 10 11 59 30 40 57 85 86 12 26 29 64 17 79 48 60 52 25 62 51 59 32 5 71 12 54 87 26 28 17 10 36 88 54 97 77 2 67 86 43 74 75 46 100 15 32 69 98
64 1 87 100 100 34 14 20 14 29 61 22 29 74 59 51 68 10 100 53 75 10 5 43 81 94 78 16 45 64 62 85 7 35 61 86 68 18 81 88 80 11 17 48 19 76 37 43 18 31 4 75 100 96 86 49 41 49 21 71 53 41 26 40 23 57 4 74 36 96 57 75 75 64 93 31 23 42 38 12 55 1 12 19 13 8 56 94 40 34 15 51 42 74 86 88 30 5 8 83
67 96 20 84 74 16 23 12 92 75 11 5 2 36 69 16 72 18 1 22 80 15 96 29 81 91 50 24 28 10 32 58 57 30 92 96 33 31 16 66 74 61 92 39 96 52 87 86 7 11 91 48 68 15 71 75 93 100 14 21 23 3 74 30 26 90 22 94 16 2 48 19 42 35 37 73 83 97 14 46 1 85 79 96 93 97 90 9 2 29 94 27 37 14 100 96 59 84 42 75
36 87 98 55 99 13 54 40 25 51 33 64 2 25 44 96 90 19 63 79 92 50 57 61 1 42 47 99 99 4 3 39 80 79 52 20 77 27 70 47 26 95 2 67 19 63 80 85 35 72 10 55 40 87 25 16 28 79 87 85 55 91 79 93 84 3 92 43 100 93 2 43 1 35 43 8 55 80 37 10 85 48 53 68 21 48 72 59 1 21 95 79 57 31 28 53 57 45 11 18
57 39 82 16 10 53 17 63 42 38 17 89 6 67 15 68 68 85 59 35 56 60 21 3 3 98 95 76 58 99 33 57 95 78 66 25 57 55 56 30 73 19 74 82 81 85 23 99 12 2 1 23 37 88 43 5 85 42 12 26 19 47 54 100 58 72 62 42 63 19 28 100 3 13 16 90 95 22 74 63 41 20 100 16 33 97 82 16 53 1 31 39 89 47 5 74 19 98 61 77
18 16 100 87 48 34 73 21 86 98 36 13 75 5 6 41 11 43 58 65 21 57 56 25 91 82 56 99 9 17 12 47 33 85 81 96 53 72 24 22 1 66 13 68 63 74 96 71 84 83 99 68 65 48 10 7 61 35 45 20 57 99 15 43 21 100 47 22 21 69 4 49 64 72 76 65 12 64 94 18 74 35 64 32 19 53 6 7 12 60 13 37 17 74 90 30 48 64 46 50
88 84 66 32 12 69 3 35 58 17 16 33 83 88 51 21 49 4 40 25 71 4 3 41 43 76 77 15 53 81 58 91 83 53 86 9 24 74 40 96 34 3 94 77 59 95 62 24 82 49 96 70 38 47 33 81 10 31 67 44 57 51 71 46 61 100 55 88 28 29 68 92 99 97 79 49 24 6 34 89 71 84 77 90 65 5 17 96 95 42 10 37 87 42 40 38 74 93 23 22
29 20 75 60 73 31 44 90 48 71 74 15 31 53 41 40 77 90 45 83 65 60 100 24 87 54 90 84 34 88 88 70 6 54 80 24 72 12 17 47 47 40 60 67 6 16 30 81 45 78 39 29 16 91 26 2 9 87 17 88 18 85 35 97 87 10 45 67 41 38 74 77 11 63 38 92 100 85 73 16 86 50 91 79 41 82 92 18 86 37 53 81 61 68 72 79 45 34 96 94
19 48 15 76 46 51 26 67 50 84 54 90 58 80 67 69 91 69 89 85 25 69 66 16 91 69 59 27 95 65 66 4 39 34 91 79 31 52 42 92 47 21 9 19 3 9 66 90 14 100 30 30 82 77 59 4 5 41 72 30 65 47 55 50 28 36 76 99 95 10 42 22 15 85 25 30 69 46 91 59 86 71 48 15 22 22 9 14 18 10 46 83 95 84 35 12 78 42 24 51
9 37 88 69 39 82 80 88 86 29 47 15 44 67 57 44 56 1 92 37 83 58 98 55 2 84 13 57 37 93 48 96 21 9 75 6 98 66 100 64 60 64 10 59 87 46 29 30 72 37 24 90 6 47 100 58 49 83 66 13 22 39 11 65 59 66 66 29 64 7 34 38 75 89 60 42 7 53 58 61 71 21 53 13 61 55 44 39 77 53 42 29 4 17 99 99 64 52 98 53
42 91 17 68 61 42 44 45 29 84 51 28 64 79 34 69 12 8 42 90 69 98 25 81 19 80 14 9 19 39 11 91 27 84 71 12 60 22 15 71 32 80 39 32 39 66 57 14 21 84 89 13 89 50 35 100 100 26 81 52 53 99 44 75 43 40 70 38 23 64 62 81 96 67 39 48 1 69 48 93 78 38 7 41 13 78 60 7 2 41 76 56 4 37 11 28 79 90 7 91
15 38 75 91 94 19 55 25 25 10 4 10 98 45 62 56 26 48 27 82 13 87 63 56 59 23 58 98 14 14 30 87 11 39 14 76 25 90 42 18 3 76 24 89 94 95 47 14 27 57 33 96 14 14 90 29 15 58 70 58 92 76 7 81 63 35 81 1 85 22 78 92 39 51 78 48 73 59 5 7 24 6 78 41 16 48 60 22 78 79 35 72 81 23 58 73 3 54 38 57
99 34 57 15 78 87 4 30 35 25 34 70 6 21 62 70 23 39 62 64 35 53 77 23 18 18 54 69 76 92 27 89 50 62 96 34 79 100 79 65 12 93 16 11 36 68 25 91 100 78 40 82 82 11 56 24 26 2 56 78 1 46 86 1 18 58 31 98 79 38 79 41 93 51 20 47 58 38 42 3 74 41 22 17 63 51 35 74 62 36 12 91 79 74 91 56 48 89 50 34
25 50 56 8 65 100 70 34 29 58 58 31 1 56 56 49 99 72 15 34 9 28 86 30 21 37 24 2 70 41 61 43 9 14 26 99 41 54 42 3 80 54 21 86 97 63 77 29 54 70 32 84 11 70 98 99 79 59 99 20 55 77 91 96 71 11 76 45 63 46 64 27 91 53 51 41 75 18 75 86 70 72 58 31 8 35 19 39 57 33 6 6 56 14 57 42 92 86 99 95
37 57 19 81 82 75 100 92 42 61 88 87 37 72 5 39 1 77 43 66 32 45 31 51 31 46 27 69 99 81 23 60 59 17 8 54 22 44 91 22 31 12 13 41 54 65 16 61 85 69 48 67 27 21 67 4 59 86 21 72 64 6 44 38 23 39 87 69 58 16 90 75 4 44 29 63 66 43 40 77 52 96 31 43 10 11 9 36 52 98 47 87 72 35 30 85 83 16 64 64
79 75 55 52 88 7 6 10 27 63 98 22 87 29 44 93 62 5 91 8 15 23 96 60 82 42 84 18 23 27 67 44 51 10 23 45 32 2 94 13 39 79 43 21 69 83 58 66 37 54 47 76 47 55 53 4 34 2 80 73 85 27 43 91 93 71 62 65 18 50 70 41 82 16 2 58 74 60 98 45 10 10 82 79 8 67 14 14 80 51 60 13 11 62 93 61 26 43 47 21
89 13 58 42 43 62 2 40 38 43 77 91 22 20 72 21 91 20 35 87 17 93 73 23 33 19 73 17 20 74 19 9 13 41 74 99 58 70 74 99 26 96 21 68 3 70 93 28 75 17 56 62 84 31 98 46 45 6 55 96 22 81 27 48 55 64 82 73 75 58 19 88 30 98 82 19 20 39 93 77 76 81 100 53 66 67 25 83 5 11 67 41 60 10 85 14 41 96 69 95
83 80 9 23 4 15 98 25 90 43 55 47 99 50 17 12 62 4 72 25 32 70 20 37 71 43 77 44 62 100 40 10 53 50 84 39 98 90 59 5 72 58 36 95 47 75 69 37 12 7 36 89 39 3 84 12 34 23 29 62 63 84 55 61 65 86 19 29 87 84 75 24 2 33 24 80 48 60 9 25 36 6 9 79 64 78 77 29 13 61 63 51 90 44 26 41 11 35 64 44
12 39 40 17 32 74 47 44 95 89 45 23 99 2 23 58 13 47 4 29 44 3 9 84 14 52 17 46 96 45 1 93 3 16 71 97 55 94 1 23 74 62 32 76 44 23 82 79 50 42 93 59 12 88 65 92 36 36 15 75 68 95 83 76 58 19 71 11 42 65 53 43 32 27 52 79 60 66 21 21 98 80 87 8 77 92 32 96 19 68 90 9 85 63 34 80 65 40 30 52
45 64 5 53 78 16 99 26 41 57 49 53 45 55 88 71 77 23 13 7 83 36 100 31 21 96 77 21 74 52 54 88 93 29 63 60 50 9 94 89 37 26 10 98 39 84 46 49 66 85 18 62 80 80 90 34 91 66 46 69 67 41 40 22 57 34 36 29 79 2 73 49 100 95 52 41 25 28 66 53 71 50 57 53 91 52 23 49 56 85 35 85 16 77 36 3 89 13 3 15
93 39 59 90 96 26 59 54 6 97 8 32 33 22 43 63 23 89 53 17 22 93 49 56 55 46 10 82 54 72 14 96 45 49 66 7 71 73 50 36 14 53 47 14 70 37 60 1 44 41 46 17 39 31 92 55 82 18 17 24 23 46 19 76 86 38 88 65 48 94 51 39 78 3 17 26 12 63 28 98 19 77 27 38 71 69 8 85 25 40 31 28 84 3 75 48 60 68 10 7
96 44 52 45 52 6 100 45 35 69 70 43 71 78 8 8 57 12 4 36 98 80 46 39 34 74 38 96 8 77 100 82 26 43 18 55 23 4 1 46 58 85 80 15 56 10 17 62 81 65 66 88 19 17 75 5 47 61 4 95 61 55 17 45 62 11 81 96 100 84 44 18 77 44 20 51 87 55 38 9 39 62 76 14 31 17 54 85 78 95 69 10 15 8 35 25 73 32 44 50
18 41 57 56
11 55 36 79
7 6 8 68
8 78 73 87
3 8 59 34
24 36 72 64
63 52 90 62
5 12 26 61
29 51 94 93
24 82 48 89
13 10 88 28
39 58 96 63
2 57 71 81
88 6 95 38
36 63 88 81
53 26 73 62
80 28 81 73
35 25 53 37
63 20 65 26
33 82 96 83
20 49 97 81
46 55 72 67
34 17 70 94
50 1 57 72
96 6 100 11
17 9 52 43
42 17 91 50
47 24 56 34
81 31 98 87
41 27 50 48
16 11 18 47
26 22 78 65
42 42 74 63
68 15 92 89
3 67 60 98
1 51 37 80
66 75 80 88
15 34 61 65
66 8 66 54
32 22 61 66
3 11 51 95
57 22 97 60
20 69 22 85
6 62 61 68
22 29 68 88
59 91 93 93
16 12 81 77
4 2 80 58
41 8 72 11
90 47 98 96
17 21 54 36
72 33 86 69
2 6 53 20
7 20 70 33
14 33 52 72
36 56 39 87
8 85 37 88
16 43 26 59
31 19 34 92
25 16 72 74
28 22 39 77
70 8 81 43
24 74 69 88
34 54 36 85
55 75 92 80
34 11 37 24
54 11 60 79
43 28 96 63
42 61 81 76
19 84 71 99
47 84 58 95
43 33 72 80
10 73 80 73
19 37 56 79
29 61 49 91
27 17 30 82
19 17 50 19
49 41 95 45
45 64 94 68
45 40 60 50
31 45 60 75
6 8 60 62
62 40 78 52
48 17 81 53
12 16 80 35
6 45 75 75
19 34 95 91
5 1 33 53
55 16 85 100
21 38 45 53
28 2 57 89
20 57 94 94
57 18 100 81
30 31 84 40
17 10 65 13
10 2 83 46
78 43 98 85
60 66 80 99
9 56 100 75
22 25 88 56
