10 19 83
7 6 10 15 17 14 7 16
173 4 3 17 6 18 11 5 5 4 0 12 14 0 13 9 6 7 4 3 4 9 2 16 3 8 11 10 8 1 4 8 7 3 7 18 5 17 16 5 12 5 0 7 11 3 17 2 8 17 13 2 3 14 11 8 9 0 2 4 9 7 18 14 13 11 7 17 16 8 2 13 10 4 9 11 15 12 6 3 14 17 16 12 2 8 3 10 12 11 11 0 6 18 7 3 15 11 8 1 5 1 0 14 18 0 0 12 3 10 9 11 0 11 7 8 14 4 18 6 1 10 11 2 0 1 16 9 15 9 10 9 6 3 5 6 0 18 4 0 3 13 9 2 8 8 18 15 0 0 13 6 16 2 0 14 12 3 8 7 16 3 11 8 1 0 18 14 2 14 14 16 11 13
5 9 13 3 3 11 23
1 4 33
20 15 6 1 6 15 9 16 5 17 0 14 5 9 7 18 4 11 14 6 1 15
14 4 14 16 7 17 7 9 17 4 2 14 18 4 10 23
15 2 13 18 14 14 13 3 3 16 7 17 17 10 2 9 31
12 9 11 6 14 0 13 15 13 5 15 15 10 5
9 10 11 12 13 11 7 18 11 11 1
8 5 17 13 2 6 9 2 7 9
17 6 14 12 4 9 1 17 10 1 13 11 3 10 18 12 7 14 15
13 10 5 17 7 8 16 5 2 8 5 7 15 3 5
