539
1 13
2 13
2 10
1 18
1 9
1 20
1 1
2 20
1 3
1 7
1 5
1 12
2 18
1 15
2 15
1 10
2 12
1 5
2 10
1 18
2 18
1 11
1 14
2 14
1 13
2 13
2 11
1 10
2 10
2 9
2 7
2 5
2 5
1 20
2 20
1 20
2 20
1 15
2 15
1 4
1 13
2 13
2 4
1 4
2 4
1 1
2 3
1 20
1 17
1 13
2 20
2 17
2 13
1 11
2 11
1 2
2 2
1 13
2 13
2 1
1 5
2 5
2 1
1 6
1 10
2 10
1 3
1 17
1 10
1 16
2 17
1 16
1 18
1 10
1 12
2 18
2 16
2 16
1 5
2 12
2 10
2 10
2 6
2 5
2 3
1 10
1 19
2 19
2 10
2 3
1 15
1 16
2 16
2 15
1 13
1 5
2 13
1 7
1 10
2 10
1 14
1 17
1 5
2 17
1 5
2 14
1 17
1 7
1 14
1 11
1 2
2 17
1 10
1 16
1 12
2 16
2 14
2 12
1 14
1 10
1 19
2 19
2 14
2 11
1 8
1 18
1 18
1 14
2 18
1 17
2 18
1 20
2 20
2 17
2 14
1 1
2 10
2 10
1 7
2 8
1 4
1 3
1 13
2 13
2 7
2 7
2 7
1 13
2 13
1 20
2 20
1 17
2 17
1 17
2 17
1 19
1 19
1 4
2 19
2 19
2 5
2 5
2 5
2 4
1 11
1 2
2 11
1 17
1 15
2 17
1 2
2 15
2 4
1 14
2 14
1 18
2 18
1 4
2 4
1 9
1 9
1 11
2 11
1 12
1 6
2 12
1 11
2 11
2 9
2 9
1 16
2 16
2 6
1 9
1 14
1 19
1 8
1 14
2 19
1 11
1 7
1 17
2 17
2 14
2 14
2 11
2 9
1 16
2 16
1 18
1 15
2 18
1 7
1 16
2 16
1 7
1 17
2 17
1 20
2 20
2 15
1 5
1 4
2 8
1 18
1 8
1 4
1 13
2 18
2 13
2 8
2 7
1 2
2 7
1 14
1 11
1 10
1 20
1 7
2 20
2 14
1 12
2 12
1 4
1 18
2 18
1 8
2 11
2 10
2 8
2 7
2 7
1 10
2 10
1 4
1 18
2 18
2 5
1 4
2 4
2 4
1 2
2 4
1 17
2 17
2 4
1 20
2 20
2 4
2 3
1 10
2 10
2 2
1 15
1 4
1 9
2 15
2 9
1 1
1 12
1 6
2 12
1 5
2 6
1 4
1 3
2 5
1 1
1 15
2 15
1 7
2 7
1 9
2 9
2 4
2 4
2 3
1 1
1 11
1 19
1 14
2 19
1 5
2 14
2 11
2 5
1 10
1 13
2 13
1 1
1 8
1 3
1 14
1 14
1 12
2 14
1 12
1 20
1 17
1 10
1 10
2 20
1 11
2 17
1 1
2 14
1 16
2 16
2 12
1 13
1 7
1 4
2 13
2 12
1 18
1 16
1 19
2 19
2 18
1 7
2 16
2 11
2 10
2 10
2 10
1 1
2 8
2 7
1 9
2 9
1 9
2 9
1 4
1 3
1 15
1 6
1 19
1 1
2 19
1 3
2 15
1 1
1 3
1 13
1 17
1 7
1 18
2 18
2 17
2 13
2 7
1 6
2 7
2 6
1 9
2 9
1 5
2 6
1 7
2 7
2 5
1 13
1 14
2 14
2 13
1 17
2 17
2 4
2 4
1 6
2 6
1 5
2 5
2 3
1 14
1 2
1 11
2 14
1 10
2 11
1 4
2 10
2 4
1 12
1 9
2 12
2 9
2 3
2 3
1 12
1 20
1 13
1 10
1 13
2 20
2 13
1 1
2 13
2 12
1 6
2 10
2 6
2 3
2 2
2 2
1 6
2 6
1 14
1 3
1 14
1 3
2 14
2 14
2 3
2 3
1 4
2 4
2 2
1 16
1 2
2 16
1 16
1 19
1 5
1 4
1 18
2 19
1 3
2 18
1 2
2 16
1 5
1 13
1 6
2 13
1 10
1 10
1 10
1 10
2 10
2 10
1 7
1 4
2 10
2 10
1 16
2 16
1 10
2 10
1 2
2 7
2 6
2 5
1 2
2 5
2 4
2 4
1 20
2 20
2 3
1 19
2 19
2 2
1 4
2 4
2 2
2 2
2 2
2 2
1 13
2 13
1 2
1 8
2 8
1 14
2 14
2 2
1 8
2 8
1 16
2 16
1 2
1 11
2 11
1 18
1 11
2 18
1 4
2 11
2 4
1 19
2 19
2 2
2 2
2 1
1 9
2 9
1 6
2 6
1 7
1 5
2 7
2 5
1 6
2 6
1 8
1 8
2 8
2 8
1 14
2 14
1 6
1 7
1 19
2 19
2 7
2 6
1 5
2 5
