191
1 9
1 1
1 5
1 7
2 7
1 10
1 11
1 2
2 2
1 10
2 10
1 15
1 1
1 17
2 17
1 5
2 5
1 4
2 4
1 19
1 10
2 10
2 19
2 1
2 15
1 5
1 18
1 14
1 2
2 2
1 13
1 10
2 10
2 13
2 14
1 7
1 2
1 16
2 16
2 2
1 12
1 11
1 2
1 7
1 8
2 8
2 7
2 2
2 11
2 12
2 7
2 18
2 5
2 11
2 10
1 2
1 3
1 7
1 14
1 1
2 1
1 16
1 20
1 18
1 4
2 4
2 18
1 11
2 11
1 15
1 17
2 17
1 20
1 5
2 5
1 14
2 14
1 19
1 9
2 9
2 19
1 14
1 4
2 4
2 14
1 18
2 18
1 10
1 16
2 16
1 10
2 10
1 19
2 19
1 9
1 10
2 10
1 16
2 16
2 9
2 10
2 20
2 15
1 4
1 1
1 19
1 17
1 2
2 2
1 10
2 10
1 3
1 13
1 20
1 18
1 12
2 12
1 17
2 17
1 15
1 16
1 7
1 7
2 7
2 7
2 16
1 5
1 2
1 3
2 3
2 2
2 5
2 15
1 13
2 13
2 18
1 1
1 4
2 4
2 1
1 2
2 2
2 20
2 13
1 6
1 6
1 7
2 7
2 6
1 13
2 13
1 2
2 2
1 10
1 13
2 13
2 10
1 10
2 10
1 6
1 19
2 19
2 6
2 6
2 3
1 8
2 8
2 17
2 19
1 10
2 10
2 1
2 4
1 7
2 7
1 3
2 3
1 15
2 15
1 12
1 4
2 4
2 12
2 20
2 16
1 9
1 6
2 6
1 2
1 7
1 2
