145
1 3
2 3
1 2
2 2
1 11
2 11
1 7
1 20
1 20
2 20
1 15
1 6
2 6
1 14
1 3
1 19
2 19
2 3
1 12
1 6
2 6
1 15
1 15
1 13
2 13
2 15
1 8
2 8
1 18
2 18
1 4
1 13
2 13
1 1
2 1
2 4
1 20
2 20
2 15
2 12
1 4
1 2
2 2
2 4
1 6
2 6
2 14
2 15
1 3
1 7
1 1
2 1
1 14
1 11
1 16
2 16
2 11
1 17
2 17
2 14
1 1
1 16
1 20
2 20
1 15
1 3
2 3
1 19
2 19
2 15
1 19
1 20
1 1
2 1
1 7
1 18
1 16
1 8
2 8
1 5
2 5
1 7
2 7
2 16
2 18
1 6
2 6
2 7
1 4
1 3
1 4
1 18
2 18
2 4
2 3
1 1
1 17
1 7
2 7
2 17
2 1
2 4
2 20
1 11
1 9
2 9
1 12
1 10
1 14
1 19
2 19
2 14
2 10
1 19
2 19
2 12
1 18
1 18
1 14
2 14
2 18
1 1
1 14
1 6
1 12
1 16
1 13
1 4
2 4
1 17
1 18
1 18
2 18
2 18
2 17
2 13
1 3
2 3
1 18
1 6
2 6
2 18
2 16
2 12
2 6
