560
1 17
2 17
1 14
1 5
1 15
1 18
2 14
1 4
2 5
2 15
2 18
2 4
1 8
1 16
1 4
1 15
2 8
2 16
2 4
2 15
1 6
2 6
1 11
1 15
2 11
2 15
1 11
1 20
2 11
2 20
1 15
2 15
1 15
1 14
1 6
1 9
2 15
1 14
2 14
2 6
2 9
1 3
2 14
2 3
1 5
1 13
2 5
1 14
1 14
2 13
1 19
1 18
1 13
2 14
2 14
2 19
1 9
2 18
1 18
2 13
1 6
2 9
1 12
1 5
1 16
2 18
1 6
1 2
2 6
2 12
2 5
1 13
2 16
2 6
1 2
2 2
2 13
2 2
1 10
1 14
1 2
2 10
2 14
2 2
1 14
1 5
2 14
1 20
1 9
2 5
1 16
1 19
1 8
2 20
1 4
2 9
2 16
1 4
1 12
2 19
1 5
1 20
2 8
2 4
1 19
1 11
2 4
2 12
2 5
2 20
1 19
2 19
1 9
2 11
1 14
2 19
2 9
1 7
1 10
1 20
2 14
2 7
1 6
1 6
1 19
1 2
2 10
1 13
1 8
1 4
2 20
2 6
2 6
2 19
1 10
2 2
2 13
1 4
2 8
1 4
2 4
2 10
2 4
2 4
1 2
1 3
1 1
2 2
1 15
1 7
1 10
2 3
1 1
1 8
1 4
2 1
1 6
1 14
2 15
1 9
2 7
2 10
2 1
1 5
2 8
1 7
2 4
2 6
2 14
2 9
2 5
1 5
2 7
1 3
2 5
2 3
1 3
1 9
1 7
1 14
2 3
1 6
1 13
2 9
2 7
2 14
1 17
2 6
1 15
1 13
1 19
1 16
2 13
2 17
1 2
2 15
2 13
2 19
1 11
1 3
1 14
2 16
1 13
1 3
2 2
1 4
1 4
1 9
1 18
2 11
2 3
1 1
1 19
1 11
2 14
2 13
1 4
1 4
2 3
1 2
2 4
1 3
2 4
1 1
1 4
2 9
2 18
1 20
1 20
2 1
2 19
2 11
2 4
1 13
2 4
2 2
1 10
1 19
2 3
1 2
1 9
2 1
2 4
2 20
2 20
2 13
2 10
2 19
1 1
2 2
1 18
2 9
2 1
2 18
1 11
2 11
1 13
1 3
1 6
1 5
1 1
2 13
2 3
2 6
2 5
2 1
1 11
1 14
1 18
1 17
2 11
2 14
1 2
1 4
2 18
1 5
1 1
2 17
2 2
1 12
2 4
2 5
2 1
2 12
1 9
2 9
1 17
2 17
1 11
1 10
2 11
1 1
1 10
2 10
1 20
1 2
2 1
1 17
1 7
1 8
2 10
1 1
1 2
1 2
1 10
2 20
1 14
1 2
2 2
1 4
2 17
1 9
1 3
2 7
2 8
2 1
1 17
1 15
2 2
1 17
1 14
1 13
1 6
1 9
2 2
1 12
1 20
1 3
1 16
1 10
2 10
1 4
1 7
2 14
1 7
1 3
2 2
1 3
1 13
2 4
2 9
2 3
1 3
2 17
1 11
1 1
1 20
1 9
1 1
2 15
2 17
1 8
1 18
1 18
1 12
1 11
2 14
2 13
1 10
1 1
1 8
1 16
2 6
1 2
1 19
1 15
1 9
2 9
1 4
2 12
2 20
2 3
2 16
2 10
1 15
1 6
1 18
1 2
1 10
2 4
1 4
1 14
2 7
1 18
1 18
1 14
1 15
1 12
2 7
2 3
2 3
2 13
1 18
2 3
1 11
1 9
2 11
2 1
1 14
1 15
1 7
1 13
2 20
1 15
2 9
2 1
2 8
2 18
2 18
2 12
2 11
2 10
2 1
1 11
2 8
2 16
1 7
2 2
1 10
1 16
2 19
2 15
2 9
1 9
1 12
1 7
1 3
1 20
1 13
1 12
2 4
1 15
1 3
2 15
1 15
1 2
1 8
2 6
2 18
2 2
2 10
1 11
2 4
1 2
1 13
2 14
1 13
1 8
1 16
1 4
2 18
1 5
1 20
1 6
1 7
1 8
1 8
1 17
1 8
2 18
2 14
1 12
1 4
1 4
1 19
1 1
2 15
1 17
1 6
1 7
2 12
2 18
2 11
1 18
1 9
2 9
1 4
1 8
1 12
2 14
1 4
2 15
1 6
1 6
1 18
2 7
2 13
2 15
1 9
2 11
1 10
1 15
2 7
2 10
2 16
2 9
2 12
2 7
1 13
1 11
2 3
1 18
2 20
1 3
1 2
1 4
2 13
2 12
2 15
2 3
2 15
2 2
1 11
1 19
1 8
1 9
2 8
1 14
1 4
1 3
1 13
1 15
2 11
1 4
2 2
2 13
1 2
2 13
1 15
1 19
2 8
2 16
1 8
1 10
2 4
2 5
2 20
1 7
2 6
1 11
1 9
1 14
1 7
2 7
1 20
2 8
1 3
1 13
2 8
1 15
1 13
2 17
1 16
1 5
2 8
2 12
2 4
2 4
2 19
2 1
