816
1 18
1 13
1 12
2 12
1 3
2 3
2 13
1 1
2 1
2 18
1 6
2 6
1 2
1 19
1 1
2 1
2 19
2 2
1 11
2 11
1 10
1 10
2 10
2 10
1 15
1 8
1 17
2 17
1 3
1 2
2 2
2 3
2 8
2 15
1 2
1 12
2 12
1 7
1 20
2 20
1 7
1 16
1 15
1 14
2 14
1 4
2 4
2 15
1 16
2 16
1 13
2 13
1 2
2 2
2 16
2 7
1 19
2 19
1 15
2 15
1 15
2 15
1 16
2 16
1 14
1 8
1 7
1 11
2 11
2 7
2 8
2 14
2 7
1 14
2 14
2 2
1 14
1 11
2 11
2 14
1 8
2 8
1 11
2 11
1 6
1 10
2 10
1 17
2 17
2 6
1 11
2 11
1 6
1 13
2 13
1 6
2 6
1 14
1 19
1 7
2 7
1 17
2 17
1 15
2 15
1 10
1 10
1 18
2 18
1 5
1 7
1 18
1 11
2 11
2 18
1 20
1 11
2 11
2 20
2 7
2 5
1 1
2 1
2 10
2 10
1 7
2 7
1 8
1 12
1 12
1 14
2 14
2 12
2 12
1 18
1 9
1 14
1 3
2 3
1 9
2 9
2 14
2 9
2 18
2 8
1 8
2 8
2 19
2 14
2 6
1 3
2 3
1 6
2 6
1 5
1 16
2 16
2 5
1 5
2 5
1 13
1 17
2 17
2 13
1 1
1 9
2 9
2 1
1 9
2 9
1 17
2 17
1 9
1 12
2 12
2 9
1 4
2 4
1 14
1 16
2 16
1 1
2 1
1 17
2 17
2 14
1 12
1 20
1 3
1 6
1 16
1 6
1 1
1 18
1 9
1 1
1 19
2 19
1 7
1 14
2 14
1 16
1 1
2 1
2 16
1 2
1 2
1 16
1 6
2 6
1 17
2 17
1 4
1 2
1 13
1 19
1 18
1 11
1 16
2 16
2 11
2 18
2 19
1 20
2 20
2 13
2 2
2 4
2 16
1 14
2 14
2 2
2 2
1 14
2 14
1 15
1 5
2 5
2 15
1 5
2 5
1 6
2 6
1 8
1 17
2 17
1 20
1 9
1 12
2 12
2 9
1 4
2 4
2 20
1 20
1 3
2 3
2 20
1 14
1 16
2 16
2 14
1 3
2 3
2 8
2 7
2 1
2 9
2 18
1 12
2 12
1 6
2 6
1 19
1 13
2 13
1 5
2 5
2 19
1 5
2 5
2 1
2 6
1 12
2 12
2 16
2 6
2 3
2 20
2 12
1 6
1 16
2 16
1 13
2 13
2 6
1 16
2 16
1 19
2 19
1 3
1 15
1 8
2 8
1 5
1 20
1 5
2 5
2 20
1 5
2 5
1 14
2 14
1 11
1 8
2 8
2 11
1 11
2 11
1 4
2 4
2 5
2 15
1 5
1 18
1 1
1 14
2 14
1 2
1 7
1 16
1 20
2 20
1 5
2 5
2 16
2 7
2 2
1 6
1 18
1 20
2 20
2 18
2 6
1 16
1 2
2 2
1 17
1 16
2 16
1 15
2 15
1 17
2 17
2 17
2 16
1 15
1 12
2 12
2 15
1 20
2 20
2 1
2 18
2 5
2 3
1 6
1 20
2 20
2 6
1 9
1 4
2 4
2 9
1 2
2 2
1 7
1 19
1 2
2 2
1 12
2 12
2 19
1 4
2 4
1 8
1 2
2 2
1 12
2 12
2 8
1 17
1 3
2 3
1 11
2 11
1 1
2 1
2 17
1 4
1 16
1 1
1 9
2 9
2 1
2 16
2 4
2 7
1 10
1 4
2 4
1 18
2 18
2 10
1 7
2 7
1 9
2 9
1 11
1 19
2 19
1 6
2 6
1 20
2 20
1 12
2 12
1 12
2 12
1 16
1 20
1 12
2 12
2 20
2 16
1 10
1 15
1 6
2 6
2 15
2 10
1 4
1 14
1 12
2 12
1 19
2 19
1 8
1 19
2 19
1 4
1 3
1 3
2 3
2 3
1 2
1 15
2 15
1 19
1 18
2 18
2 19
2 2
2 4
1 14
1 11
2 11
2 14
2 8
1 3
2 3
1 10
1 10
1 15
2 15
1 5
1 10
1 6
2 6
1 14
1 12
2 12
2 14
2 10
1 19
2 19
1 20
2 20
2 5
1 9
2 9
1 11
1 1
2 1
1 12
1 18
1 17
1 1
2 1
1 19
2 19
2 17
2 18
2 12
1 3
1 1
1 3
2 3
2 1
1 9
2 9
2 3
1 19
2 19
2 11
2 10
2 10
1 20
2 20
2 14
1 9
2 9
2 4
1 11
1 5
2 5
2 11
1 2
1 11
2 11
2 2
1 20
2 20
1 14
2 14
2 11
1 11
1 14
1 4
2 4
1 3
2 3
2 14
2 11
1 4
1 18
1 4
1 4
2 4
2 4
2 18
1 12
2 12
2 4
1 1
2 1
1 18
2 18
1 11
1 2
2 2
2 11
1 8
2 8
1 8
2 8
1 5
2 5
1 19
1 11
2 11
1 6
1 9
2 9
1 19
1 19
2 19
2 19
1 8
2 8
1 2
1 19
1 19
1 16
2 16
2 19
1 13
1 14
2 14
2 13
1 2
1 20
2 20
1 14
1 14
2 14
2 14
2 2
1 12
1 9
2 9
1 10
1 20
2 20
2 10
2 12
2 19
2 2
1 10
1 20
2 20
2 10
2 6
1 2
1 6
2 6
1 14
1 7
2 7
1 4
1 13
2 13
1 10
1 12
1 11
2 11
2 12
1 20
1 16
1 19
2 19
1 10
2 10
2 16
1 19
1 16
1 10
2 10
1 13
1 11
1 16
2 16
1 12
2 12
2 11
2 13
2 16
1 11
1 16
2 16
1 3
2 3
1 5
2 5
1 13
2 13
1 7
2 7
1 4
2 4
2 11
1 6
1 2
2 2
1 8
2 8
1 12
2 12
1 15
2 15
2 6
1 15
1 17
2 17
1 16
2 16
1 6
1 14
1 18
1 6
1 18
1 20
2 20
1 4
2 4
2 18
2 6
1 10
2 10
1 20
2 20
1 16
1 13
2 13
1 19
2 19
1 9
2 9
2 16
2 18
1 2
1 3
2 3
1 19
2 19
1 2
1 4
2 4
2 2
1 2
1 2
1 3
1 16
1 17
2 17
2 16
2 3
1 5
2 5
2 2
1 4
1 18
2 18
2 4
2 2
2 2
1 4
2 4
1 10
2 10
2 14
2 6
1 18
2 18
1 13
2 13
2 15
2 19
1 8
1 5
1 15
2 15
2 5
1 11
1 10
1 10
1 4
2 4
1 5
2 5
2 10
1 6
2 6
2 10
2 11
1 5
1 15
2 15
2 5
2 8
1 11
1 19
1 19
2 19
1 18
1 15
2 15
1 8
2 8
1 7
1 19
1 20
1 11
1 20
1 9
1 19
1 8
2 8
1 1
2 1
1 9
2 9
1 3
1 2
1 7
1 10
2 10
1 2
2 2
1 5
2 5
1 3
1 2
1 4
1 8
2 8
2 4
2 2
1 16
1 2
1 12
2 12
2 2
1 11
1 8
2 8
1 12
2 12
2 11
1 2
1 14
1 16
1 14
1 3
1 4
2 4
