267
1 16
1 13
2 13
2 16
1 4
2 4
1 8
1 12
2 12
1 11
2 11
1 8
1 6
1 4
1 10
2 10
1 1
2 1
2 4
1 8
1 4
2 4
2 8
1 8
1 13
1 20
1 3
2 3
1 14
2 14
2 20
2 13
1 8
2 8
1 18
2 18
1 9
1 15
1 14
1 20
2 20
1 8
1 19
1 1
2 1
2 19
2 8
1 3
1 8
2 8
1 8
2 8
1 18
2 18
1 15
1 18
1 1
2 1
1 5
1 7
2 7
1 16
1 13
1 12
1 20
2 20
2 12
2 13
2 16
2 5
1 15
1 2
2 2
1 7
1 9
2 9
1 4
1 15
1 18
2 18
1 12
1 12
1 4
2 4
2 12
2 12
1 19
2 19
2 15
1 20
2 20
2 4
1 16
2 16
1 8
1 14
2 14
2 8
2 7
2 15
2 18
1 4
2 4
2 15
1 11
2 11
2 3
2 14
1 7
2 7
2 15
2 9
2 8
1 19
2 19
2 6
2 8
1 12
2 12
2 8
1 14
2 14
1 1
1 11
2 11
1 11
2 11
1 7
1 10
2 10
1 9
1 19
2 19
2 9
2 7
2 1
1 20
2 20
1 17
1 17
2 17
1 11
2 11
1 10
1 13
1 15
1 14
1 10
2 10
1 20
2 20
2 14
1 7
2 7
2 15
1 10
2 10
1 9
1 3
1 19
2 19
2 3
2 9
1 10
2 10
1 16
1 14
2 14
2 16
2 13
1 14
2 14
1 14
2 14
2 10
1 12
1 15
2 15
1 13
2 13
2 12
2 17
1 18
1 13
2 13
1 14
1 11
2 11
1 10
1 5
1 3
2 3
1 14
1 3
1 8
2 8
1 6
2 6
2 3
2 14
2 5
1 4
2 4
1 2
1 10
1 9
1 12
1 16
2 16
2 12
1 3
2 3
2 9
2 10
1 3
1 1
1 17
1 16
1 12
2 12
2 16
2 17
1 8
2 8
2 1
2 3
1 1
2 1
2 2
2 10
2 14
1 4
1 16
2 16
1 13
2 13
2 4
1 15
1 7
1 9
2 9
2 7
1 13
1 13
2 13
2 13
1 18
1 17
1 11
1 2
2 2
2 11
1 5
2 5
2 17
1 11
1 7
1 2
2 2
2 7
2 11
1 16
1 20
2 20
1 10
1 15
2 15
