980
1 7
2 7
1 18
2 18
1 3
2 3
1 13
2 13
1 13
1 4
2 13
1 16
2 16
1 9
2 9
2 4
1 6
2 6
1 3
1 9
1 6
2 9
2 6
2 3
1 16
2 16
1 6
1 19
2 19
1 14
2 14
1 9
1 14
2 14
1 2
1 17
1 13
1 2
1 16
1 12
2 17
2 16
2 13
1 14
2 14
2 12
2 9
1 12
2 12
1 13
2 13
1 2
1 19
1 7
2 19
2 7
1 8
2 8
1 5
2 6
2 5
1 15
1 8
2 15
2 8
1 7
2 7
1 18
1 20
1 17
2 20
2 18
1 1
2 17
2 2
2 2
2 2
1 16
1 7
1 2
2 16
1 6
2 7
2 6
1 19
2 19
1 20
1 15
1 4
1 12
1 16
1 8
1 11
2 20
2 16
2 15
1 17
1 11
2 17
2 12
1 6
2 11
1 10
2 11
2 10
1 14
2 14
2 8
1 20
2 20
2 6
1 1
1 8
2 8
1 14
2 14
2 4
2 2
2 1
2 1
1 20
2 20
1 6
1 19
1 11
1 5
1 4
2 19
1 8
1 7
2 11
1 19
2 19
1 6
2 8
1 9
2 9
2 7
2 6
2 6
1 18
1 14
2 18
2 14
1 8
2 8
1 18
2 18
1 3
1 9
1 2
1 3
1 5
1 6
2 9
1 15
1 20
2 20
1 16
2 16
1 12
2 15
1 4
2 12
2 6
1 18
2 18
1 5
1 7
2 7
1 18
2 18
1 9
2 9
1 14
1 12
2 14
2 12
2 5
1 5
1 4
2 5
2 5
2 5
1 19
1 20
1 14
1 10
1 15
2 20
2 19
1 6
2 15
1 12
1 4
1 10
1 6
2 14
1 7
2 12
1 2
1 18
2 18
1 19
1 4
1 7
2 19
1 6
2 10
2 10
1 11
2 11
1 12
1 11
2 12
2 11
1 5
2 7
2 7
2 6
1 10
2 10
1 6
2 6
1 5
1 18
2 18
2 6
1 7
1 19
2 19
2 7
2 6
1 11
2 11
1 13
2 13
1 11
1 3
2 11
1 17
2 17
2 5
1 11
2 11
1 12
2 12
2 5
2 4
2 4
2 4
1 17
1 9
2 17
2 9
1 17
2 17
1 17
1 3
1 9
2 17
1 9
2 9
1 20
2 20
2 9
1 6
1 3
1 20
2 20
2 6
2 4
2 4
2 3
1 5
1 10
2 10
1 2
2 5
2 3
1 1
2 3
2 3
1 18
2 18
2 3
1 9
2 9
2 2
2 2
1 8
2 8
1 14
1 15
2 15
1 16
1 11
1 20
2 20
2 16
1 5
2 14
2 11
2 5
1 14
1 3
2 14
2 3
2 2
2 1
1 14
1 5
2 14
2 5
1 9
1 9
1 2
1 18
1 20
2 20
2 18
2 9
1 13
1 8
1 11
1 16
2 16
2 13
2 11
2 9
1 15
2 15
2 8
1 7
1 15
2 15
2 7
1 5
1 13
1 3
2 13
2 5
1 14
1 1
1 14
2 14
1 11
2 14
2 11
1 12
2 12
2 3
1 18
2 18
1 19
2 19
2 2
1 13
2 13
1 16
1 19
1 9
2 19
1 18
1 8
2 18
2 16
2 9
1 10
1 15
2 15
2 10
1 10
1 20
2 20
1 2
2 10
1 14
2 14
1 17
2 17
2 8
1 11
1 16
1 4
1 5
1 18
1 14
2 18
2 16
1 18
2 18
1 11
2 14
2 11
1 9
1 10
1 2
2 11
1 1
1 11
1 8
1 17
1 1
2 17
1 12
1 11
1 4
1 2
1 6
1 9
1 8
1 18
1 20
1 16
2 20
1 13
1 17
2 18
1 8
2 17
1 7
1 3
2 16
1 16
1 15
1 7
2 16
1 3
2 15
2 13
1 17
1 18
1 19
1 5
2 19
1 1
2 18
1 2
2 17
2 12
1 11
1 20
1 20
2 20
1 8
2 20
2 11
2 11
2 11
2 10
1 20
1 2
2 20
1 10
1 17
2 17
2 10
1 19
1 6
1 13
2 19
1 2
2 13
2 9
2 9
2 8
2 8
1 1
1 9
2 9
2 8
2 8
2 7
2 7
2 6
2 6
1 19
1 5
2 19
2 5
1 14
2 14
1 10
2 10
1 2
1 18
1 6
2 18
1 11
2 11
2 6
2 5
1 3
2 5
2 4
1 5
1 9
2 9
1 9
1 17
2 17
2 9
2 5
2 4
1 16
1 13
1 17
1 7
2 17
1 1
1 17
1 8
2 17
1 12
2 16
2 13
2 12
2 8
2 7
1 18
1 4
1 5
2 18
2 5
1 7
2 7
1 13
2 13
1 6
2 6
1 2
1 14
1 10
1 6
1 6
1 17
2 17
2 14
2 10
1 17
1 11
1 13
1 11
2 17
1 11
2 13
1 2
1 5
2 11
1 11
1 7
1 5
1 18
1 7
1 9
2 18
2 11
1 11
1 2
2 11
1 15
2 15
2 11
1 19
2 19
1 6
2 11
2 9
1 14
1 13
2 14
2 13
2 7
2 7
2 6
2 6
2 6
2 5
1 13
2 13
2 5
2 4
1 4
2 4
2 3
1 17
2 17
2 3
2 3
1 7
2 7
1 19
1 16
2 19
2 16
1 5
1 11
1 6
1 6
1 1
2 11
1 5
1 5
1 16
1 7
1 3
1 14
2 16
2 14
2 7
2 6
2 6
1 9
2 9
2 5
1 2
1 18
2 18
2 5
1 12
1 3
2 12
2 5
2 3
2 3
1 1
1 5
1 16
2 16
2 5
2 2
2 2
2 2
1 5
2 5
2 2
2 2
1 8
2 8
1 10
2 10
1 5
2 5
1 5
1 7
2 7
2 5
1 10
1 19
2 19
2 10
1 6
2 6
2 2
2 2
2 2
2 2
2 2
2 2
2 1
1 16
2 16
1 11
1 5
2 11
1 11
1 13
1 2
2 13
1 12
1 16
1 15
1 18
1 19
2 19
2 18
1 19
1 12
2 19
2 16
2 15
1 14
1 4
1 3
1 2
1 8
2 14
1 3
1 15
2 15
1 4
2 12
1 6
1 4
2 12
2 11
1 11
2 11
1 19
1 17
1 2
1 17
1 3
1 4
1 13
1 16
2 19
1 16
1 1
2 17
2 17
1 13
1 5
2 16
2 16
1 4
1 20
2 20
1 13
1 2
2 13
1 16
1 17
1 20
2 20
2 17
2 16
1 10
2 13
2 13
2 10
1 11
1 16
2 16
2 11
1 14
2 14
1 2
2 8
1 6
2 6
2 6
2 5
2 5
2 4
2 4
1 17
1 6
1 2
1 3
1 9
2 17
1 13
2 13
1 19
1 7
2 19
1 8
2 9
1 6
1 5
2 8
1 18
1 1
1 20
1 19
2 20
1 11
2 19
2 18
2 11
2 7
1 20
2 20
1 17
1 13
2 17
1 8
2 13
1 16
1 17
1 18
1 7
1 6
2 18
1 1
1 15
1 13
1 19
1 6
1 10
2 19
2 17
2 16
1 18
2 18
2 15
2 13
2 10
2 8
1 6
1 14
2 14
1 8
2 8
1 9
2 9
2 7
1 10
2 10
2 6
2 6
2 6
2 6
1 15
1 9
1 9
2 15
2 9
1 5
1 19
1 8
2 19
2 9
2 8
2 6
2 5
2 5
2 4
1 3
2 4
2 4
2 3
2 3
1 16
2 16
2 3
1 11
2 11
2 3
1 14
2 14
1 20
2 20
1 14
2 14
2 3
2 2
1 8
2 8
2 2
2 2
2 2
1 16
1 13
2 16
2 13
1 20
2 20
1 10
2 10
1 20
2 20
2 2
2 2
1 2
1 10
1 12
1 15
2 15
2 12
1 17
1 12
2 17
1 12
2 12
2 12
1 19
2 19
1 16
1 4
2 16
2 10
1 1
1 1
1 6
1 19
1 18
2 19
1 9
1 14
1 13
1 8
1 19
1 8
1 4
1 5
1 7
1 6
2 19
2 18
2 14
1 12
2 13
1 19
1 9
1 20
2 20
1 8
1 7
2 19
2 12
1 1
2 9
1 17
2 17
1 15
1 12
1 19
1 10
1 17
1 11
2 19
1 20
2 20
1 5
2 17
2 15
2 12
2 11
2 10
1 17
2 17
2 9
2 8
2 8
1 16
1 17
2 17
1 17
1 13
1 18
2 18
1 17
1 3
1 14
2 17
1 17
1 17
1 10
1 5
1 10
1 7
1 3
2 17
1 6
1 20
2 20
2 17
1 15
2 17
1 20
1 2
2 20
2 16
2 15
2 14
2 13
1 16
1 6
2 16
1 9
2 10
1 1
2 10
1 10
1 18
2 18
1 15
