1 1
1 
50 100
1 6 44
2 6 44 1
2 6 43 2
2 7 43 2
2 6 43 1
1 6 44
1 6 44
2 6 44 2
1 6 43
1 7 44
1 7 43
1 7 43
2 7 43 1
0 12 2
1 7 44
1 7 43
1 7 43
2 6 44 2
2 6 44 1
1 6 44
1 6 43
2 7 44 1
2 7 43 1
2 7 44 1
1 6 44
1 7 44
2 7 44 2
2 6 44 1
2 7 43 2
2 6 44 1
2 6 43 1
1 7 44
1 6 43
1 7 43
1 6 44
1 6 43
1 7 44
2 6 44 1
2 6 44 1
1 7 43
2 7 43 2
1 7 43
2 6 43 1
2 6 44 1
2 6 44 2
1 7 44
2 6 43 1
2 7 43 1
2 7 44 1
2 6 43 1
2 6 44 2
1 7 43
0 39 1
1 7 43
2 7 44 2
2 7 44 2
1 6 43
2 7 43 1
2 7 44 1
0 25 1
1 7 43
1 7 43
1 7 43
2 6 43 1
0 9 1
0 47 1
2 7 44 2
1 6 44
2 6 44 2
1 7 44
2 7 44 1
1 6 44
2 7 44 1
1 6 43
2 7 44 1
1 7 44
2 7 43 2
1 6 44
1 7 44
2 6 43 2
2 6 43 2
1 7 44
1 6 43
2 6 43 2
1 6 43
2 7 43 1
2 6 44 2
2 6 43 2
2 7 44 1
2 7 43 2
2 7 43 2
1 6 43
1 7 43
1 6 43
1 6 43
1 6 43
1 7 44
2 7 43 2
2 6 44 1
1 7 44
