1 2
1 1 
100 200
1 12 87
2 15 88 3
1 12 89
2 14 88 3
1 13 85
2 15 85 3
2 15 88 1
1 13 86
2 13 89 1
2 13 89 3
1 15 85
2 15 87 3
1 11 87
1 14 87
1 11 86
1 13 89
2 11 86 2
2 15 87 1
1 15 86
1 12 88
1 13 89
2 11 88 3
2 13 88 3
1 13 89
1 15 89
1 11 86
2 11 88 3
2 11 89 3
1 15 85
1 12 85
2 13 88 3
2 14 88 3
1 15 85
1 11 87
1 12 89
2 11 89 1
1 14 86
1 15 87
2 11 87 1
1 11 87
1 14 86
1 13 87
2 12 87 2
1 11 85
1 13 88
2 12 88 1
1 13 86
2 11 85 3
1 11 88
2 15 89 2
2 14 89 3
2 11 86 2
2 11 87 3
1 14 86
2 12 89 1
0 94 1
1 11 88
2 11 88 1
2 14 89 1
2 12 87 1
1 13 88
2 12 88 3
1 13 87
1 11 88
0 30 2
1 15 87
2 11 86 1
2 15 85 2
2 15 87 3
1 14 88
1 13 86
2 14 86 3
1 12 88
2 15 89 3
2 12 85 2
1 11 86
2 12 86 3
2 15 88 2
2 11 87 1
1 11 86
1 11 89
2 13 88 2
2 14 87 3
1 14 89
1 11 87
1 11 87
1 13 89
1 12 89
1 11 89
1 15 89
1 14 85
1 11 85
1 11 85
2 11 85 2
1 15 89
1 13 87
2 12 88 2
2 12 85 2
1 15 88
1 11 86
1 13 85
2 13 85 1
1 13 85
2 12 86 2
1 13 85
2 12 86 1
2 11 88 1
2 15 87 3
2 12 85 1
2 11 89 2
1 14 87
2 13 85 2
1 15 86
1 11 87
2 14 85 2
2 11 85 3
1 11 89
2 14 89 2
2 13 87 3
2 11 86 1
1 14 87
1 15 89
0 29 1
0 89 1
2 15 86 1
2 14 87 3
2 12 86 3
2 12 89 3
2 11 89 2
2 12 86 3
2 11 86 2
1 15 86
2 15 87 2
1 11 86
1 12 89
1 12 85
1 15 89
1 13 89
0 43 3
1 13 88
2 14 85 2
1 12 87
2 14 89 2
2 12 85 1
1 13 88
1 13 89
2 12 89 1
1 12 87
1 11 89
2 15 86 1
2 13 86 3
2 15 86 3
2 12 86 1
2 14 85 2
1 11 86
2 11 89 3
2 14 88 1
1 13 88
2 14 87 1
2 11 87 3
1 15 86
2 14 85 2
2 11 88 3
1 11 86
2 15 87 2
2 11 88 1
2 12 85 2
1 15 87
2 14 89 1
2 13 89 1
1 11 85
2 14 87 2
2 11 85 1
1 11 88
1 11 85
2 14 86 3
2 13 88 1
1 14 88
2 14 86 2
1 14 89
1 11 85
0 34 2
1 11 86
2 12 85 1
2 15 86 1
1 12 85
2 14 85 2
0 6 1
2 12 88 2
1 12 85
2 12 88 2
0 65 3
1 13 86
1 12 89
1 14 88
2 14 86 2
1 13 88
1 12 89
1 15 85
2 11 86 3
