10
2
31525 0.512717
99543 0.517002
9
78410 0.564568
60444 0.571789
81172 0.460799
47709 0.472890
91647 0.597705
48895 0.400934
91495 0.506333
96319 0.521433
56238 0.490158
3
48300 0.556664
3620 0.460390
21162 0.591180
5
76350 0.492416
75837 0.441920
82790 0.599359
80270 0.478488
99325 0.568029
6
17601 0.535441
54383 0.583758
86775 0.517582
73770 0.545299
92607 0.548747
23197 0.589831
10
88979 0.477047
51207 0.514481
8325 0.445021
46931 0.503421
94371 0.469112
68882 0.498379
66604 0.500961
89393 0.428315
98979 0.460610
93918 0.593323
6
8863 0.564336
73046 0.435578
54419 0.431111
93933 0.481118
53768 0.536448
87669 0.495059
1
67101 0.407019
7
58544 0.420936
97090 0.509909
30992 0.474996
92434 0.491220
66045 0.459560
88563 0.439198
71537 0.479531
1
88088 0.598926
