10
6
1230 0.565197
84687 0.476772
18444 0.486306
71096 0.414924
22150 0.482333
78855 0.420344
3
92449 0.564843
22675 0.499899
27808 0.594159
8
14066 0.440925
38584 0.439906
82533 0.547758
96727 0.557225
41952 0.568865
87965 0.412378
48821 0.578552
8928 0.476315
3
36699 0.476022
62353 0.453420
36712 0.560411
8
97584 0.565557
90724 0.469436
90918 0.552580
77004 0.442250
28241 0.576324
92407 0.428974
22002 0.556731
66520 0.552355
4
43690 0.434889
42803 0.541881
99390 0.409461
99775 0.426167
4
26722 0.506601
25509 0.460921
2283 0.426740
76853 0.501755
3
18686 0.424348
57982 0.494186
32757 0.505020
7
30373 0.565844
50415 0.501914
76478 0.494784
29363 0.509769
43667 0.531944
51955 0.422486
17111 0.558257
1
56247 0.492770
