10
1
87002 0.438813
9
69962 0.439570
11892 0.421986
45485 0.588214
67605 0.428053
86533 0.541600
47478 0.450545
57987 0.412201
68496 0.442116
33102 0.402850
9
1974 0.537230
74526 0.487344
62241 0.458071
89337 0.515574
20741 0.432038
43633 0.539152
24994 0.467190
61468 0.491488
17192 0.525034
4
31808 0.409687
20659 0.445460
50677 0.440394
75206 0.490323
9
81625 0.570959
18661 0.544182
13135 0.436854
41680 0.581017
7125 0.520945
16907 0.470260
44809 0.548149
64919 0.538224
14958 0.515207
3
20858 0.545537
81244 0.595306
93222 0.461165
7
62580 0.570244
96111 0.465383
4646 0.528196
57726 0.489651
2731 0.493112
1838 0.464608
62954 0.565337
8
63722 0.460012
68646 0.413147
79713 0.521928
19356 0.575127
62706 0.420960
781 0.458058
72748 0.532560
86541 0.475826
8
88702 0.476473
25858 0.521256
92609 0.541575
81769 0.572649
76615 0.499380
68053 0.510562
3560 0.526170
60466 0.426325
4
14921 0.405567
84525 0.527842
76735 0.572863
26961 0.570794
