10
7
8306 0.523429
22374 0.433784
37244 0.463881
23558 0.560479
58055 0.522221
66051 0.428962
36087 0.450740
9
34738 0.485562
86779 0.509610
1087 0.422126
30999 0.456850
63552 0.557927
3008 0.472225
7826 0.572716
48484 0.508481
8898 0.416285
3
10796 0.451759
62592 0.429310
23973 0.416022
4
79878 0.582940
1058 0.589233
18632 0.568419
23335 0.451833
7
53588 0.479739
89343 0.451027
85356 0.487100
5857 0.588195
63798 0.515336
88735 0.476601
78484 0.416449
6
60643 0.562212
48323 0.560540
78700 0.428553
44113 0.555547
92273 0.528904
50087 0.510398
1
13436 0.429035
7
72807 0.584497
31307 0.443727
75328 0.504288
70690 0.580529
34073 0.556420
93623 0.555174
85525 0.491324
8
72046 0.480941
33563 0.407715
66407 0.449538
14668 0.577074
4529 0.555931
89453 0.581829
68692 0.532835
28245 0.513907
4
174 0.515714
57873 0.479391
88608 0.559050
82677 0.477883
