10
8
76456 0.431178
12061 0.520859
36633 0.536894
36552 0.518442
86917 0.575201
424 0.437062
81233 0.488412
28879 0.409925
8
12126 0.579064
65279 0.579211
12750 0.580773
58602 0.514115
42374 0.549071
59557 0.427863
89334 0.536088
10759 0.503531
5
20322 0.503592
85776 0.537529
14932 0.415155
71204 0.461446
8671 0.478970
5
74352 0.439741
82422 0.530979
93471 0.509073
54539 0.492807
99246 0.506192
4
8967 0.477725
23425 0.433912
72181 0.556896
75214 0.496933
2
10423 0.521189
45374 0.469961
5
37516 0.599457
47769 0.572710
64073 0.456844
77978 0.478237
78728 0.491140
10
67929 0.545457
1738 0.575085
95786 0.415802
80956 0.518125
86843 0.563213
41017 0.402045
13686 0.446419
61120 0.573974
86510 0.525785
7578 0.507114
8
25106 0.439473
81943 0.590680
82488 0.525742
71161 0.452998
90529 0.557622
7549 0.496188
59100 0.571068
1899 0.514664
8
36248 0.545555
48075 0.529527
1532 0.414423
88805 0.567785
39698 0.555901
85163 0.446333
77206 0.456349
60208 0.430366
