10
3
96977 0.528776
25321 0.483303
32746 0.539854
3
83178 0.507096
15170 0.493155
8850 0.572668
1
20607 0.541881
1
97261 0.458602
3
30203 0.565728
9040 0.581664
57073 0.488034
10
7869 0.485543
43081 0.531492
842 0.417963
95946 0.561522
9921 0.409693
41215 0.595685
30115 0.582830
58508 0.404212
33069 0.530802
92080 0.565209
6
71199 0.596698
33369 0.460140
77088 0.496121
69521 0.596887
1175 0.491281
14756 0.555101
2
48441 0.537632
12047 0.458077
6
13309 0.509336
39019 0.533964
98158 0.489151
39507 0.597784
90094 0.581964
50033 0.501108
2
31041 0.588079
535 0.440602
