10
3
40172 0.408271
42402 0.511270
2619 0.412275
1
86467 0.410071
4
32429 0.463192
44666 0.485501
50043 0.433290
81365 0.560546
5
30278 0.475179
72281 0.546660
29939 0.530119
89761 0.547435
39980 0.472652
10
2186 0.490957
30806 0.552275
95323 0.587225
87786 0.442256
12833 0.423670
93460 0.538060
34121 0.533946
69474 0.475637
93427 0.440883
15243 0.436244
2
34250 0.438050
26764 0.424165
10
58843 0.552208
29721 0.489724
90796 0.492270
77920 0.447700
46451 0.584405
67271 0.411927
97245 0.549443
31278 0.581982
52055 0.510569
12917 0.558074
8
25106 0.510672
97230 0.559386
39892 0.496377
83403 0.400171
34942 0.443947
390 0.534123
77304 0.539573
96877 0.596344
10
65838 0.574871
31777 0.428645
77132 0.461745
42809 0.409326
38907 0.579577
96303 0.441603
73314 0.574969
23927 0.521854
95554 0.436750
15040 0.437013
3
62406 0.582336
82856 0.599866
78285 0.568041
