10
9
81460 0.434193
43569 0.543321
61914 0.562542
78307 0.424928
47009 0.529966
24629 0.406433
43889 0.401514
67544 0.431318
10697 0.448573
6
36664 0.406421
85647 0.511319
32723 0.466323
8519 0.573870
98711 0.562560
51150 0.406995
6
66091 0.464986
94359 0.588037
32879 0.578790
37121 0.526951
17756 0.484732
36000 0.427924
7
29946 0.512290
65953 0.557646
86590 0.547893
32265 0.404016
59308 0.466774
82756 0.553581
82251 0.404834
9
7651 0.541276
82623 0.529325
79716 0.568847
45216 0.470321
15995 0.525297
52262 0.405524
85821 0.576775
48715 0.476595
59934 0.594848
6
369 0.466591
67402 0.511924
869 0.446608
96800 0.592822
63637 0.415290
29593 0.499716
1
23730 0.556304
6
21581 0.455861
57363 0.450014
44842 0.573321
66084 0.489358
96438 0.405756
53150 0.523838
6
63227 0.446297
94489 0.409857
15723 0.455947
60496 0.482455
53866 0.458431
78207 0.590265
2
30847 0.560332
13644 0.463613
