10
1
96944 0.543754
6
79829 0.435182
24141 0.490957
43814 0.402893
69770 0.559441
79476 0.459749
27544 0.568426
5
34105 0.415143
23321 0.543065
77721 0.459584
59912 0.426948
83829 0.471773
7
89434 0.426362
85677 0.563616
84700 0.469381
48991 0.574151
74540 0.421039
38793 0.560051
76852 0.574462
3
69157 0.534391
3409 0.589892
13125 0.518961
7
56028 0.520103
30541 0.445985
34373 0.589630
47536 0.447505
32554 0.579608
30836 0.507498
6629 0.469631
6
22476 0.584564
34387 0.530088
70147 0.553374
80367 0.571813
57482 0.496860
58962 0.523704
5
43823 0.555473
80090 0.551988
63423 0.484701
21807 0.487674
12056 0.453853
10
97912 0.501291
60343 0.473501
47824 0.467495
60660 0.410193
21029 0.413782
2039 0.557372
84121 0.452553
16495 0.512516
48578 0.421381
82474 0.466762
1
66987 0.574651
