10
2
18024 0.559081
50540 0.523771
6
57483 0.595776
94291 0.447810
34901 0.558989
85007 0.475887
79760 0.410590
46095 0.472250
9
10029 0.579156
71141 0.533024
33088 0.471090
13002 0.443995
26880 0.541868
2405 0.563829
56852 0.520927
56698 0.521165
99055 0.582446
1
89365 0.556847
9
6925 0.478927
39390 0.482321
45861 0.451778
48084 0.437800
98865 0.409522
36290 0.592248
33272 0.592511
44110 0.481741
26716 0.531706
8
70069 0.400446
32013 0.531211
71531 0.520792
40538 0.468111
46589 0.400970
90689 0.455373
97966 0.570702
20928 0.512937
7
97604 0.473696
91953 0.516086
15052 0.478677
89005 0.483718
72158 0.416730
27717 0.417469
7144 0.525828
7
27161 0.428565
32265 0.487814
13887 0.421467
76002 0.401471
4394 0.421503
45217 0.580798
83587 0.460524
10
99023 0.552947
27826 0.485495
30085 0.418281
48649 0.569396
16457 0.495004
51178 0.437672
75104 0.445863
55451 0.468307
54923 0.441188
36634 0.413086
8
80851 0.489291
99297 0.496384
5540 0.449721
56522 0.459908
44109 0.525980
71259 0.452193
86064 0.571892
92578 0.451234
