312
16231 46507 43885 11836 33211 92423 66264 79121 99973 16255 2305 67745 47595 9615 11974 67442 67874 56614 38968 87390 21942 90889 20060 50740 40006 47120 38155 69589 69381 49479 7474 35032 51578 44270 3890 15270 21825 27801 18017 77214 78280 64721 39623 18227 27763 90161 65730 77769 84952 61386 95075 50075 64516 73247 73999 96472 6772 15114 14847 43201 54140 70517 15616 32205 99812 22114 88723 83398 81094 59684 82830 61801 69522 82307 15001 30793 32042 67420 80050 60493 17958 73599 60169 94445 71249 68911 44581 73529 77417 58405 99902 22195 13411 34701 74049 43472 57413 41576 42447 88090 90187 28488 89341 98225 9763 4535 59446 98789 84272 39313 90260 5758 91659 68357 59179 71477 72861 30104 57534 78872 32518 26082 74120 64233 81145 32014 62677 5376 93790 40446 47590 75716 42511 63782 45712 11670 76795 8780 157 9863 46822 9455 6250 76700 57895 60860 53608 55761 54761 18074 62331 16788 94634 72927 71422 34437 34975 48633 90300 60029 7054 96614 66264 36196 86226 25660 44295 52824 21339 79683 977 93453 23723 8598 48691 83272 72442 93381 50336 16323 78675 84981 35451 653 78805 95454 72606 26631 7219 10700 71351 94855 32149 80640 99046 83192 27700 60108 75264 46872 88482 61850 69231 33817 47967 74758 78288 54081 52677 31999 79795 80394 46493 77418 26430 16707 74760 2655 47754 20589 59031 937 61989 2847 65555 4874 39183 55746 438 41942 99901 26389 79760 38291 6617 11274 89123 53407 95903 44807 90599 18986 30753 29959 54407 95032 62629 61910 79554 5760 23394 41209 6378 61968 11174 4131 96361 41638 54483 82177 94391 20536 75549 51087 38565 37133 18830 62656 45718 2370 32930 23675 87168 53190 68171 26648 55055 51583 75406 24199 68195 95651 5764 86314 43245 96255 76763 73653 1301 99827 72658 86869 92183 68948 12672 71591 66434 43081 23918 97596 87320 14542 21240 28315 49040 58836 13520 21439 10231 66527 92187 597
1 43 69
43 74 4
74 169 68
43 134 87
74 18 55
1 3 88
43 69 34
43 2 89
134 16 74
18 97 93
1 212 32
169 198 46
74 213 82
16 102 75
97 250 25
1 156 66
74 279 35
16 63 69
18 95 67
198 38 94
38 247 50
134 66 33
63 208 67
208 238 16
102 312 45
3 77 3
77 193 31
312 7 97
97 292 6
2 94 56
77 104 38
279 192 56
212 309 33
63 30 20
104 148 12
213 142 28
148 162 98
292 236 88
1 61 56
94 304 72
236 47 5
30 303 22
3 70 3
95 48 17
156 147 23
97 75 45
292 19 7
147 57 50
292 287 9
16 190 45
30 219 47
279 60 22
19 199 60
134 165 50
312 76 87
198 225 97
247 5 58
69 201 73
70 228 77
1 143 10
102 53 30
142 273 69
303 221 16
193 78 2
78 115 10
102 178 52
212 80 74
77 86 61
309 186 25
247 35 52
61 271 30
169 157 77
236 81 10
77 10 74
53 159 54
236 232 33
312 91 13
81 133 68
273 177 43
18 128 25
201 180 33
70 144 34
165 210 40
143 170 13
169 216 89
157 248 30
271 28 26
74 258 48
5 93 82
18 172 42
192 294 3
48 272 27
192 267 97
236 249 72
190 275 91
35 11 71
165 109 99
192 187 75
312 105 16
159 31 45
63 211 56
213 301 91
143 194 95
228 243 57
250 278 55
186 37 36
219 254 23
148 114 37
177 123 2
279 135 46
18 202 11
115 308 89
104 223 13
199 64 81
201 89 84
187 241 91
18 185 74
210 227 90
77 71 81
18 240 67
271 239 34
35 73 70
194 299 86
165 306 36
227 285 89
94 204 88
31 113 81
170 307 63
2 32 83
165 124 99
113 224 95
80 252 91
292 51 65
187 166 35
94 217 37
94 22 3
294 253 43
190 33 50
73 222 6
37 29 60
3 55 15
258 21 99
187 305 81
202 141 97
305 300 9
249 290 85
177 203 89
292 298 19
224 130 27
299 291 43
216 90 97
298 265 11
135 65 11
213 118 68
249 8 83
298 129 48
102 151 5
192 20 90
43 261 93
133 4 28
240 284 52
2 58 90
31 176 57
43 116 29
143 233 32
38 288 88
69 96 50
80 274 40
180 49 47
142 62 62
148 9 28
301 280 24
312 139 66
65 137 47
312 297 4
233 146 7
254 295 65
236 14 44
252 270 32
113 27 95
223 311 58
199 39 55
172 119 77
193 229 42
311 122 26
10 195 18
178 237 48
105 175 96
16 127 30
2 150 4
261 103 29
299 140 61
258 34 84
238 26 67
146 88 85
22 246 28
137 120 57
265 126 46
114 289 4
238 281 59
298 108 13
240 52 69
146 182 43
304 145 71
301 215 7
306 6 68
31 191 9
193 160 98
208 15 34
77 171 23
145 112 77
52 149 16
88 207 88
37 121 62
280 231 75
216 276 78
9 244 36
135 87 36
233 125 43
22 197 9
70 154 32
160 107 64
141 155 27
162 200 23
118 260 96
5 42 36
18 59 6
16 153 69
58 235 98
246 262 81
232 259 88
149 79 92
292 214 70
31 13 30
14 264 44
135 266 33
64 161 43
128 167 72
172 302 54
273 286 29
199 45 18
207 209 36
195 67 11
241 41 89
133 268 21
299 168 3
135 56 17
38 296 93
250 117 38
272 54 56
215 283 21
87 132 48
5 218 64
210 242 5
59 85 57
18 110 95
87 40 39
260 205 59
71 245 32
69 111 48
5 131 52
16 220 23
166 25 20
147 234 80
5 106 71
130 226 37
197 83 48
18 84 77
199 179 10
90 256 9
298 189 80
194 72 93
75 101 39
275 98 55
111 136 43
21 196 2
70 188 94
247 206 44
159 293 68
120 282 75
96 46 11
249 269 63
34 138 19
54 183 96
147 99 93
16 44 90
62 23 44
256 17 47
297 184 53
247 310 54
300 257 74
117 68 34
116 251 7
64 12 59
161 152 22
41 164 31
238 24 68
65 158 94
240 263 47
193 181 96
235 230 49
30 174 12
297 92 8
276 163 18
194 173 31
136 100 58
121 277 72
301 36 52
199 82 65
220 255 73
148 50 87
