199
3381 58875 64475 74291 83101 74492 20684 3177 2133 12608 65790 58040 82893 3270 67019 87000 72839 97857 95549 96918 66776 30968 87253 91059 48491 49862 72 93349 67261 76764 63485 52052 43810 23770 18257 5406 29375 3130 99411 87476 33102 82181 44776 97115 54109 10171 69000 42411 31759 4752 78815 49075 89913 46505 53773 56307 31718 59395 3559 30273 2324 64461 82867 26181 10516 24841 69328 36573 63630 30959 68684 55290 80027 1450 40555 13216 27530 56184 2855 34378 3739 56366 95083 83620 935 78418 54038 54191 63670 46080 71070 94656 1959 14342 54443 39361 64076 4039 12280 68655 26891 97403 38069 62491 10174 32141 21704 13961 51060 21885 97863 25588 79278 6524 3327 27943 5250 79634 43953 37861 87388 16283 33935 7683 91416 31877 21059 35145 8489 40020 85193 95124 67573 87071 73584 8631 67190 92496 31357 34101 92827 31464 10504 2473 5317 78521 87965 76190 25291 46697 81596 66039 61718 36278 99737 48745 19622 56524 67421 10139 22379 20529 36803 54701 8588 41082 33980 62542 36388 78707 74252 48549 69599 47515 71755 45897 24866 75365 89860 24617 51809 99768 91801 59108 31334 14128 34205 73490 13521 97147 3608 25945 26162 25917 19975 39225 80305 91468 16282
1 75 91
75 37 99
1 149 71
1 110 39
149 87 92
1 21 100
21 161 20
75 49 37
149 150 30
161 123 9
123 24 54
149 182 23
123 184 97
1 50 70
161 70 73
150 2 83
87 98 89
70 160 40
160 68 83
123 124 83
161 115 17
123 187 93
1 135 98
50 114 28
110 141 65
184 55 1
68 77 52
37 102 75
55 10 84
10 162 3
123 117 8
162 16 86
49 176 50
16 153 54
24 15 66
1 17 54
153 83 10
161 134 39
153 196 33
77 79 97
24 146 97
123 188 61
2 40 6
87 29 65
188 111 23
55 147 65
134 109 56
40 195 30
17 18 68
50 12 11
75 127 9
68 39 91
135 163 64
182 168 87
50 4 39
17 27 5
188 28 3
102 120 36
149 131 85
37 8 7
4 7 29
7 125 19
10 181 31
29 108 57
18 41 45
131 152 90
98 44 61
176 51 85
77 133 86
1 164 59
102 140 47
50 19 66
55 88 2
49 90 55
176 174 76
110 93 92
79 107 53
161 73 82
127 132 34
125 11 42
87 103 10
17 194 74
131 143 66
28 183 80
150 126 53
17 46 62
153 118 34
68 199 71
11 86 20
131 6 28
83 157 27
79 84 95
168 122 61
21 159 18
111 80 13
122 26 99
12 142 35
107 179 33
188 81 99
6 165 52
10 91 4
187 60 81
102 97 87
97 166 11
140 64 94
123 173 58
125 61 72
102 58 47
163 54 84
64 144 26
111 95 47
15 99 12
125 56 95
194 116 20
12 100 67
87 22 24
115 9 68
149 62 64
11 25 78
168 191 77
168 170 40
90 169 55
170 106 28
173 136 27
16 189 75
25 175 92
106 69 42
2 74 92
160 112 53
141 42 43
50 72 3
188 14 29
199 129 36
54 32 31
80 151 93
87 192 30
75 3 22
189 197 45
16 48 88
174 137 54
98 128 6
9 154 49
126 36 79
150 71 81
199 92 54
50 34 47
114 31 21
24 193 51
26 94 94
107 180 15
165 45 35
131 158 83
9 67 12
126 33 76
168 105 90
110 76 90
97 82 1
32 85 75
189 5 47
184 53 83
193 30 57
125 185 89
7 172 40
64 35 26
68 171 73
85 177 68
126 65 79
94 198 91
34 13 7
188 20 19
177 113 46
76 78 49
25 66 58
67 130 34
168 63 77
13 121 93
78 156 4
87 190 47
158 57 24
19 178 68
65 43 98
100 148 6
94 155 10
4 23 50
27 138 5
173 47 75
37 89 37
46 104 71
10 101 76
135 119 82
26 145 63
183 186 89
111 59 75
181 96 4
41 139 30
70 52 15
112 167 38
7 38 81
