743
76671 72361 95531 43348 8955 58601 69678 11091 77079 88084 58493 2290 72482 75251 13507 49125 3744 21058 26973 49617 26536 71119 41564 96400 44549 75745 69893 31632 24790 43471 33936 76308 29933 39012 16364 46162 14611 38978 8441 60083 69507 41756 74861 53238 203 79067 15152 46413 10830 84186 74975 74462 78309 6761 84877 64195 25337 11085 17789 76202 81610 7743 57962 47254 1515 20809 6304 80157 45508 97708 56160 40360 35854 95837 46623 82646 54907 33859 88103 74074 79820 84027 91413 32664 9240 66228 21305 63915 42540 99795 90202 62178 54661 94704 8943 44382 54264 34935 37991 5558 65419 96264 38786 61651 7929 59607 69589 59316 38194 7917 32362 78028 50968 34917 95197 47135 44035 88336 41249 49864 8766 10450 47257 55446 42632 53442 29823 38443 2452 56718 42209 58907 43625 88853 56895 17811 10147 31627 64942 6735 93392 78616 69976 44163 37396 56889 32377 99059 98437 40926 73507 95003 9488 53482 22076 24200 82674 40438 77659 48701 72767 3342 60462 82383 76671 53363 21847 98696 25196 17719 46538 91944 5686 97829 2641 83871 94079 47862 69352 29461 98783 31740 8545 19171 73600 33563 40321 81751 91651 35787 59234 65652 84634 68248 7183 79695 2828 27586 85035 1619 92149 85373 84682 56542 3811 57586 37685 33985 66905 62332 1355 17828 11695 43276 76859 82368 19409 26662 85931 1379 24764 45153 33364 69008 95748 35851 56707 94780 464 23875 88825 65619 44508 89597 26060 2032 38423 62401 89829 89480 45315 62060 99808 54304 78231 99757 16271 82930 59456 53930 82871 25773 80763 50329 42929 52658 91069 96199 5354 13239 57036 96436 68260 37128 23107 12533 93554 4481 20146 69777 86208 70773 93307 72165 5737 39882 81302 36128 93503 666 30030 42087 84071 11860 64034 56914 41658 96313 97285 18988 94629 60895 67327 23159 83817 55186 76105 12583 30332 43886 84981 98882 90662 38374 82211 69127 74213 10432 47373 42147 61098 68375 92924 10589 97082 20376 24145 95948 57773 93861 81181 95963 73426 8693 4073 58188 3306 49809 95215 2962 93800 48889 91038 77909 61399 79997 25147 25490 47892 99716 74011 18360 84016 45993 49897 71501 5840 8249 83590 89383 45004 92246 84164 11539 30739 33335 78474 64817 19909 10918 77716 25718 28888 33953 10480 73449 14836 41433 77089 55590 31031 14294 38495 56223 52658 2608 13622 77045 1609 52631 55779 69955 16855 77 76474 73876 48231 20423 94339 79080 1501 34064 15319 62995 74827 93254 35816 30110 41884 41402 52855 46628 31821 84468 22044 3638 95886 78349 3969 55704 20838 75923 82951 74273 25356 82345 83103 83678 83823 63012 66194 46096 92079 92815 88955 71498 92961 8488 50535 99764 58959 9409 40188 78539 21750 51264 52815 53823 87686 93119 48204 92403 69446 57036 76818 2304 82381 31242 3604 1682 68298 64879 96217 38185 92284 49892 8381 48026 55291 22952 50542 8908 24270 96877 68624 23803 77938 28633 26682 56441 74970 88742 49910 15623 14953 49443 45220 57952 76057 28241 50008 10607 75928 2598 30008 49588 13413 77165 20063 18275 41272 1989 52092 75013 86999 542 78420 60661 68482 55903 71740 86532 95624 52354 36287 44821 68431 17334 17918 92002 67440 31004 54699 69365 86745 45483 40301 1744 37929 57228 82880 64390 22904 88895 69202 26271 3596 6356 48230 96056 72197 66770 36501 59296 32658 40500 45384 92060 44825 81415 37151 57476 26547 4589 93485 78789 42189 70173 3834 21661 11657 9313 28704 59425 14043 83478 34478 80090 92236 92944 98568 8228 91643 31635 14597 66190 22263 73083 88112 58685 53446 4181 14695 69000 16129 59235 53023 99549 91221 29564 9694 81659 67875 16010 80191 34710 32481 76459 93010 30263 25720 64304 96826 18841 87524 33377 36365 40525 29399 59159 82647 7638 29110 6336 56567 17518 89850 74719 56544 30719 22768 67529 87193 10443 67065 31081 5374 81412 95467 71101 79101 12245 87695 13718 61754 76695 29697 45788 77452 73757 11762 82472 25181 56681 12137 34025 97742 48660 41534 75935 23472 64042 34910 36963 89260 44107 26218 53469 76092 14444 4440 89132 3376 87060 85552 45314 41002 67359 60752 31941 56866 82718 14505 70191 19299 66997 88224 9646 73612 37020 42894 78821 46031 69279 20032 80042 79606 80349 72983 20518 24153 90509 7720 48536 85481 70420 52062 72050 73129 21520 34131 49274 63215 24465 93563 24107 75847 59738 32154 77585 17393 60997 5864 91921 25470 70876 89108 84126 78455 53569 42398 78661 42902 9863 75612 76130 1514 75862 45366 61896 89367 11722 61418 97021 64692 99477 13960 2460 63948 94457 44279 93074 2397 45999 67694 29409 86844 69667 52636 25856 13359 45045 11361
1 262 53
262 9 3
9 49 88
1 240 60
1 489 5
489 615 76
9 182 45
9 625 43
615 279 80
489 249 45
49 453 92
182 503 43
503 397 51
489 57 15
1 35 100
249 296 76
397 242 53
9 645 35
249 13 50
279 151 13
453 110 1
13 366 15
625 479 39
35 698 32
1 677 89
49 396 50
110 189 23
242 499 11
9 568 60
615 216 35
216 118 99
242 277 74
503 504 21
296 423 3
677 459 73
503 380 41
279 273 23
366 113 90
242 650 57
677 27 44
110 410 31
27 723 69
504 342 67
49 452 17
366 382 93
698 549 67
366 686 66
118 280 33
677 198 44
216 697 34
615 649 32
216 539 19
380 325 8
382 712 25
382 535 62
151 414 18
273 481 87
712 319 77
277 433 27
35 369 14
35 95 21
382 228 13
698 12 52
549 604 70
296 734 16
396 130 100
13 559 68
342 664 29
677 618 72
604 149 75
618 478 13
189 632 41
698 116 4
240 463 76
151 462 26
12 383 74
396 190 26
49 361 13
697 399 1
559 613 5
198 351 9
95 370 3
369 139 32
664 191 38
489 449 60
182 354 59
712 329 79
686 326 10
182 236 89
382 204 44
452 496 32
380 685 11
279 250 35
559 63 11
13 441 25
242 572 33
615 495 86
604 701 39
296 355 80
273 200 80
478 163 89
296 600 48
503 642 1
399 737 84
499 374 23
228 327 45
397 125 33
433 159 39
354 624 91
664 66 92
423 229 67
539 439 99
204 161 3
572 722 8
722 286 43
399 738 42
277 578 39
453 509 32
118 37 43
568 36 66
36 103 64
36 589 76
191 67 3
369 532 97
198 338 57
396 315 91
159 124 47
433 287 16
326 314 75
396 550 43
125 43 92
190 672 95
240 543 91
249 485 79
478 472 10
618 69 62
481 538 20
664 588 84
43 579 72
149 547 20
280 6 42
69 412 23
479 475 69
578 15 66
472 583 61
572 186 61
325 564 74
625 516 43
664 595 73
67 494 64
6 266 32
124 76 57
240 259 53
475 691 25
240 90 90
242 443 70
229 291 61
583 343 68
198 135 11
57 72 14
1 153 7
463 230 65
113 602 17
113 104 17
182 173 49
583 581 31
249 46 96
664 704 62
549 555 63
559 272 48
494 180 81
568 132 48
198 652 87
329 526 56
13 666 61
672 454 57
13 302 25
361 73 2
396 8 51
149 515 31
130 375 72
342 482 60
230 488 60
526 283 64
370 644 75
151 226 35
259 594 35
319 725 8
672 141 92
535 436 62
163 398 34
454 728 86
95 41 33
141 172 92
485 306 36
287 44 54
704 210 52
734 576 97
351 663 61
481 346 73
485 33 6
113 546 10
383 428 63
13 563 66
550 98 41
604 682 28
704 19 22
559 201 8
277 23 97
722 42 41
650 136 23
33 332 91
73 271 30
361 194 86
104 252 70
664 381 95
161 176 100
462 193 27
326 537 95
201 405 83
443 719 57
153 74 30
454 665 78
273 493 34
6 561 23
201 379 7
366 377 65
738 415 10
226 406 28
615 431 93
581 534 86
443 185 49
173 560 7
423 232 64
118 646 44
579 574 25
332 622 1
366 446 5
685 129 93
503 268 22
314 174 15
485 430 1
366 344 50
277 498 56
381 188 62
509 477 16
287 261 3
332 557 17
46 651 77
9 435 57
478 363 61
136 257 56
430 586 98
576 75 26
141 628 70
73 417 31
436 282 70
370 274 60
560 303 72
618 450 89
478 10 50
98 367 37
628 681 65
625 353 67
193 461 48
572 640 96
116 721 99
193 542 91
13 659 17
463 112 72
287 284 82
44 687 6
198 29 44
549 466 57
600 653 56
8 699 71
677 585 7
280 679 81
383 14 26
454 17 76
12 696 72
546 105 82
564 422 73
589 425 44
560 154 87
228 667 89
279 617 48
628 349 19
422 155 2
257 30 38
547 140 68
563 40 97
383 294 50
665 707 77
42 426 43
463 567 29
479 418 87
560 150 30
284 169 50
653 605 54
624 731 38
10 323 76
414 720 67
542 411 77
463 184 66
43 619 94
10 371 98
129 333 53
526 107 92
625 395 84
1 83 79
189 480 74
663 558 95
367 656 29
399 492 52
485 716 10
105 341 54
190 168 75
354 288 67
346 263 3
478 548 9
716 54 44
366 708 36
704 38 16
716 331 25
489 552 10
250 501 71
379 673 36
325 99 37
333 603 99
602 137 59
412 741 49
496 491 43
708 248 35
583 156 47
604 553 24
105 724 32
154 227 99
29 393 29
665 213 40
248 256 93
375 469 99
701 522 20
262 79 98
40 671 61
398 587 20
699 592 93
366 61 38
399 372 66
493 468 80
587 684 45
286 421 93
294 497 24
130 243 50
397 60 14
169 275 58
74 654 49
261 48 29
644 181 19
672 523 70
561 65 92
73 678 51
600 260 81
659 234 66
672 419 9
452 647 92
37 5 87
469 569 90
664 364 31
722 183 41
371 456 15
410 444 18
355 688 63
625 165 71
382 106 49
628 386 50
712 292 80
477 484 33
649 148 10
98 551 66
665 239 77
194 328 15
666 611 68
415 373 62
522 517 42
569 127 83
488 71 35
701 662 57
17 20 26
537 45 95
472 215 28
1 545 50
399 310 81
719 387 48
260 401 7
549 121 97
499 235 13
682 218 50
436 458 65
632 258 58
468 580 86
135 571 90
226 51 62
184 404 31
182 635 85
90 392 89
346 197 88
382 502 83
640 599 50
716 596 27
503 675 83
14 21 32
8 621 93
351 400 32
118 305 24
687 208 42
653 313 25
673 365 40
40 301 60
257 114 56
417 634 38
71 108 75
110 713 100
603 246 60
469 88 96
526 630 85
400 610 28
550 695 45
553 298 59
534 164 21
200 18 65
235 285 16
439 676 62
259 467 69
488 89 70
501 142 92
33 222 85
535 347 68
228 4 12
504 407 36
303 206 95
594 211 94
40 138 40
349 445 99
445 512 17
663 409 35
741 178 89
472 68 46
555 460 55
708 64 75
222 448 28
95 358 34
355 661 93
218 706 30
33 511 83
43 729 78
17 670 84
704 521 62
729 264 36
114 199 64
98 162 37
139 312 92
397 432 25
431 420 35
642 126 5
239 123 90
44 359 34
585 413 41
211 403 89
578 32 86
588 440 18
162 742 11
252 47 11
596 700 37
499 575 14
407 321 50
432 337 49
194 91 33
549 289 88
676 220 40
673 658 5
697 270 90
273 519 12
215 253 66
76 438 57
381 345 81
583 457 45
315 335 20
532 680 88
99 225 50
440 556 75
443 623 83
688 483 45
326 166 32
422 690 12
246 202 20
289 92 71
283 241 62
15 22 99
191 694 15
236 131 69
33 196 92
512 607 40
341 390 80
491 299 86
325 276 59
313 591 77
112 254 49
71 214 84
261 187 2
719 626 43
375 486 48
210 86 44
722 96 57
12 330 82
328 510 72
737 53 98
696 554 82
243 128 39
483 231 64
499 58 60
399 643 67
387 616 31
374 536 40
178 638 3
189 212 63
36 316 25
423 336 95
213 334 85
239 692 92
550 219 26
466 437 68
4 590 95
433 119 35
253 609 46
370 82 87
634 11 76
335 237 91
5 464 45
398 490 8
404 251 25
630 102 61
463 527 30
438 171 94
76 505 60
630 238 86
594 544 23
653 474 62
306 55 42
553 471 64
558 278 53
563 7 63
623 566 25
625 144 70
193 145 84
414 487 26
110 322 56
46 324 27
539 476 20
662 233 51
406 408 76
187 158 82
546 304 97
359 660 71
216 717 45
380 223 82
124 689 3
476 402 54
688 255 5
600 16 51
640 506 86
199 70 61
404 318 94
216 705 33
419 573 33
572 541 86
664 451 49
102 293 10
344 245 2
11 31 22
488 93 43
162 657 70
692 269 52
234 693 71
145 525 21
396 117 48
642 320 46
590 669 29
543 597 95
35 147 55
36 513 23
522 87 23
638 743 55
214 152 3
287 612 87
358 531 1
374 637 98
142 81 71
40 674 55
225 356 28
554 528 57
189 290 32
602 730 13
151 507 8
706 295 54
501 362 71
231 740 91
291 639 4
672 368 29
680 300 77
510 160 49
239 601 17
199 711 57
496 224 62
349 608 99
229 84 71
5 376 34
296 175 15
186 629 28
444 267 41
5 598 70
294 62 36
454 434 20
162 80 28
406 265 73
341 739 79
145 703 24
258 447 82
173 207 46
355 77 33
609 177 77
318 470 82
597 429 25
224 627 22
707 514 88
647 726 81
556 205 47
172 710 74
740 427 39
644 473 93
198 727 10
495 540 59
653 508 67
484 350 88
197 391 43
640 307 88
342 565 3
215 614 21
245 2 52
190 378 95
21 714 38
449 442 70
405 134 72
343 732 87
148 297 85
640 683 27
477 718 97
282 360 38
164 157 94
142 24 8
306 524 11
325 167 77
495 562 43
11 221 6
70 244 69
498 500 81
363 203 3
315 655 42
107 28 28
155 620 13
603 465 52
230 709 38
491 25 94
248 3 3
691 111 27
162 388 6
725 733 74
706 120 78
447 577 45
84 352 15
504 648 49
176 529 60
315 702 67
402 736 54
651 520 37
529 85 47
82 247 77
617 39 36
245 101 59
712 582 43
90 59 68
375 636 68
243 94 32
349 668 54
361 394 89
638 195 7
377 455 95
738 606 11
147 385 77
482 97 52
549 641 47
689 56 38
476 633 69
67 518 53
88 26 3
686 570 69
468 593 39
215 143 23
516 308 52
463 311 75
375 179 72
734 348 94
394 192 40
415 100 65
193 317 100
93 424 37
551 735 56
67 533 53
656 122 48
472 530 69
268 584 57
178 340 36
161 109 13
247 339 5
695 133 55
313 715 48
481 389 80
594 217 62
535 34 80
42 52 28
331 50 64
737 78 7
396 309 12
136 115 72
380 384 46
580 209 55
439 170 27
392 281 12
463 146 73
352 357 99
445 416 93
393 631 93
