648
22618 89859 37776 52762 81505 88548 87949 42405 16723 58104 89176 79769 73508 3458 64141 58836 17528 86648 99837 73926 88683 36230 69676 69526 86890 88492 28338 34939 68824 59547 2939 60644 47210 8667 4647 38833 30571 8488 80906 88632 39480 12401 91629 89889 43461 22040 56683 54794 13335 28564 20757 93411 11240 95346 26606 26290 29062 31055 50224 62065 9204 46240 69605 63180 69095 39979 82479 75748 6154 73483 55873 50542 78075 97872 32515 97364 70668 59517 48242 65331 45859 88808 37117 1563 14618 68253 16202 55986 19967 219 19567 30386 72725 39477 50105 54694 92049 38482 76296 64081 89150 40782 73425 47624 6874 26839 54747 27634 11767 81585 11362 33103 14395 70162 13239 81518 24289 5959 19454 91606 47605 18477 60015 9918 93371 82361 81366 94804 74601 656 65747 47898 35016 76592 42906 10148 25687 837 24852 62652 92744 57876 42332 44255 74626 79220 89698 20221 58461 53776 52364 8060 92521 50055 35376 45365 61575 25324 37084 81590 54990 28614 19630 11422 22887 5392 46396 44580 43282 96026 5550 27857 68543 86855 44766 61249 76661 67821 35967 64582 93423 66105 27059 56454 91834 51912 83955 90328 93272 62286 3371 69514 91744 2419 17596 96958 42683 8113 40664 77800 26761 15703 14249 23249 34138 89033 16586 1303 58134 59038 90989 88651 47382 70272 81043 46162 8040 88336 4023 91205 95310 9216 37444 92818 88639 44055 46554 41304 75301 76400 56973 32686 52190 19547 10214 21693 90139 62810 79520 41537 1860 53830 38827 55692 80274 68040 41101 61059 45427 81760 2876 50783 34442 10913 56550 73261 38668 31826 86153 86830 90852 91247 19259 70520 84847 43622 97955 74067 51393 28763 78974 37085 63647 9732 54588 54407 24963 39246 26624 25174 68251 12886 26211 48227 1098 32465 88529 94139 61958 20485 39658 1343 22744 44301 93315 15941 863 96856 51331 36885 52909 34411 87494 79725 8199 78523 35357 98942 93962 69363 66092 91373 28225 40308 81259 19090 62096 67856 32517 93628 749 70286 68604 78028 6689 50954 3075 12117 67211 530 56803 77378 73373 34730 68535 73712 92957 99688 76048 45232 69254 87352 44497 65511 22372 75737 31892 42477 89819 69215 31075 22321 58689 37615 94431 51987 25215 33990 96221 81993 74677 12755 73572 19291 33203 42904 60241 79815 48224 74189 57332 58301 43607 78684 41136 66052 23908 8902 32766 39347 50956 77885 34154 51097 96131 904 96724 50870 99315 10498 96688 3199 59228 18715 4455 62622 43726 81077 42421 16944 96976 59561 88777 59558 87677 21440 24584 53124 42818 7482 16617 88741 86881 27946 20538 14132 65905 80311 27930 57204 93468 37661 86621 16793 93536 47018 59531 63885 9006 46018 18753 27757 5678 74812 52815 28681 25305 86434 23321 25320 1501 41397 89046 42689 13468 13318 3955 33251 10190 55966 465 98637 95898 14519 22787 51223 28225 15681 74321 6664 40436 59934 87159 83741 79193 8550 6439 56136 58218 84516 22339 75599 27989 9335 64676 47529 86749 84434 12310 24516 16407 48028 52121 61090 71086 12977 5314 26039 73824 51679 8087 16461 73087 85065 69303 94784 16753 12616 17360 88771 30064 84805 935 55129 62730 68256 14643 24156 57058 66349 11970 9689 28365 53041 11603 86930 72791 51817 72922 56795 12092 91012 78303 24350 70927 61732 10655 79863 41334 93665 42634 15288 24523 99845 44035 87878 32125 98865 4388 82746 49357 11127 47191 90177 64497 58398 65885 76733 32725 35713 91339 62978 35445 42608 63976 22938 36260 19470 113 34145 32360 70769 49909 33481 68764 98693 31001 25015 9388 39945 39509 27844 28701 45520 33461 86109 68738 75298 94554 74563 8040 63704 50038 42028 78155 93348 15347 26945 13247 29543 68428 9310 67080 66936 12658 15637 97345 43140 14057 59499 73433 90248 85512 38553 34706 50969 96989 31596 26689 25597 33703 99109 25360 61903 65626 15194 14591 19327 26142 10995 7582 88783 19152 84238 23221 66839 98592 26780 19389 18594 69041 40738 26852 72271 62653 84889 84940 74033 71310 15694 33100 22191 30213 43554 43534 60421 94871 61803
1 285 95
285 415 6
415 425 31
415 459 10
1 201 97
201 493 79
285 14 89
425 486 2
459 117 8
117 214 50
415 245 23
201 467 33
1 628 93
14 420 67
493 574 9
117 399 78
425 268 30
486 50 91
399 588 73
425 128 46
201 599 76
1 302 21
285 381 58
574 512 75
467 294 93
486 101 88
628 233 23
117 218 47
201 360 51
381 248 10
214 377 47
574 334 15
268 573 83
302 544 33
459 184 8
486 404 38
486 183 24
573 580 84
381 55 77
467 625 70
294 532 50
245 219 78
233 329 66
201 78 40
381 639 32
1 623 57
55 460 44
425 589 21
425 260 61
399 446 59
467 471 27
101 448 41
294 221 52
285 429 51
448 281 19
281 342 25
14 168 86
588 188 33
467 32 62
245 237 13
329 647 90
117 132 99
334 220 9
184 537 76
625 136 100
285 453 61
248 402 43
459 122 33
381 600 1
360 619 54
623 236 16
183 325 81
101 487 23
302 34 39
136 210 51
248 638 57
486 491 96
639 521 75
628 156 2
446 116 37
136 581 61
218 316 20
325 223 91
537 68 8
116 264 38
415 582 60
268 43 1
537 154 4
218 354 33
589 53 15
116 133 32
210 643 31
377 440 98
453 182 88
453 185 37
487 263 83
628 151 48
329 161 92
185 93 58
599 389 44
420 552 59
467 527 55
460 449 76
168 576 76
574 414 64
117 46 45
168 522 81
574 441 87
263 436 23
589 54 22
576 279 90
1 395 29
643 475 15
580 525 53
446 278 79
449 466 99
643 351 6
573 254 28
582 355 73
404 247 52
402 266 86
263 251 42
420 506 55
161 596 65
151 36 78
68 6 77
588 332 81
623 502 54
544 529 71
381 243 46
475 4 72
245 160 35
440 390 1
360 644 90
245 39 22
221 416 92
237 49 24
471 392 56
316 301 28
638 170 11
491 165 6
1 287 33
248 86 63
491 315 57
460 77 43
521 587 12
168 8 43
279 451 46
183 139 73
315 373 37
544 125 63
279 267 54
420 591 24
182 113 39
506 107 68
441 173 22
440 434 87
529 585 62
334 528 33
77 10 10
436 495 56
643 470 14
237 229 75
459 110 88
389 366 43
86 227 65
325 621 22
170 127 10
243 504 15
425 240 77
537 148 25
266 617 71
537 305 44
392 38 47
581 464 64
233 520 66
184 421 62
50 376 99
373 89 86
580 483 40
227 289 9
168 323 31
287 256 31
647 114 84
589 508 26
294 142 85
101 31 57
122 295 43
429 384 28
644 42 81
342 568 64
245 121 9
148 370 66
332 21 59
148 257 14
183 343 96
54 545 25
576 624 37
39 276 32
46 622 13
622 516 20
285 629 4
77 637 90
334 426 92
133 454 64
537 403 31
185 615 61
464 150 6
376 155 66
329 81 51
451 250 80
54 513 6
323 137 31
31 598 74
504 174 30
122 141 60
116 614 36
377 494 51
254 317 92
544 642 65
370 371 18
615 633 63
188 177 3
642 645 38
416 530 76
624 274 21
568 422 61
287 333 89
527 88 29
117 510 4
223 27 15
377 299 24
21 228 77
475 361 61
599 58 47
637 443 31
233 60 66
414 303 74
512 369 48
369 447 1
114 149 20
643 309 83
264 368 96
93 193 55
513 262 64
334 143 33
182 145 12
332 146 100
527 524 74
264 35 69
302 378 1
148 578 75
43 192 86
305 215 44
598 533 27
516 603 26
267 5 26
49 48 16
443 437 80
317 167 20
185 79 32
53 444 2
192 386 36
637 65 18
377 198 92
581 562 46
545 391 13
574 388 72
603 249 80
596 365 46
114 473 94
446 570 51
254 163 47
150 380 3
447 341 92
155 569 23
233 543 37
160 559 9
460 213 19
201 557 78
332 564 33
60 15 48
422 19 97
562 553 30
425 126 37
354 95 7
354 202 91
110 482 15
285 646 51
629 195 2
89 356 10
236 102 23
342 330 61
639 300 86
482 313 35
303 120 60
516 37 64
493 94 47
110 344 36
528 66 1
502 445 45
79 171 99
213 70 61
493 17 46
325 222 38
185 253 66
453 2 27
532 547 57
334 52 62
356 485 28
222 23 67
254 235 22
483 87 90
482 64 19
644 597 68
557 456 42
116 83 45
254 103 64
54 611 95
624 91 20
195 359 53
53 153 54
371 241 13
278 511 53
128 583 94
148 179 44
17 507 39
315 551 91
344 339 19
617 338 72
373 577 72
94 187 90
233 499 39
339 318 99
502 134 88
600 169 24
156 118 65
260 71 58
646 16 64
544 321 59
313 92 56
16 424 52
43 469 6
93 216 20
333 556 38
485 536 21
495 328 56
404 505 9
506 518 21
475 209 50
39 282 66
420 297 34
154 85 96
53 626 77
156 320 97
589 534 29
359 498 47
148 480 59
436 26 89
434 225 60
68 9 44
568 419 86
371 61 75
301 115 81
83 372 9
543 130 81
240 186 69
247 594 34
429 212 97
5 375 20
617 353 46
66 275 70
505 99 29
125 312 69
54 541 99
600 387 77
424 7 82
559 571 95
574 224 21
599 548 88
589 25 33
256 138 62
313 604 34
145 407 55
437 432 3
248 438 7
467 620 85
1 630 70
576 496 7
43 69 64
250 442 93
541 439 58
445 526 75
518 29 65
615 348 62
150 157 67
520 191 9
251 417 48
456 523 87
404 636 68
260 462 83
372 211 31
71 406 32
446 67 15
446 593 70
536 405 19
645 147 29
55 166 46
533 291 50
118 379 62
507 284 57
168 308 72
636 164 12
377 566 32
598 610 80
184 479 26
150 408 100
170 452 25
279 575 44
218 72 96
442 450 83
585 158 61
603 90 65
150 123 73
587 234 31
233 176 73
7 44 60
46 244 14
66 546 22
544 457 55
614 631 41
278 197 76
338 259 66
192 413 86
83 304 97
416 398 75
422 601 56
462 500 61
551 311 35
500 627 47
369 490 59
263 640 75
148 298 58
490 428 76
402 231 41
244 310 73
310 194 96
254 385 21
134 514 19
414 181 85
25 605 54
557 180 15
543 412 52
225 100 5
233 265 72
54 273 52
541 468 80
267 152 5
139 97 56
332 56 82
568 140 93
631 612 92
179 481 35
220 608 87
35 357 88
603 306 37
536 255 76
365 539 38
38 104 84
216 206 62
406 635 89
453 590 41
240 40 50
9 374 94
391 382 71
376 331 83
629 20 42
184 358 1
83 519 61
304 73 48
470 96 79
518 13 27
577 327 4
539 492 85
311 84 41
70 476 82
483 609 43
499 175 33
58 131 28
186 465 51
145 288 86
366 11 96
25 558 26
617 572 69
215 296 94
407 98 52
328 561 19
53 503 86
628 550 73
64 648 9
302 47 57
365 238 56
191 613 51
310 162 54
89 455 63
351 324 89
626 59 61
425 290 36
83 63 42
416 586 85
587 463 12
140 271 40
238 538 30
88 584 94
574 12 30
516 307 54
522 226 76
81 634 49
534 129 11
382 200 33
424 178 55
353 477 21
69 535 33
377 293 38
483 592 19
399 409 55
240 352 6
114 618 11
285 75 56
437 641 17
312 57 10
413 606 39
12 109 32
636 269 97
263 364 99
532 542 71
622 106 73
57 280 77
432 340 7
424 135 77
440 595 60
398 616 8
70 472 62
43 579 83
468 18 75
233 3 5
81 286 64
160 124 20
454 411 60
210 319 11
197 531 93
129 45 13
436 258 80
455 362 35
280 335 84
630 252 35
81 350 24
447 205 19
315 208 11
375 62 6
140 189 52
541 345 92
92 540 54
92 336 12
247 172 62
577 272 70
23 232 62
128 549 47
305 41 8
511 431 77
490 560 84
608 394 44
69 396 51
157 144 52
106 207 80
459 314 55
548 283 8
519 119 81
187 80 79
238 204 8
643 28 32
187 423 5
423 199 60
182 347 37
443 159 4
530 565 12
154 418 63
617 239 48
179 112 3
518 435 88
435 190 25
415 489 76
386 230 11
11 484 52
106 108 31
541 555 90
395 105 63
214 74 97
46 515 26
504 24 39
503 203 12
218 458 69
537 509 92
9 554 30
556 349 70
588 322 31
190 111 89
403 497 70
162 242 75
524 563 27
179 367 35
54 430 11
187 277 8
626 393 3
574 383 24
108 196 86
470 427 95
104 33 12
512 478 2
560 602 94
216 326 80
157 82 90
453 397 40
129 246 49
377 337 24
59 261 14
272 410 95
278 517 51
9 632 32
91 292 76
39 401 21
422 217 83
101 488 64
271 363 25
342 501 73
157 346 21
44 270 55
148 474 79
260 567 50
387 433 22
162 51 5
328 400 86
66 22 35
64 30 6
361 461 93
482 607 45
627 76 26
