636
57524 84869 87880 75680 54257 49141 25939 14832 22074 84733 6494 5617 52102 17605 61323 93156 15071 68775 63853 42527 92418 44179 63980 37962 96642 25419 71973 23523 81446 63559 46344 99450 92198 18930 4344 4086 17074 91690 52718 36815 65932 62244 66038 96434 74569 56198 89713 58368 26419 21548 87921 90446 47370 56324 53344 19335 29502 79537 57338 33349 54327 34604 66446 93532 75886 46110 53569 91215 8177 69575 71179 64313 56482 64634 76823 84678 47673 89919 30279 58583 4349 50320 27599 53761 30223 46140 41077 13326 5440 93095 90072 81723 3701 30952 16997 66681 99594 4458 29571 70188 99085 3595 1512 82127 58782 69472 39618 44685 46294 16943 28143 72329 87901 70483 10277 10168 57137 46236 29996 67426 53894 4652 51807 23780 70593 42843 42094 58481 50460 88468 68158 1132 52358 43318 91175 20239 15840 92724 80693 41704 41440 39382 21097 16599 41553 21173 32757 15313 36945 85283 28419 88960 26354 14368 64207 85761 85370 71302 89640 66660 37603 32734 81395 66287 86940 62057 81864 65019 23782 46424 84402 15606 60632 2900 37907 2688 37179 70359 2623 14126 85870 32113 88348 46858 68675 90180 72680 70224 87296 39336 18323 29106 93824 33448 3393 76662 68783 22403 52105 44819 76498 95659 8025 13527 38652 31050 32719 96708 70266 40760 69249 31182 96328 46470 54326 79583 17689 97783 651 55987 10132 33249 77871 28828 80817 94192 47976 14495 49600 82948 76364 80469 70115 83534 72136 11500 19374 16982 83484 42723 98030 15000 38461 26129 35360 97123 27410 70719 84725 90393 9879 43913 58740 25233 92445 85665 82264 9400 50952 38220 11758 89932 16752 259 65689 27711 81505 55027 55694 98906 44346 43006 34072 15864 76050 21848 77332 94695 34094 62122 41078 68234 3980 94770 81474 67129 11708 97345 41748 97375 4578 17116 72506 251 98613 8732 42996 71296 40226 36430 75130 73366 94890 90804 99382 78550 55136 46849 74566 91602 44364 2913 12796 17290 49867 79983 84958 82008 77996 21501 92134 54245 30068 40688 64962 43730 51291 16064 26933 82768 89294 86556 79700 26056 89323 35813 60138 56788 75911 89551 99797 47588 99435 33251 54759 1562 49459 42271 50310 56110 39278 19700 78700 16363 37728 45446 73736 28144 47555 12080 84315 87184 31106 28862 78811 55154 54717 5745 35636 562 9800 65567 21698 98654 18412 53136 11128 43193 33444 67778 2204 78044 72288 49638 34248 45456 48710 70016 13835 35829 67628 70795 87462 69374 88544 61363 59824 62835 96032 19225 57586 68686 91458 58162 63819 70142 13133 4360 85966 4551 58014 856 20063 83296 8644 58163 53241 43348 6212 85373 5963 85890 36854 145 86774 54396 65766 40283 83025 96395 25685 53148 14214 74922 75957 1001 27666 16103 50192 1644 57833 42245 34113 93186 26927 11228 57849 83163 3008 55415 13212 15550 78153 96821 82818 61122 7212 43497 1943 99798 50432 57947 47002 89978 69999 10917 12610 29987 54774 30806 6900 4891 63561 2162 52334 90879 40012 64559 84288 24063 25435 68762 47373 26305 85571 22192 96463 38527 30183 30662 34064 10852 22332 11202 23153 59123 31213 92063 23719 75328 79480 46860 86073 77941 30894 57390 58148 78383 13431 66298 64695 638 89484 77948 28152 61480 90779 27922 59645 96742 62535 64561 1299 73158 67973 10848 90298 10280 59009 24792 11174 25441 59734 43818 63328 29819 78553 86585 55107 83634 97231 33883 30688 77912 20690 84797 83963 5010 16113 36508 92620 20570 71021 57292 56990 8475 98460 86133 28019 54744 44937 93361 11934 59717 28114 21519 6952 75243 37737 79123 75660 42025 96276 57492 73723 13518 71662 85501 50616 29984 38787 63053 44476 57976 13367 41110 92884 34627 83104 73633 55998 58691 50087 69737 75376 48524 44331 75868 10673 57767 92639 31837 56190 65074 58983 39908 10630 52606 67934 16349 73006 56560 48435 79237 55278 10113 72679 26416 60626 89727 31313 35365 4698 17001 98907 2016 94363 89302 91714 57583 93659 42862 72761 66870 11033 71759
1 93 89
1 391 19
93 151 65
1 429 98
151 329 51
391 50 87
391 613 46
151 541 87
50 204 79
204 216 95
613 285 36
391 97 89
391 380 8
216 53 46
391 44 21
151 567 21
329 469 7
380 361 100
97 81 78
429 141 22
541 231 82
285 465 18
285 628 50
93 298 62
204 457 93
141 7 16
93 254 8
361 419 43
7 276 2
329 529 74
465 480 31
429 176 7
7 600 90
176 590 37
613 71 63
361 368 42
429 601 98
529 22 42
50 211 10
93 66 58
567 170 40
529 511 60
276 186 41
71 534 97
53 435 95
44 279 87
567 606 13
186 531 11
279 402 78
44 378 20
531 207 64
378 57 15
207 488 58
419 147 8
176 514 100
368 617 29
254 578 70
435 539 52
617 245 39
380 123 25
7 372 94
22 472 69
207 519 93
380 610 25
469 164 27
567 458 47
590 554 30
211 191 18
57 213 30
419 609 37
541 273 85
7 376 37
458 224 73
529 505 82
211 572 40
572 364 10
364 261 29
567 351 56
211 305 61
71 481 50
204 202 81
170 509 49
391 146 72
457 281 41
429 607 19
261 299 88
607 552 42
380 295 64
378 345 80
273 149 57
488 616 38
457 220 62
50 20 94
419 498 69
279 63 99
465 167 82
534 430 99
578 517 25
81 278 93
498 503 4
213 228 84
164 266 14
216 468 65
468 208 95
613 49 8
505 608 98
207 489 57
208 153 67
224 360 5
617 561 97
590 375 31
329 160 69
53 406 29
228 140 42
609 445 47
153 38 45
435 627 7
208 42 30
81 292 13
81 127 55
572 275 5
298 294 18
153 283 26
207 262 76
147 270 61
211 297 69
419 336 65
541 59 99
7 340 14
616 407 14
207 566 76
406 565 63
610 84 53
167 313 80
147 530 44
480 615 4
97 188 91
49 545 90
278 119 59
361 410 21
345 594 97
376 247 36
216 307 82
616 486 100
610 13 84
84 485 40
616 496 37
119 533 68
465 304 17
141 142 6
97 126 47
1 205 38
278 487 17
13 257 19
391 343 87
285 444 41
44 582 50
304 568 9
607 267 22
208 333 83
97 197 26
444 251 40
119 2 24
498 91 10
167 598 44
205 342 12
561 318 15
297 540 76
509 111 42
170 383 50
59 232 10
568 131 12
318 394 93
458 363 26
487 605 9
406 602 46
66 527 75
170 246 61
607 501 59
42 348 37
457 449 80
283 284 76
342 239 54
568 157 92
164 132 30
123 24 90
149 193 72
449 550 88
141 221 49
394 112 22
445 549 91
487 450 15
444 124 90
53 302 60
307 411 63
131 558 81
529 573 82
20 427 93
545 229 59
57 620 59
527 548 20
558 103 84
435 107 32
254 618 84
351 591 38
487 502 81
103 633 62
567 497 20
213 217 54
112 158 12
302 462 69
376 203 79
363 604 22
176 258 16
231 222 58
333 290 95
609 359 62
554 85 14
552 47 50
407 624 85
24 30 69
119 412 2
351 436 16
245 626 11
391 621 68
251 532 49
266 130 78
281 64 61
514 113 93
527 187 28
534 100 35
621 274 47
307 476 95
141 453 69
42 26 79
262 335 22
548 282 25
239 341 43
503 570 40
582 155 7
246 65 31
285 635 73
266 455 69
245 82 63
368 39 26
606 83 40
545 125 39
213 79 76
124 619 97
458 315 3
406 102 66
111 544 93
427 396 24
217 196 56
450 201 30
281 5 38
578 70 100
313 88 60
410 69 28
376 471 34
509 362 79
188 387 38
196 241 96
30 512 84
290 234 18
20 306 19
88 45 3
232 56 79
318 52 68
295 178 34
22 8 10
410 175 59
582 171 67
254 443 36
427 36 66
566 365 18
572 78 63
391 250 99
498 525 5
539 461 8
465 560 28
107 96 57
505 60 10
213 209 75
368 344 5
186 253 56
344 484 4
42 357 59
82 417 62
443 293 19
616 272 1
284 441 12
56 256 64
635 223 53
295 3 26
444 424 33
341 181 23
57 395 63
209 523 76
285 62 31
59 43 82
424 136 75
529 109 17
123 168 88
616 17 83
124 115 96
527 308 11
193 524 29
2 190 56
624 358 9
497 612 52
412 454 6
290 536 94
299 518 55
285 564 67
362 337 74
140 243 82
308 587 92
221 212 5
368 414 91
481 571 74
59 559 27
149 150 68
146 128 89
427 478 74
220 586 90
221 61 87
229 309 67
158 325 53
524 442 82
290 389 20
359 259 54
427 332 27
126 32 5
561 346 13
285 431 77
431 323 42
587 240 25
97 500 70
181 35 21
571 177 75
39 553 39
534 557 28
91 367 78
274 526 65
559 316 34
306 404 61
97 592 75
461 68 55
53 18 13
297 354 76
190 25 98
126 597 35
308 388 53
616 27 31
570 397 48
272 420 90
539 51 74
348 510 51
420 310 14
410 546 37
367 179 83
309 623 32
445 317 76
557 143 76
285 249 45
171 23 87
294 482 58
484 14 37
250 614 1
357 556 53
471 599 65
612 479 81
251 311 13
556 162 91
552 493 3
498 508 15
329 206 99
336 218 82
191 371 1
444 495 84
424 226 12
232 89 87
598 584 86
458 300 4
389 77 18
508 347 91
315 235 75
481 106 39
216 156 95
395 159 31
561 322 81
85 120 97
358 538 96
300 11 71
63 589 27
599 433 26
226 475 45
61 174 27
433 225 50
541 418 18
79 314 16
267 163 28
527 467 86
97 277 40
220 459 69
486 6 40
131 172 17
375 271 4
586 289 72
417 280 78
212 369 67
478 199 32
125 182 14
226 116 85
552 195 73
510 504 63
171 301 95
309 214 28
368 551 71
187 269 5
71 563 74
459 21 47
623 355 48
617 105 10
224 448 5
465 16 21
50 180 3
294 547 74
444 242 86
65 595 10
302 585 43
17 576 92
69 356 82
354 543 9
162 121 86
2 169 60
276 252 20
234 403 18
191 603 71
454 390 78
570 477 12
47 577 11
633 237 15
167 593 92
556 184 30
372 330 13
567 268 96
199 460 100
190 575 76
226 437 16
313 227 96
273 535 86
163 327 68
362 622 93
309 129 16
164 192 10
518 583 97
213 200 63
397 413 100
60 67 1
100 596 81
354 521 6
459 98 89
391 349 97
572 161 25
360 288 82
538 55 42
388 434 86
207 303 20
495 470 81
289 41 31
281 381 35
98 73 53
623 542 41
207 189 6
42 48 94
510 210 13
573 198 74
583 422 65
256 515 17
333 264 80
573 134 78
362 522 44
551 581 10
329 474 92
355 516 95
543 154 16
381 456 4
607 12 52
42 326 2
325 416 62
170 520 78
327 19 13
116 409 84
82 446 87
51 399 48
496 166 41
619 506 63
132 634 34
166 118 31
56 312 44
311 423 23
309 144 9
186 46 61
545 28 20
20 384 1
317 215 79
489 377 23
549 321 80
208 382 94
455 40 85
506 631 52
547 37 98
211 137 92
598 185 16
249 625 83
434 94 51
6 114 38
363 328 13
375 74 79
132 370 80
547 72 7
627 438 33
147 248 90
631 393 64
179 463 89
549 255 44
169 135 89
458 99 37
393 408 12
306 494 21
496 265 52
610 10 12
416 145 30
518 483 26
620 491 53
248 339 97
465 379 60
50 425 63
628 588 69
73 194 36
259 466 20
516 138 88
85 15 85
309 492 25
299 537 68
485 464 42
449 92 76
218 133 63
239 291 7
103 353 93
91 350 3
475 426 34
207 219 93
60 374 54
635 320 75
5 528 89
267 439 33
302 338 32
406 562 78
609 386 81
271 104 33
371 398 43
174 452 75
577 415 56
129 428 10
560 101 33
168 405 44
487 165 70
215 260 32
133 263 53
444 400 5
364 233 72
19 331 37
496 629 75
576 31 48
312 401 11
246 122 63
179 385 77
85 324 44
243 580 16
225 76 42
561 236 93
600 33 69
99 319 94
193 632 57
417 574 49
73 34 18
239 29 17
114 54 8
311 507 84
184 80 70
273 352 51
305 139 88
85 173 27
157 579 25
376 183 14
166 4 11
465 392 66
133 611 58
502 630 56
624 230 1
382 286 15
360 9 33
616 75 50
256 110 10
406 152 22
599 148 34
143 108 26
102 244 6
66 296 47
457 86 40
463 117 21
602 95 61
293 238 56
214 432 72
101 90 48
354 366 50
285 87 54
321 555 18
56 287 48
294 334 22
546 373 46
525 636 1
130 569 34
360 440 96
555 490 3
259 499 12
85 513 30
422 473 49
133 58 69
439 447 30
269 451 5
148 421 73
