979
40587 10616 71922 97446 52625 755 8276 55960 41529 20190 30335 98469 93952 82085 23451 78710 80215 49006 28837 13609 38342 2318 39373 14223 14405 82289 64246 41485 43716 50997 40025 88027 51973 60847 8931 49256 48701 12934 97682 72949 12343 6355 66332 89621 41297 79015 82568 59348 32828 11269 43603 10541 69248 83492 2924 52849 90582 9902 7256 11527 39852 60387 71663 84967 72709 68343 26493 12254 4342 33423 89570 1389 90346 9928 23506 50025 16383 23313 55798 87261 41990 50636 585 61411 18343 99761 21692 96111 94811 59210 46451 45317 35697 13656 49030 59389 84138 10669 40032 77126 45308 24240 78179 54272 43890 79068 56866 26305 86314 98401 60549 26289 17334 20386 14121 19725 26716 61109 52734 1704 46998 24774 50343 86629 44627 58676 83294 70655 80212 54675 92173 76354 42607 72776 84949 45199 37520 87376 33899 74107 43507 65721 39734 34640 97387 37095 22291 62539 59070 50513 63761 83772 5382 92001 14709 35754 3698 19640 50743 56012 56995 59751 16451 17041 36656 75575 73113 88857 28322 17539 44077 72825 86073 26872 30568 30363 60773 70332 70501 25179 38381 76260 44533 29260 73452 73500 8060 16721 8239 60771 78961 96324 73912 78092 40770 95507 49342 85566 78702 33246 11914 43093 69545 41946 57308 43295 57851 2801 77028 16863 65761 1183 78602 54094 64522 54070 74982 89205 42524 47932 13352 2869 26061 59912 28786 34687 13386 36904 57305 50108 63316 89726 94568 95846 17885 62558 91484 32940 89871 68306 24777 17010 2662 78390 55219 26767 11729 30492 46230 49966 19445 22282 81599 62734 21386 42295 64625 14434 94972 39249 62561 22129 31915 76922 73530 85558 69483 23078 12090 6369 5701 68670 22739 98549 19220 99457 80426 93608 4809 5438 12731 8486 18120 5659 68084 62862 23048 97137 95669 75091 84599 9645 8983 48989 13267 20848 37026 91462 15570 86544 71509 48829 21052 36726 84002 34566 64300 50590 44495 13784 84338 2074 8982 10141 90771 40079 84549 49430 60392 70774 95935 36021 61051 11644 346 32 43469 5667 15071 39733 38291 88798 9645 20001 64116 45337 94518 88999 41516 94191 13824 52159 49101 32850 94981 91220 82233 27591 18868 31909 89832 15175 65006 89509 38056 21215 27946 20923 87448 8208 30353 94883 28813 45392 26242 6827 54061 28967 82031 84055 47094 63891 9695 18781 75960 4517 5226 97034 79191 92226 33536 22011 58762 43970 27778 85925 10815 276 62791 66285 79605 98041 96473 79696 351 59460 99125 68989 50152 11360 19534 47574 86346 87690 98571 12915 29173 31283 83364 45887 90318 34208 18249 43929 56430 76297 82076 19251 94751 8445 65106 49015 66754 33884 3413 29309 11308 12092 9989 91734 69796 58053 14962 3397 55558 53429 52548 93792 16611 83677 80244 33907 71231 13793 66512 94717 97394 56860 36506 89042 1416 92857 4201 22039 84993 83548 12199 32041 76593 22775 34898 18390 8481 45365 56028 81122 10860 36531 52810 58980 24099 61249 54232 30215 97833 96742 68020 98505 87256 73785 72414 72863 62650 9737 22255 81903 32017 23862 63631 86932 69328 5365 73660 19486 99967 87952 6634 53711 14075 74020 91262 85760 23347 68993 57874 80122 74861 59662 34389 85117 7935 55298 16519 19452 4662 91628 90209 50462 93042 73516 54955 69215 7816 31863 2340 85773 70815 76791 67390 65420 3283 93896 96447 73458 65653 88349 65825 85516 61865 19193 69971 27863 14087 22358 64886 6375 44635 27522 51936 55268 14949 25692 39933 59880 45369 80028 86281 87843 40128 77416 67799 74615 60053 13376 25869 14012 42536 40787 32454 58941 61887 50247 20846 41849 20400 52373 76938 34883 26825 67947 25933 18242 82953 81032 68324 50577 98595 90788 17899 19840 52514 66149 11861 74610 4351 29323 45929 55869 1901 73157 14303 20333 86990 71161 58599 49570 83291 84288 50498 97197 83136 67431 21543 34167 45566 83536 10304 89465 24199 74607 15114 32485 58149 42989 92921 91004 66931 42665 77905 41846 36963 25042 47630 29725 5814 73198 29309 98898 17383 59414 28577 78279 74241 25751 26127 90435 20836 1074 79473 66561 55204 70781 34183 3633 50762 79105 258 51637 85873 81338 53799 22085 13737 61466 76018 25100 79544 91110 86512 46793 93812 85623 74532 35887 31979 48250 50851 18054 53883 61296 14936 31720 82778 40591 45537 18468 65935 76192 92752 11422 73815 13439 31051 72172 23682 69373 97804 33787 78515 83393 43521 90248 61667 40323 47789 89320 2302 69104 46853 51904 51428 63081 64756 93006 34794 41444 38264 3966 62871 41641 90819 68885 70535 85014 5499 56970 32811 13788 41914 75656 80263 83104 71919 35406 26547 75547 64219 47279 82650 59258 23540 39282 56894 52254 33573 31347 73106 67324 30221 61664 27967 24575 42012 10012 21440 64162 70745 86464 65414 85110 75678 61621 69844 32322 50554 30075 19428 21213 28974 11014 33696 18422 35569 83995 8138 29325 34988 71159 76404 57592 95774 20297 86025 66847 46937 51315 13794 29696 86404 58284 21970 12139 75447 13313 77371 98567 67362 31280 78678 96523 43270 5515 21743 35590 59514 82587 84678 87544 57224 44315 3152 57111 52781 30521 92371 68459 18684 29720 63566 16945 13372 33296 59471 68924 75718 56236 35259 74799 34024 86827 53385 98693 48484 99329 58343 61353 81105 55219 39028 94718 48409 75166 35492 56057 10137 19376 53695 51458 10437 41933 39971 52150 81889 60011 12861 84264 2025 12087 59028 77723 72938 35630 31102 63337 58727 19141 91688 66592 93269 96674 67187 11328 14815 62816 46482 64830 355 57327 39981 66660 818 75697 40929 39630 64116 64766 4733 64975 39746 57249 66374 65770 95786 41913 60852 85913 99023 30041 31635 34666 32614 96104 23299 88764 17530 29921 67449 39143 83145 67956 26907 55921 41317 47588 37288 56442 42868 45256 86382 41553 14416 96938 16850 22876 92136 29866 81067 70964 1597 11355 46183 21799 26597 82757 19781 36628 48171 10050 40441 43666 7437 39842 17227 50314 95837 59943 41688 37976 6657 78696 82096 35470 94996 91250 15190 91121 55618 29315 8004 77786 75055 29806 43492 58775 60881 91514 27128 90023 18705 60386 13074 47073 65710 49142 88252 93326 83098 60408 44786
1 394 99
394 197 80
1 2 95
197 712 30
197 130 20
2 391 6
197 597 38
391 373 65
394 452 37
2 234 94
452 968 39
234 4 57
130 81 54
4 518 76
234 936 54
4 19 64
4 444 55
373 372 76
372 370 83
597 188 80
197 336 52
373 648 96
373 76 30
373 547 5
130 754 95
2 962 39
444 272 51
188 821 74
372 221 7
197 833 45
130 218 64
597 338 59
197 654 31
81 676 50
4 209 78
754 30 73
234 446 94
962 149 19
81 784 59
81 381 79
30 561 55
654 355 24
821 662 64
130 816 81
1 531 92
30 541 7
452 47 64
218 293 93
30 915 7
962 563 57
391 254 69
962 499 19
547 314 25
648 831 57
654 502 95
502 369 66
188 294 32
676 376 55
394 416 25
597 864 44
391 310 93
597 554 88
47 855 53
370 489 83
648 653 23
47 421 12
754 731 14
376 758 81
936 162 1
76 237 55
237 717 83
314 456 1
254 772 75
355 514 54
294 166 93
19 591 91
369 473 86
855 228 14
254 749 52
294 183 15
81 868 3
444 12 57
81 600 89
731 405 42
717 815 16
456 865 17
816 778 73
518 866 36
518 598 8
514 924 51
924 187 100
421 468 94
541 462 32
816 307 77
162 530 82
4 823 69
1 856 17
598 379 10
473 974 98
421 961 9
30 207 24
76 723 21
228 926 99
518 182 37
12 941 96
962 94 60
30 383 2
370 774 85
653 801 87
310 269 36
462 858 58
597 82 27
717 811 57
149 21 35
758 955 42
468 948 58
598 346 37
654 512 73
717 111 8
754 752 50
926 621 17
76 516 82
81 170 20
514 624 75
314 818 75
823 142 54
82 11 72
833 106 90
446 85 84
821 536 66
752 199 55
85 430 24
968 268 26
106 659 22
142 740 14
234 407 46
653 508 19
749 845 6
561 556 84
199 695 41
383 300 74
541 814 32
106 834 48
621 241 80
4 593 75
502 419 81
512 459 47
11 794 38
407 755 6
459 347 11
717 482 12
593 680 88
865 50 16
831 809 44
961 319 35
547 404 100
456 322 3
754 439 19
547 250 23
561 230 11
680 260 94
676 204 35
459 226 21
621 841 15
254 112 58
936 136 57
241 185 45
209 448 99
254 324 17
530 808 58
166 867 72
21 907 2
188 543 13
269 233 76
784 436 67
473 628 47
11 875 10
556 317 73
530 964 22
237 406 69
226 900 3
419 396 78
444 174 65
269 560 94
974 830 93
543 198 2
4 37 50
924 68 10
370 780 40
811 646 55
314 179 56
924 505 11
241 595 14
346 906 55
659 702 96
955 210 77
593 552 27
653 51 17
260 588 10
162 477 31
560 548 19
228 827 84
676 265 18
404 895 5
209 150 11
621 227 26
827 44 80
955 87 11
204 517 32
755 568 73
30 839 67
233 308 45
808 605 88
347 46 83
821 216 21
723 83 15
250 709 88
130 95 31
379 141 99
772 913 53
955 411 88
680 658 63
37 813 78
809 284 26
605 667 76
444 599 81
717 949 54
319 953 7
926 10 89
865 109 49
293 847 29
508 154 66
338 266 90
866 976 28
808 175 73
913 490 43
406 59 9
307 478 79
543 171 55
949 970 22
221 259 84
336 331 61
865 222 23
755 566 95
955 177 47
76 880 77
142 271 17
30 919 66
436 67 28
370 52 22
758 577 15
416 861 16
566 267 15
749 620 16
30 668 31
964 673 26
430 451 61
346 511 34
880 386 92
267 691 75
778 828 36
821 665 31
136 176 17
19 63 46
514 397 51
254 699 90
272 325 68
774 716 53
300 13 67
52 715 63
233 213 6
94 480 45
204 537 40
624 493 56
407 413 66
294 657 38
808 328 33
828 606 11
821 305 49
814 55 7
823 498 33
676 533 4
407 696 5
712 229 74
493 281 39
11 738 76
451 244 69
699 145 49
499 857 53
265 423 48
174 280 25
4 251 6
149 353 75
260 580 83
50 734 28
518 638 75
723 24 99
459 107 90
328 79 40
839 437 59
347 745 45
913 301 51
974 792 20
446 8 81
968 447 80
556 825 87
659 805 61
702 942 46
936 457 80
970 133 22
974 705 96
207 726 13
281 525 89
68 408 31
530 669 26
10 763 74
827 291 85
47 90 23
47 70 70
145 427 24
213 247 81
133 800 10
498 257 54
268 650 15
176 377 45
82 652 13
658 869 29
260 777 39
763 364 59
1 918 40
241 710 78
451 685 98
377 582 94
792 601 60
265 914 74
307 3 83
76 91 45
94 849 81
669 15 90
478 358 6
814 677 36
493 138 72
478 670 15
685 526 49
659 33 100
95 264 25
37 340 29
754 54 69
457 481 24
758 920 88
525 507 15
970 796 86
577 492 46
1 422 45
280 603 76
533 893 28
307 891 34
444 820 20
970 367 95
653 885 36
855 863 15
726 931 68
512 708 78
526 42 79
406 312 25
162 842 65
63 557 77
421 927 71
427 35 50
145 469 93
377 172 33
507 471 44
512 851 28
792 6 23
324 938 82
507 428 22
216 775 33
469 339 9
130 290 12
477 467 23
312 36 36
280 744 9
394 403 66
2 899 83
107 881 83
805 739 33
369 34 22
213 522 46
731 576 50
772 765 74
106 972 51
379 110 67
691 375 8
324 767 13
763 31 20
452 104 54
381 681 8
170 870 37
197 332 66
10 743 6
104 278 48
621 380 51
526 393 73
221 148 11
858 641 49
801 510 61
21 634 85
34 655 26
833 92 81
525 458 69
369 121 92
548 108 8
452 977 62
462 200 41
662 555 56
44 663 86
847 316 45
774 41 50
659 476 81
183 550 1
373 810 38
652 786 12
307 152 52
393 604 26
800 642 14
557 23 75
598 625 98
920 120 13
968 724 63
241 235 43
216 887 58
724 337 65
254 844 26
654 374 88
792 618 37
554 713 25
605 29 14
784 689 96
618 923 22
490 629 25
522 89 17
83 488 3
177 785 87
264 399 68
543 946 57
676 912 12
337 297 52
50 256 39
37 575 37
396 876 42
44 366 95
726 666 1
796 639 53
85 330 80
814 675 55
677 762 60
112 612 95
481 594 65
314 954 10
823 793 36
638 18 1
912 246 12
366 283 58
150 484 58
330 165 28
92 684 37
881 922 12
652 698 16
2 626 83
926 387 34
493 126 69
141 402 4
209 147 14
235 873 78
823 357 65
498 86 44
942 140 76
695 764 86
436 56 29
251 616 32
594 819 44
603 460 93
498 335 86
669 822 4
723 897 19
188 461 55
716 116 85
150 298 47
954 412 58
870 392 6
785 420 81
89 349 92
813 722 62
844 733 5
59 356 3
777 611 33
380 276 40
642 896 19
547 848 59
24 584 56
652 971 10
171 168 45
50 201 49
695 239 52
597 348 90
489 286 32
550 132 11
175 902 19
247 455 52
254 619 98
648 783 93
659 438 17
419 157 97
641 66 37
335 630 74
370 304 79
412 632 39
827 878 85
492 43 79
844 350 60
251 791 14
187 747 67
632 483 98
393 911 69
663 826 76
304 578 28
201 93 21
187 551 10
250 592 21
31 509 34
878 521 67
764 898 27
393 202 83
598 245 9
145 903 67
176 908 85
81 640 10
863 959 5
420 362 99
722 956 8
863 463 54
286 795 93
708 812 64
847 398 30
876 224 61
834 395 14
968 769 92
555 957 53
971 190 49
108 61 81
408 131 83
548 432 90
130 581 4
858 344 70
813 240 59
765 103 71
855 535 19
778 718 11
763 318 50
467 617 82
848 853 81
422 123 74
138 886 49
792 917 22
317 390 76
946 540 13
915 519 8
439 134 84
376 649 77
31 238 21
796 635 16
123 243 67
833 160 36
407 414 35
204 151 9
123 262 33
926 124 82
855 727 47
61 354 51
942 952 42
675 341 60
145 979 73
658 719 71
652 249 7
89 58 99
823 571 82
821 363 81
755 321 65
576 943 25
638 491 35
165 163 98
512 351 31
795 7 18
451 781 41
953 466 16
18 651 20
416 721 48
885 127 85
432 773 94
218 714 80
50 57 65
268 53 24
460 631 10
31 877 92
758 435 44
919 282 54
473 788 81
127 904 48
489 378 5
778 528 62
432 28 15
375 553 18
95 382 6
648 223 40
908 32 62
455 874 99
568 558 53
356 596 100
262 125 44
712 782 68
839 74 89
758 637 42
111 225 49
618 389 37
103 75 45
147 289 63
269 660 43
847 261 89
481 255 5
651 129 63
66 608 58
200 60 87
346 425 69
772 315 71
111 288 60
855 683 64
510 69 36
107 951 44
582 433 80
612 25 36
775 664 56
106 295 49
332 756 73
537 285 21
782 802 2
1 730 1
394 609 98
683 706 99
581 418 5
412 832 11
301 771 11
241 585 29
695 687 32
56 797 11
238 966 67
394 937 81
594 219 78
484 975 94
518 574 42
880 766 43
357 115 11
498 273 100
903 565 75
653 682 86
461 524 2
138 760 12
739 64 55
900 409 73
568 932 62
265 144 38
183 326 25
86 579 71
8 156 46
767 538 73
650 178 51
685 117 91
937 707 63
200 852 57
718 846 36
961 434 82
108 72 77
398 385 30
816 214 27
346 735 6
971 99 8
791 732 49
900 415 67
278 883 51
227 532 1
966 365 48
175 790 98
269 114 73
913 62 58
44 643 13
849 327 57
922 546 78
581 967 65
535 309 55
877 128 83
885 342 63
680 910 25
82 474 60
476 520 28
463 231 76
719 84 79
406 424 16
903 748 61
634 306 53
433 909 67
328 464 17
350 450 93
767 570 42
255 49 94
13 454 13
869 501 36
772 798 16
132 302 64
977 583 52
190 161 48
450 153 29
582 529 72
594 661 62
848 345 68
536 39 65
156 859 30
791 523 2
924 97 33
604 889 79
553 135 68
900 840 46
302 253 61
387 119 39
877 195 15
397 139 83
666 694 73
769 835 54
233 88 55
454 487 43
37 292 76
658 672 47
225 212 5
250 768 85
733 940 85
675 169 18
393 587 20
624 71 16
97 503 86
732 143 88
514 80 64
370 860 42
190 686 44
59 98 18
407 894 27
828 892 72
568 495 17
273 697 48
110 77 99
670 871 11
273 506 63
812 884 54
752 359 61
326 186 59
648 539 38
648 159 40
666 311 61
840 196 8
557 838 76
212 614 2
74 431 50
831 928 62
30 757 45
218 206 54
302 102 30
393 688 58
855 872 6
156 615 59
428 194 87
46 203 40
423 279 7
136 352 19
952 20 35
418 569 73
422 287 56
340 303 56
399 711 5
46 105 57
774 572 37
864 562 49
421 101 77
300 925 87
342 701 45
19 678 42
506 882 44
634 905 29
77 479 8
484 17 20
309 729 41
288 607 8
640 776 25
723 973 58
231 236 18
769 158 50
860 921 17
132 742 41
103 829 33
953 759 73
58 803 3
661 470 67
66 544 48
507 333 63
34 746 17
535 513 37
212 799 87
795 263 32
876 901 94
593 965 32
428 644 60
519 770 77
391 807 28
288 296 6
763 65 31
706 440 99
293 113 72
451 960 53
319 947 99
825 692 55
300 5 9
133 78 4
654 622 43
255 496 69
162 890 80
54 741 12
408 888 16
142 497 67
831 453 84
762 674 50
680 445 52
848 700 25
791 850 63
952 193 81
124 978 66
773 368 36
196 465 11
484 527 71
605 750 41
399 679 38
468 146 43
845 559 72
940 100 14
680 590 14
84 690 11
23 22 67
253 573 98
183 48 100
612 118 79
447 215 18
407 360 49
739 804 39
203 725 41
70 180 38
876 862 46
58 564 31
446 934 32
466 449 80
457 258 29
328 671 70
67 693 21
744 329 89
175 371 11
53 939 74
473 9 7
141 442 48
569 167 26
350 945 27
249 567 87
604 429 83
887 192 77
663 486 39
677 633 6
332 720 1
62 836 7
200 211 37
218 824 63
524 761 44
846 472 93
396 854 3
717 779 7
801 969 100
353 441 63
389 843 16
292 205 16
229 277 84
511 181 77
71 789 98
19 879 88
778 400 60
316 929 89
974 220 99
89 602 3
843 137 81
2 313 79
691 589 8
702 426 41
743 494 62
882 753 27
107 485 59
871 45 75
192 703 91
521 751 50
731 232 13
407 806 26
537 242 7
386 958 64
48 189 78
820 334 28
210 916 98
441 417 55
151 275 94
699 534 98
75 636 42
170 787 17
952 504 51
681 515 97
311 549 53
372 944 75
230 817 24
128 963 5
692 586 18
831 933 76
541 299 11
347 270 98
416 623 16
825 410 11
315 96 50
827 837 42
612 627 75
107 208 93
202 610 8
167 950 85
646 191 62
923 645 60
911 475 42
275 388 91
570 545 29
119 736 31
304 384 8
418 164 15
881 73 24
741 930 7
725 173 47
966 248 21
145 320 32
427 737 44
78 443 31
251 26 22
854 252 94
114 274 92
791 27 65
640 500 38
905 613 20
125 728 62
807 184 15
744 647 92
412 217 10
10 656 100
660 704 51
322 542 25
692 155 46
516 935 54
677 361 78
390 38 71
709 343 28
132 14 100
531 16 7
890 323 27
563 40 84
308 401 47
5 122 32
