37
0 0 0 0 712
0 1 0 1 319
1 0 0 0 300
3 2 1 0 708
3 3 2 0 658
3 5 2 5 374
4 5 1 3 613
6 5 6 3 688
6 7 0 5 693
7 8 9 2 378
9 10 8 23 158
9 11 0 16 300
11 10 20 6 789
11 13 31 28 41
14 14 52 13 72
15 15 151 117 68
15 14 157 85 193
16 16 459 18 546
17 17 329 306 917
17 19 106 677 103
20 20 560 595 264
20 19 529 183 587
20 20 252 904 699
21 23 1649 1408 188
23 23 330 348 543
24 25 1585 2136 560
26 24 1212 4184 857
27 26 2317 7844 885
26 28 6991 251 167
29 29 8155 3227 581
29 29 11166 26539 616
31 30 47029 58268 499
32 31 71734 30041 317
32 31 97254 25420 655
32 32 34434 25505 461
35 33 107869 52656 451
36 36 116613 235286 386
