33
0 0 0 0 935
1 0 1 0 810
2 2 1 1 346
1 3 0 0 761
2 2 0 1 17
5 4 0 4 53
4 5 1 0 552
5 6 2 0 232
6 7 11 0 962
7 7 1 9 663
9 8 3 1 565
9 11 20 32 338
10 12 6 38 113
13 11 84 27 723
13 12 82 52 872
15 13 124 76 345
16 15 4 90 755
15 16 91 45 385
18 17 248 83 227
19 18 63 100 63
19 19 787 488 493
19 19 924 58 62
20 21 80 1854 253
21 22 905 1669 595
23 23 725 1019 258
23 23 285 1598 356
26 24 1744 547 478
26 27 3467 8610 557
26 27 4502 2490 914
27 27 1346 1748 947
29 29 6582 13023 775
31 29 2422 14631 404
30 31 8852 26638 414
