49
0 0 0 0 160
0 1 0 1 716
0 0 0 0 731
2 2 2 0 814
4 4 2 5 670
4 3 1 1 875
5 5 4 4 530
6 7 0 1 114
7 8 2 14 955
8 9 0 19 158
8 9 20 24 996
9 11 36 85 410
10 12 21 110 518
12 13 64 55 109
12 13 103 137 394
14 14 18 300 127
14 15 153 300 919
15 16 314 125 333
16 16 75 524 299
17 17 224 75 800
18 18 361 847 770
20 20 15 1415 359
21 20 781 785 80
21 23 600 1485 437
24 23 4900 537 240
25 24 4164 3901 289
24 24 5516 1974 597
25 26 6520 13127 79
27 27 7811 2878 657
29 29 6453 6124 517
28 28 23357 16891 699
30 30 2566 38427 658
32 30 76807 35068 447
33 33 110970 16224 295
33 33 40575 1455 532
34 35 128984 261834 87
34 34 284095 41890 44
35 36 244746 539239 355
37 36 205104 62003 295
37 39 258211 670206 619
39 40 302561 175004 535
40 40 1335790 1643881 702
41 41 616464 649086 733
42 43 1536802 247591 892
43 42 5639375 3239254 188
43 43 389111 4191958 764
45 46 2608485 8397057 467
45 45 55594 1980596 270
46 48 1355357 15316927 354
