57
0 0 0 0 400
1 0 1 0 422
1 1 0 0 579
1 1 1 1 738
3 3 3 0 21
4 4 0 2 930
5 4 2 2 823
5 7 5 1 239
6 8 6 4 923
9 8 20 11 495
8 9 12 16 558
10 10 45 13 70
11 10 35 45 68
13 11 62 33 48
12 13 65 93 333
14 14 97 68 158
16 14 238 48 931
15 17 89 340 391
18 17 393 323 163
17 19 225 671 586
19 20 1048 1092 99
20 20 148 1219 167
22 22 15 1560 731
21 22 1712 2874 442
24 23 1450 973 9
23 23 4731 2029 242
25 25 826 8947 995
25 27 10268 13651 54
26 26 2768 5467 572
29 28 5606 28708 684
28 28 22383 30780 221
30 29 28104 15693 444
30 30 6672 40312 578
31 32 34258 18962 40
34 33 68563 114432 117
34 33 111849 17220 240
34 36 88315 11774 293
35 35 47253 39433 98
38 37 476869 46232 554
39 39 293230 787521 852
40 40 1544547 331550 926
39 41 292652 1031791 174
41 40 2703708 938938 800
42 43 4535972 554257 913
43 42 3287071 609341 689
44 44 1144728 3668090 55
46 45 12877694 3374496 174
45 47 6116073 14747282 125
48 46 23435051 17159535 650
48 47 16272394 992297 379
50 48 60550977 33589528 229
51 49 46799536 55030798 790
50 51 6700804 103882905 111
52 51 149610826 15675845 493
54 52 178055910 97242380 144
54 54 30512197 80865099 495
55 54 188141363 24104226 879
