10 16 200
200 10 8 14 5 6 3 15 14 7 11 2 6 12 6 6 3 4 6 2 8 3 13 1 12 6 3 13 11 10 6 11 12 9 2 9 3 7 1 3 8 12 5 11 8 3 4 10 10 3 2 2 4 11 5 7 14 3 5 14 7 0 3 3 8 9 12 1 6 8 13 14 12 3 9 5 8 12 9 8 4 5 4 5 8 8 15 8 14 6 6 2 6 14 11 9 12 0 14 0 6 2 15 8 2 4 0 6 0 15 14 7 11 3 1 2 14 1 2 13 4 6 13 3 1 10 7 4 15 7 2 13 12 14 14 9 2 6 2 8 6 6 11 0 6 5 4 1 12 0 7 13 8 12 3 8 14 13 15 12 11 6 13 0 14 2 2 10 4 2 6 3 4 7 7 10 13 3 3 11 12 11 5 1 2 0 15 9 6 15 10 10 7 5 9 2 5 6 5 2 0
200 15 12 5 13 10 1 6 12 8 12 14 12 3 10 4 6 0 14 3 10 2 1 13 0 12 9 1 2 7 13 9 8 3 8 7 4 1 13 1 0 0 10 10 4 6 15 3 12 2 0 2 9 0 9 2 7 12 2 11 15 10 4 3 14 5 11 5 6 7 12 2 3 9 8 5 0 11 2 10 11 6 13 2 7 0 9 0 1 0 0 8 5 2 12 9 1 13 12 8 10 3 7 15 14 9 0 6 10 9 10 1 13 4 13 9 12 11 9 0 7 15 11 15 12 7 14 2 11 3 4 7 10 15 5 2 10 10 7 5 9 7 15 14 9 3 7 1 0 8 0 8 2 2 10 8 13 1 2 6 3 14 10 10 13 1 15 3 13 2 8 10 5 14 10 11 6 12 4 2 12 1 7 2 8 1 5 12 14 7 15 14 1 7 7 10 11 2 13 8 1
20 0 4 13 1 12 11 13 8 5 6 7 5 12 5 0 11 10 10 15 1 16
20 0 5 11 11 14 10 9 4 12 10 15 8 6 0 5 11 14 1 15 2 39
20 13 15 9 15 2 9 2 12 1 8 15 10 5 15 2 4 1 3 2 1 34
20 7 1 1 3 7 13 9 15 10 3 11 6 2 10 10 15 5 15 12 8 18
20 13 0 2 11 0 2 13 9 10 12 7 1 5 0 15 1 9 4 14 1 18
20 12 9 6 9 14 0 8 11 2 10 5 10 9 5 7 14 0 8 4 2 38
20 12 6 10 9 11 10 9 6 7 12 1 2 14 3 13 4 12 8 12 7 34
20 13 14 14 5 12 4 7 10 13 3 3 1 12 9 4 15 10 3 7 1 20
20 14 4 13 1 13 4 11 15 11 3 5 0 1 6 10 0 9 15 9 11 5
20 14 13 13 10 10 3 10 0 0 4 15 15 11 15 8 2 5 6 3 15 6
