9 16 74
148 1 14 12 3 14 9 5 12 3 5 14 5 8 10 3 15 6 14 14 6 9 12 1 4 6 4 11 2 14 3 4 0 3 5 11 7 11 8 3 13 3 3 9 8 6 7 9 7 14 4 1 14 10 15 6 0 1 2 6 2 5 4 14 13 11 11 13 4 11 0 8 7 3 2 15 8 1 14 0 12 0 13 11 3 2 14 6 12 15 5 1 2 13 4 13 12 1 9 8 4 5 8 12 5 10 11 10 11 0 7 0 6 3 1 2 15 8 1 8 14 9 5 5 10 13 9 8 3 12 6 6 13 1 8 7 14 1 5 0 10 11 11 2 12 0 9 0 8
181 14 8 13 6 4 12 13 2 7 10 11 15 14 0 15 2 8 11 15 10 4 0 0 9 5 11 11 0 0 6 4 10 8 12 7 13 12 15 4 12 15 7 13 0 8 11 12 7 11 5 11 13 8 1 14 11 2 6 4 14 3 8 14 10 14 13 14 14 5 15 4 9 12 1 5 13 13 6 14 3 14 14 7 15 0 2 11 5 9 2 6 12 5 13 0 3 8 1 10 1 7 4 6 1 7 2 12 14 6 7 10 11 9 15 12 6 5 12 12 14 3 9 12 3 14 13 1 13 14 1 2 15 10 5 2 13 9 0 10 12 9 7 11 9 4 0 1 12 0 7 12 14 6 1 12 10 6 15 10 0 8 5 15 15 6 12 15 4 8 4 6 14 0 14 6 4 7 9 15 9 7
20 0 6 15 7 11 8 2 14 13 9 11 5 10 14 8 9 9 2 9 15 9
10 13 11 1 12 7 15 12 12 7 1 29
18 6 0 14 4 2 8 7 7 11 3 14 8 13 3 2 3 15 13 30
6 11 8 1 7 0 7 35
9 4 3 4 3 13 13 6 0 2 3
5 10 13 15 9 12 13
2 12 4 1
12 11 12 14 9 4 12 12 1 3 14 6 4 10
11 10 5 12 3 9 4 15 10 7 1 3 3
