20 18 141
200 10 8 15 8 11 4 0 3 4 11 14 3 5 0 2 16 0 5 0 3 8 11 17 15 2 5 3 0 11 15 17 8 2 2 11 5 15 17 15 4 8 9 6 17 13 16 12 8 3 10 7 9 6 17 13 4 0 9 2 8 6 1 11 6 9 4 15 3 2 16 14 10 13 12 16 0 6 7 11 10 14 15 17 7 8 13 2 0 0 8 4 12 0 13 0 6 14 9 16 15 3 7 8 1 10 9 4 5 8 3 13 11 12 13 5 4 0 5 6 9 10 5 9 9 0 0 10 15 6 12 17 5 5 8 1 11 3 4 15 7 12 13 13 3 12 11 3 8 1 15 0 10 13 9 15 8 7 2 16 15 16 11 12 9 7 3 13 9 10 16 6 4 13 6 14 0 2 16 14 14 4 9 17 1 5 10 9 5 14 0 14 10 13 14 4 14 3 8 12 3
200 15 12 5 4 13 5 8 0 7 4 12 10 7 9 12 16 1 8 5 17 2 2 17 6 14 14 0 15 11 10 7 14 8 1 16 0 7 4 3 5 11 11 8 16 13 10 5 16 8 0 4 12 7 0 12 13 11 14 1 13 2 4 13 11 2 5 15 6 11 3 3 4 7 13 15 9 3 15 8 14 1 3 6 16 10 1 15 16 4 15 12 14 9 15 17 8 7 14 13 1 6 1 8 11 15 16 4 4 7 3 3 17 13 6 16 4 1 9 10 9 9 1 7 0 5 2 7 16 12 7 12 6 0 14 11 1 17 15 3 7 0 0 0 15 5 15 2 14 13 17 0 13 5 1 17 13 3 9 7 13 5 11 6 4 0 16 16 16 14 0 11 14 16 0 1 6 16 5 14 8 17 10 5 6 17 10 6 7 7 1 5 15 12 15 17 8 0 0 0 2
10 13 0 9 6 10 2 4 17 8 10 37
10 11 7 3 3 4 9 3 13 14 11 17
10 17 17 17 14 3 12 4 3 2 11 33
10 12 17 7 0 10 16 16 1 1 4 35
10 15 17 2 13 8 13 7 10 3 9 2
10 12 7 12 15 6 1 0 5 12 0 25
10 4 7 0 6 0 17 4 15 2 9 31
10 9 15 5 3 12 13 17 4 2 1 15
10 0 11 14 14 1 13 17 7 9 1 11
10 7 1 3 6 15 13 4 10 14 3 20
10 4 17 9 2 1 9 0 3 11 1 38
10 16 14 10 9 6 15 0 4 6 11 13
10 6 16 14 6 6 16 7 5 4 3 15
10 15 5 4 5 6 14 3 3 17 9 12
10 1 9 0 14 13 17 17 8 12 6 2
10 15 12 6 8 17 16 6 12 9 5 28
10 12 3 5 15 3 1 4 15 17 6 32
10 1 13 12 7 6 12 6 7 1 13 18
10 6 10 9 1 1 3 14 0 0 7 33
10 3 8 3 15 1 0 3 0 0 9 30
