20 19 107
200 1 17 7 9 15 10 5 6 9 12 8 7 4 4 8 12 11 15 0 8 10 15 13 12 14 6 10 4 12 1 0 7 3 10 18 8 1 18 18 11 12 0 14 0 10 10 9 16 6 17 12 6 4 18 3 15 7 3 11 6 14 13 5 10 12 4 7 15 0 4 2 13 10 1 2 17 12 18 13 18 13 9 1 9 0 4 5 9 14 7 16 9 9 17 4 0 2 8 6 4 16 11 4 1 15 2 8 6 8 18 16 3 17 0 14 2 17 13 10 13 15 7 11 3 0 11 8 16 14 13 10 18 11 3 12 0 13 18 2 8 7 4 8 13 12 13 8 11 3 2 14 10 11 1 13 11 0 3 15 13 18 5 8 0 18 14 13 3 11 8 17 15 10 0 0 1 18 18 8 1 17 17 0 8 0 0 16 4 15 2 2 3 9 6 15 16 13 11 3 17
200 4 11 5 12 0 4 14 10 12 15 16 13 3 10 16 14 14 6 10 3 8 11 6 8 7 4 5 11 18 9 5 18 14 10 5 15 15 5 11 15 15 8 11 3 3 3 4 0 2 8 8 1 6 7 3 13 15 5 5 3 0 13 13 13 18 4 5 4 4 15 9 5 13 8 10 3 1 0 12 17 15 11 13 4 7 3 13 4 9 4 9 15 5 0 17 15 1 12 0 18 6 6 4 10 6 10 9 13 14 14 9 8 10 13 8 4 18 13 12 1 8 18 18 3 16 4 0 4 11 0 1 12 7 3 6 6 13 2 0 15 14 0 8 10 6 17 15 9 12 11 2 4 14 16 15 7 3 5 5 18 3 12 0 18 3 10 3 3 13 18 16 5 8 7 14 4 0 7 5 3 18 11 14 3 12 9 16 2 9 11 4 10 8 5 9 9 13 12 4 10
10 16 8 12 10 9 3 0 12 5 5 6
10 4 4 8 5 11 12 2 4 11 13 6
10 15 4 10 9 11 15 10 6 4 9 5
10 15 7 15 9 3 0 17 13 1 1 32
10 18 0 1 14 6 1 5 14 3 11 7
10 10 14 4 7 7 9 10 13 8 5 40
10 17 0 10 15 17 12 9 3 14 6 4
10 13 15 13 17 5 16 10 2 11 4 38
10 4 13 12 14 14 16 10 9 11 1 22
10 0 5 10 9 5 12 17 18 10 17 39
10 7 15 0 18 5 13 8 16 1 2 2
10 5 5 8 0 7 9 7 3 15 1 35
10 3 8 17 3 8 13 2 3 1 10 18
10 8 1 6 3 6 8 16 1 8 14 26
10 11 3 7 8 17 1 10 7 3 9 16
10 5 17 18 11 9 10 0 7 4 14 31
10 8 16 12 0 2 8 13 16 18 12 29
10 16 0 14 4 0 7 12 7 1 12 16
10 15 2 12 2 8 7 13 10 12 14 7
10 10 3 10 18 8 7 11 13 4 5 5
