20 12 12
54 9 3 10 11 0 11 3 11 6 1 8 2 7 0 6 11 2 11 5 7 5 8 3 9 1 4 5 3 3 7 10 3 0 10 7 4 6 2 0 4 11 6 5 7 1 4 6 9 11 0 7 0 3 2
195 6 11 1 11 9 4 2 10 11 10 1 10 3 9 6 9 6 8 2 5 4 7 1 11 6 7 10 9 1 10 9 5 6 7 1 4 11 6 3 1 5 2 11 6 2 2 10 3 4 3 8 1 11 8 10 5 0 3 6 2 3 11 10 4 2 1 7 10 10 4 7 1 1 8 4 5 8 5 10 5 8 11 7 2 0 1 6 9 1 8 2 10 4 1 3 3 11 6 1 8 6 9 9 6 8 5 4 3 7 5 11 7 8 6 11 0 6 4 4 11 0 4 1 4 1 5 9 9 0 5 1 8 8 5 8 6 2 7 0 8 0 10 11 0 0 3 0 7 6 3 11 2 10 1 10 1 1 10 6 0 6 10 2 4 4 5 6 4 6 9 10 0 6 9 0 9 1 2 10 7 3 6 5 3 10 11 7 2 9 4 4 10 0 5 8
3 2 0 5 36
8 10 4 2 6 8 7 7 3 11
6 3 8 3 1 1 11 33
1 0 36
8 0 6 2 7 8 4 11 3 36
6 11 2 2 7 5 10 29
6 7 8 4 10 11 6 22
9 8 7 7 2 2 8 0 4 7 31
8 9 2 9 11 2 8 7 3 18
9 9 8 1 6 1 4 7 9 9 23
6 0 7 10 2 2 10 36
7 5 7 1 1 4 11 0 21
10 8 10 8 7 10 8 7 10 0 0 17
1 8 34
1 8 8
10 10 6 8 1 11 6 3 9 8 2 30
7 10 2 10 3 5 5 5 24
4 0 3 4 11 38
1 5 37
3 8 3 0 37
