300 30
00011101011000111010111010101
01101110100111100000111001
011001100111001001101010011
11010100001010011100000110
0001110101101101111010010000
10011001010111101111100110110
00010111000010100010010101001
11100100001000100111100000011
10010000101101110010010100110
0010001011101000101011001
1100001101010111110110010010
10110100010101000001000110001
1011100011101010111011101110
010000101111110011100000101101
0110001111101100010010011101
0001000100110110111010001011
10110110001011100101010000
10110011000011011000000000001
01000001100001001011110111
01111001101100110100000000
001011101110111101001101110
101100000001111111110001100011
0111101000010111110111111111
0110001000101100010010000110
0101101010111010010110101
010011110101100110001001001
10001011100110111111010111
10100100100010110011001010
001010110011110000001111110
110000111101111110110101010
