256 28
100000001001100000
100111011111010000010000101
1110011001111101001111000111
1010000001100011
01101111010010110011010
100000111101110111011100001101
00101111000100110010100101
010011011000011000010011000
010111010010001101
00001110111101011111110110
0100110011000011111011
000111100010101
0111001001111010110
00011010110010001011000100110
0100000010011110000
110011001010101011101
011010011100101111101011110
011001011100001111011
111001110010111100
100010001010100101
00101001100011110011101111
01110000000000000
101101001001111110110000111100
11011011000100011101111100011
00001100100100110010
11111110001010111
01000011111100101011111000001
1010101010001011010
