31 1
-4 777 -106
-4 783 -86
-3 775 -151
-8 766 -131
-8 778 -114
-3 777 -101
-2 776 -132
-4 774 -93
-6 780 -141
-4 771 -147
-3 780 -130
-2 776 -80
-5 773 -150
-4 774 -120
-2 769 -82
-5 766 -76
-8 769 -126
-4 783 -94
-7 771 -155
-8 765 -96
-5 767 -140
-6 782 -134
-6 783 -81
-5 781 -121
-3 764 -167
-6 770 -131
-6 777 -76
-4 765 -134
-4 765 -121
-6 765 -91
-5 773 -136
-48 59
-80 70
-80 -14
-72 -7
-74 62
-96 -10
-51 -7
-98 86
-53 44
-71 78
-36 91
-37 51
25 76
-65 -8
-34 13
-96 -58
-77 -25
-27 36
6 19
-69 23
84 86
61 63
-37 -10
19 81
58 82
-99 -5
-94 -14
23 85
41 79
-82 31
38 68
20 7 -35
