31 48
7 -836 -287
10 -846 -261
7 -835 -321
6 -851 -321
7 -853 -312
7 -842 -277
10 -836 -281
10 -835 -294
10 -838 -273
6 -852 -319
7 -852 -232
7 -840 -252
6 -834 -236
10 -846 -278
10 -845 -319
9 -847 -262
8 -844 -308
10 -835 -284
7 -838 -296
9 -835 -283
7 -840 -285
10 -843 -229
6 -835 -306
10 -839 -306
8 -846 -250
10 -842 -269
9 -848 -273
10 -843 -317
10 -850 -253
10 -852 -245
8 -837 -265
4 26
-87 -79
-65 -40
-58 -14
-75 6
-67 -9
-82 98
-73 -2
-65 20
46 94
-89 -14
-8 15
-87 82
-30 40
12 64
86 97
-2 5
15 84
-99 -56
-57 -52
-3 60
-94 -72
40 100
1 94
9 92
-30 17
-63 -51
-65 17
75 78
5 68
-98 -27
16 31 176
19 24 -26
18 19 191
6 25 -133
11 15 2
28 21 -15
18 17 27
29 14 109
9 8 64
11 8 38
13 24 182
5 12 60
21 7 180
2 17 19
1 25 89
28 22 23
4 21 -27
13 23 52
22 1 20
19 25 17
11 17 -71
26 10 92
20 1 163
12 17 150
21 25 124
16 31 177
20 29 -90
15 20 199
16 30 186
5 1 -66
15 25 84
31 9 155
2 29 -11
9 17 -39
15 17 145
16 18 191
20 19 139
28 17 195
13 29 197
19 23 128
29 3 145
5 14 184
26 15 29
27 13 70
22 9 -20
8 27 87
10 30 66
13 22 108
