43 72
8 544 534
-5 -710 155
9 72 -703
-4 560 -590
8 -656 -635
-9 -612 -616
-3 -408 558
4 176 -71
-7 728 -635
2 192 277
-3 -492 -421
-5 -180 -261
10 820 302
9 1000 -260
4 -248 17
10 880 -300
-2 32 -973
6 48 -740
-10 -1000 -276
8 800 859
8 0 -47
2 96 -622
1 146 224
-6 840 -831
-3 18 13
-8 -656 -357
10 -280 -834
-5 -30 -785
-9 -576 384
1 -98 -904
-10 -1000 -690
10 -1000 -330
0 0 -791
-2 132 -21
5 310 -13
-7 532 278
-10 740 309
10 1000 711
-1 -42 -436
-10 1000 -442
-9 522 -844
-1 56 599
-6 516 420
-38 46
-71 -71
-25 9
-74 -66
-51 47
-78 -30
-69 -65
-86 -22
32 81
-54 -1
-84 -61
-55 50
-10 84
-82 -65
-51 76
-36 85
4 49
-92 24
-72 -72
43 65
-45 14
-30 96
46 79
-1 99
-34 34
16 67
-61 72
-4 93
22 99
-88 79
-72 -18
-91 -50
54 86
-78 96
17 47
-23 62
20 82
74 87
-43 66
-15 90
3 73
-30 -26
-61 60
14 27 103
8 36 -114
17 34 109
2 31 153
32 16 -20
2 43 123
34 26 -13
4 33 -77
11 1 122
16 24 -122
39 38 49
6 36 -11
25 15 -102
10 38 -52
30 19 29
7 21 116
31 27 141
41 20 110
14 24 53
39 43 86
36 8 117
39 38 67
9 35 151
37 18 173
13 30 66
42 13 183
9 33 155
6 20 147
31 19 110
13 6 116
41 15 85
35 24 43
12 41 158
43 10 183
39 37 190
33 40 141
30 18 43
31 32 200
28 37 107
20 25 170
39 14 185
14 36 -122
30 33 17
21 26 -50
17 25 138
10 43 44
41 17 153
32 26 23
16 13 184
11 2 36
6 42 14
20 1 89
30 34 66
16 29 -26
21 20 -78
36 30 170
14 12 -62
39 13 115
36 29 36
17 2 172
39 12 151
39 21 18
18 38 -93
30 24 8
20 13 194
18 42 166
11 26 -44
21 14 163
38 33 111
29 26 72
14 37 157
2 20 -89
