23 36
4 349 -577
7 354 -581
7 356 -537
7 348 -567
2 343 -538
2 342 -625
1 347 -589
7 355 -610
4 343 -596
6 357 -624
4 358 -621
1 352 -618
1 342 -557
1 342 -601
1 345 -613
7 345 -615
7 346 -567
4 349 -567
3 344 -543
2 345 -593
5 339 -587
2 353 -556
2 348 -541
-66 44
-79 -50
11 86
-83 -66
22 40
-99 65
-82 -1
-15 84
-43 57
55 61
-74 -29
59 94
-33 75
-72 57
-80 83
31 49
-27 67
-54 22
-25 -15
-56 11
-58 -48
23 59
39 45
17 1 -34
9 19 14
23 8 -43
17 14 165
13 23 29
17 16 40
5 3 89
14 9 -45
20 8 -54
19 5 -6
18 14 189
23 10 12
23 15 48
2 7 74
8 16 86
16 5 84
10 23 174
13 17 97
15 19 30
23 5 86
3 12 79
19 16 44
19 23 23
4 16 176
3 2 197
20 15 93
3 15 30
5 19 166
10 15 92
2 1 -102
1 8 132
23 12 106
4 10 72
7 22 137
20 23 35
21 9 124
