29 19
3 775 -24
5 -580 221
-2 558 -449
-9 -767 132
-4 -451 420
8 -96 -6
6 -275 -889
1 924 -427
10 687 -802
2 531 87
-7 49 322
7 -347 -530
-7 39 -439
-9 -106 -780
1 -122 -917
6 564 -893
10 -346 -152
-2 824 -298
5 -839 -93
2 250 -544
-6 884 -516
7 839 -250
3 -720 697
-5 982 -519
-8 -750 -113
6 -621 -781
4 -305 -434
2 308 -805
3 -326 -421
-91 16
-76 10
3 85
-26 46
-93 46
37 80
-83 -80
-57 -28
15 97
-71 -49
-51 7
20 37
-74 -29
-16 53
-42 18
-1 74
-77 -21
23 80
-20 91
-95 98
-21 66
76 79
-28 62
-72 -56
31 73
-72 40
28 50
72 90
-29 85
10 18 -147
20 15 42
14 5 -42
10 24 2
21 4 -26
8 29 -21
10 18 -119
14 24 102
4 6 -16
14 9 -17
28 7 163
2 11 -11
27 12 16
3 10 137
20 18 -39
1 23 -84
14 13 67
5 11 39
2 18 -75
