31 43
0 -49 986
6 -236 -958
4 -929 889
8 179 -911
-7 813 814
7 -679 117
10 -250 -542
-3 -136 -152
5 -249 828
3 -979 771
2 627 -195
-1 651 696
0 -627 953
-7 768 -864
-2 763 888
-1 901 409
-9 -887 -746
-10 -633 -582
5 452 486
0 23 -897
4 418 -414
-5 -369 132
-8 -136 207
0 593 185
2 -612 280
6 221 113
-9 -248 -753
-9 -443 -498
-4 -790 -218
10 408 -515
6 -774 996
-61 7
7 96
-49 -19
48 74
-74 41
-62 76
-57 -29
-53 37
-76 35
-34 20
27 92
-57 77
-39 8
-92 26
-32 -17
-61 -59
-47 -8
-26 -6
1 78
-21 68
59 67
5 10
-1 85
-66 -9
-40 96
-52 -41
-21 93
-36 1
-90 -31
-36 -6
-100 -74
25 24 103
27 3 24
9 2 -35
5 21 -72
4 20 57
17 6 -13
8 21 -61
14 28 -62
4 1 68
1 13 -13
20 21 -35
8 7 13
16 9 -3
31 4 -147
3 8 -28
8 1 33
24 25 -21
15 21 -80
10 16 25
17 7 9
24 16 25
14 15 -16
27 5 75
2 24 74
24 16 36
30 28 14
2 25 14
13 12 -36
26 21 -105
23 25 16
12 26 100
7 5 -15
8 19 -91
27 21 11
5 8 21
19 16 135
30 11 -65
23 22 61
26 5 -15
30 9 15
31 20 -89
7 22 -40
26 31 33
