29 46
-7 372 -951
-7 514 -205
-2 591 155
-3 982 -486
0 764 38
3 724 -79
8 -401 -142
1 -729 870
-5 -443 967
-10 -759 -37
2 -759 134
7 432 -492
-3 754 -685
-10 -256 400
-2 271 -873
-3 19 63
10 30 392
-1 -951 -591
7 -738 92
1 -341 -937
0 462 210
7 596 33
10 -820 190
-10 -173 -475
9 -144 -506
5 -510 -499
4 81 698
2 -288 -19
4 432 946
57 77
-100 -90
-82 76
-34 22
-98 39
-88 36
-43 62
-25 86
-69 -27
58 65
-34 55
-99 -57
4 38
21 36
16 81
-73 -53
32 43
26 36
-75 86
67 75
-69 100
-23 -14
-90 40
-73 71
-39 -29
-92 18
-27 -23
-34 74
-90 49
27 22 -5
19 22 88
25 9 1
5 25 29
20 3 91
19 20 -35
19 26 170
26 23 2
6 9 44
14 7 71
12 23 -18
2 6 -66
14 28 -41
17 2 140
23 16 101
27 8 -32
17 25 72
4 24 -53
12 4 -63
1 24 45
14 16 79
6 5 102
6 3 -108
27 15 -44
15 21 26
20 23 150
21 16 44
4 14 -21
24 17 -12
11 9 53
26 10 -108
26 1 -48
2 14 -125
22 20 -97
10 19 130
11 4 46
4 13 -9
7 23 29
25 19 -26
10 12 147
5 17 -77
12 19 -102
15 20 -1
28 23 111
8 2 164
14 27 58
