16 30
7 -497 -920
10 -493 -894
7 -492 -906
10 -490 -849
10 -491 -900
10 -488 -927
9 -493 -892
8 -489 -883
5 -489 -933
5 -496 -848
10 -480 -844
10 -477 -885
6 -494 -914
8 -485 -911
10 -478 -876
9 -488 -869
23 33
-1 28
-39 18
-7 15
-98 -84
-72 -70
54 59
-2 8
-14 65
18 30
14 68
-24 97
-47 67
-79 -9
-41 95
-78 38
14 4 -72
12 9 -36
4 1 173
6 8 78
16 3 -76
6 2 -51
13 1 98
6 5 118
8 14 129
8 7 82
11 10 137
16 15 35
16 11 118
16 15 -135
10 9 90
5 9 -22
6 1 162
11 15 38
10 3 104
15 4 52
13 3 69
2 1 6
4 15 42
16 10 -25
10 7 187
2 9 125
2 1 37
6 7 27
5 10 86
4 16 117
