50 100
1 187 666
5 -305 76
6 -300 109
5 823 431
5 855 -146
1 -422 25
2 -680 -417
-7 -475 -757
3 -970 -345
8 -801 927
4 230 204
5 405 838
-6 556 245
10 303 539
7 -987 -608
2 -224 541
-6 -891 -667
6 -59 -614
-8 -340 -761
3 -82 910
-7 -64 -264
10 -832 361
-8 -499 -580
-5 126 693
-6 135 -210
-8 974 817
3 498 -330
-8 -502 137
5 498 -113
4 -249 -916
-10 -992 962
-2 -331 469
9 -969 926
-9 463 -647
-9 -86 -304
-9 331 -299
10 180 -823
8 62 846
5 748 820
0 -462 -608
3 -131 933
-6 -452 289
0 -310 886
5 -109 -491
10 393 -621
10 -778 296
4 -899 -505
9 810 -758
3 -739 -917
7 61 -320
-75 -62
-58 65
-28 -11
-53 -34
-53 87
-44 88
12 67
-5 99
-4 81
26 68
-98 48
-93 41
-40 -39
-75 23
-97 76
27 79
-15 -4
5 63
-48 93
8 54
25 52
-2 28
-94 49
-34 91
18 45
-81 -75
-18 -7
-99 -82
-75 -71
37 86
9 27
-81 23
-33 -19
-69 -37
34 63
-75 13
-50 6
-14 58
-94 3
-48 -16
4 25
-7 96
-28 86
-27 15
-71 -51
-43 95
-32 27
0 86
-78 -4
-58 35
40 14 4
14 5 -30
25 10 -23
31 42 -10
7 19 4
7 50 17
20 19 24
27 20 -39
11 41 35
45 3 -29
27 35 -69
28 42 -167
43 31 -10
25 41 21
12 32 -35
50 11 43
50 11 -29
7 33 81
47 9 -59
34 33 -36
41 23 74
35 16 -12
30 37 55
29 5 -70
2 6 -125
15 18 -65
36 8 -78
4 50 -23
10 19 67
7 38 37
1 37 -68
24 20 6
32 21 -47
22 4 46
48 33 94
30 50 136
43 8 -17
14 22 -20
42 9 -9
25 7 -2
8 35 4
32 14 8
48 21 -30
17 13 26
34 25 -87
12 46 -16
14 12 95
31 1 77
49 37 -64
48 49 72
16 25 47
28 27 -82
30 4 78
45 23 -47
15 21 -77
40 47 -36
22 39 24
17 38 -38
22 27 35
48 47 110
49 6 -49
8 15 107
7 37 107
33 3 4
37 14 76
17 4 27
30 7 55
38 5 -57
29 36 -31
35 9 -5
29 1 -3
31 4 47
32 47 -37
46 41 33
21 28 137
16 24 11
22 26 77
35 25 45
44 42 -49
12 42 -34
41 45 75
46 6 -54
4 6 -25
42 6 44
19 18 26
44 18 -59
42 4 111
15 4 113
4 19 -48
40 21 -44
15 50 -57
34 22 -70
35 37 87
30 42 8
2 8 -121
30 34 143
17 46 -26
14 1 83
40 45 38
30 38 69
