37 55
-10 478 -527
-8 477 -517
-5 478 -521
-10 494 -566
-8 480 -561
-10 482 -570
-6 478 -521
-7 488 -605
-7 494 -588
-6 478 -573
-9 484 -570
-5 477 -529
-9 489 -598
-5 478 -548
-9 483 -588
-9 495 -586
-9 486 -576
-10 477 -577
-7 480 -587
-8 477 -579
-5 495 -596
-7 492 -563
-7 489 -581
-6 491 -593
-9 496 -567
-7 490 -592
-5 489 -592
-5 494 -580
-9 492 -610
-7 488 -534
-10 481 -553
-7 479 -600
-10 484 -575
-7 483 -519
-5 496 -537
-5 484 -584
-10 485 -522
-84 93
61 88
63 80
-61 -16
-15 -2
7 61
42 69
-99 -7
6 99
-3 55
-28 99
-97 68
4 73
-25 77
-4 65
-18 39
-37 22
-87 21
-39 43
-70 -45
-29 -28
26 98
-29 11
32 73
30 99
-55 29
-11 79
-94 -56
-81 -29
-77 -30
25 70
-60 -31
21 75
-49 46
-97 -79
-72 12
-71 58
14 28 119
1 35 134
2 8 93
22 7 -19
9 19 52
30 21 -38
34 33 -53
20 34 -74
15 14 64
20 10 -97
7 32 99
30 6 -72
22 18 92
37 10 -36
35 16 -89
36 15 -47
13 16 44
31 8 75
21 35 68
11 28 161
23 4 24
15 30 65
30 16 -30
18 4 57
3 19 24
23 2 -79
6 13 -12
17 24 -62
29 3 -122
2 7 23
30 29 18
7 19 83
25 17 79
7 19 70
29 34 -101
7 27 17
15 21 75
32 23 -43
16 11 -50
33 10 23
13 27 -37
12 23 97
32 30 24
5 9 -25
20 34 -49
2 10 26
4 34 -54
1 9 -26
37 10 34
31 14 -25
18 34 43
25 37 94
1 13 0
29 10 -39
17 19 28
