25 40
2 -501 -544
3 -493 -602
6 -500 -566
0 -504 -569
3 -493 -614
5 -497 -532
3 -503 -592
4 -494 -545
4 -505 -604
3 -488 -570
3 -497 -613
3 -504 -582
3 -505 -554
6 -497 -543
3 -489 -541
1 -498 -557
3 -491 -550
0 -487 -581
2 -492 -553
2 -496 -593
3 -500 -624
3 -498 -624
6 -505 -572
6 -503 -566
4 -491 -554
-4 85
-76 -70
-98 -74
-84 -5
27 64
-93 -3
-96 49
-59 0
-6 -4
-23 38
5 35
-16 70
-53 96
-10 56
-89 -52
-69 -54
-8 94
-78 -31
1 33
-37 39
-96 20
-14 60
-3 56
-6 86
-95 2
1 18 99
9 22 -3
16 6 15
13 24 -69
21 23 8
7 12 22
5 20 87
10 21 -25
2 23 -111
11 10 28
9 13 33
5 2 139
11 20 -14
7 17 -108
24 8 82
6 3 34
10 12 -18
16 15 -8
11 20 51
14 15 99
6 11 -61
18 2 3
4 16 11
18 10 -54
5 20 62
13 10 53
11 8 53
13 22 -10
14 23 2
24 5 -3
17 25 107
12 8 79
18 21 26
14 11 7
10 11 23
17 18 113
10 9 9
4 18 26
1 10 89
22 3 105
