50 100
-1 700 -559
-3 693 -594
1 698 -597
3 705 -560
-1 686 -535
-2 698 -533
-1 690 -552
3 694 -551
-3 703 -529
-2 694 -609
0 695 -579
3 694 -518
0 694 -575
2 702 -579
-3 696 -583
-3 697 -609
2 685 -613
-3 687 -544
3 697 -572
3 700 -577
-1 697 -534
-1 698 -601
-3 698 -603
1 703 -601
0 689 -599
0 702 -516
-2 691 -525
1 696 -536
-1 691 -616
-3 695 -519
2 704 -523
-2 699 -615
2 698 -588
-1 692 -540
2 695 -571
-3 696 -614
-1 703 -555
0 693 -608
0 697 -563
3 695 -595
-1 705 -615
3 688 -534
0 685 -523
1 696 -600
0 704 -606
0 690 -587
3 702 -571
3 701 -526
3 696 -585
0 702 -541
-94 37
-83 36
82 100
-32 32
-6 8
-72 -34
-41 92
33 57
17 51
45 74
-67 -63
29 90
-50 51
-43 45
-90 99
-91 68
-90 86
-79 -75
-16 31
-80 27
-60 59
-81 -19
-56 -2
-78 -17
-4 15
-95 -53
-63 41
-61 -50
-48 32
-17 20
-83 -51
-25 18
-26 46
-72 79
15 28
16 58
-52 40
-98 25
-84 41
-61 -16
-11 0
77 82
4 89
-95 -35
-87 13
34 69
-47 37
9 33
-67 81
-13 29
15 30 0
42 33 47
12 31 153
35 28 78
5 1 -23
20 5 -52
13 50 -34
31 40 -30
3 37 103
30 17 -72
4 21 -1
14 47 11
19 24 65
11 46 -115
38 12 -88
38 17 -66
25 35 -14
47 44 40
34 13 87
8 39 44
34 20 25
23 48 -60
41 19 5
49 40 -2
41 37 -24
22 8 -77
20 34 -16
15 38 113
16 46 -128
33 4 5
14 39 71
16 28 52
27 43 -72
45 20 58
14 46 -85
35 45 35
15 7 36
48 35 -2
39 37 -15
9 48 2
36 43 -1
39 28 51
10 47 76
20 41 -60
32 42 -85
9 47 63
36 26 117
32 7 1
29 49 -20
21 49 116
41 21 -55
41 44 40
36 35 10
39 31 76
26 33 -74
13 33 -18
13 17 -11
26 4 -56
22 1 -105
49 45 107
16 15 -52
15 13 74
27 39 64
26 3 -168
9 36 18
27 47 7
31 4 -80
8 26 111
38 18 77
29 25 -18
13 2 -38
19 47 -12
13 26 76
9 14 85
16 46 -157
16 1 -17
32 21 -1
16 38 38
3 6 146
45 11 65
20 19 -65
5 40 46
38 47 -71
28 3 -142
26 1 14
32 27 8
38 15 -25
23 39 -46
10 39 128
19 27 31
6 15 -28
29 11 82
30 50 -33
48 33 -10
29 4 -39
10 3 -34
23 43 -105
34 4 5
31 17 -97
31 18 26
