50 41
3 0 277
-6 -720 585
9 -558 -672
-10 880 -634
-1 130 122
-4 56 918
5 240 999
1 0 -886
5 190 902
1 94 -83
-10 560 -649
-5 -200 248
1 -52 0
-10 -420 -772
-4 -192 787
2 276 -491
8 160 193
-5 190 436
-5 430 826
9 -1000 -180
-2 60 -390
-6 -108 -461
-1 130 -675
-2 88 745
4 -616 -288
1 126 -589
9 360 959
-3 -450 216
10 1000 -502
-4 -40 783
5 -10 925
-1 -42 -252
-3 -216 -516
-3 294 195
-5 70 -580
-8 304 407
-4 48 -84
6 -516 -519
-9 -144 -639
-4 88 31
4 -488 -10
7 210 478
-8 1000 593
-8 240 697
-1 -144 -425
4 -200 -255
-3 -60 -631
-2 -368 -560
8 944 -323
-8 1000 787
-5 32
-65 98
26 36
-51 -10
52 66
-7 17
-44 27
-31 14
-66 -5
-60 82
21 58
-33 -19
-13 58
-93 87
21 25
7 70
8 12
-59 2
38 100
-78 -27
-22 22
-15 14
-100 88
-49 34
-38 100
-66 -40
-32 20
75 89
49 85
0 47
-24 57
-24 -21
3 59
-76 58
-8 -4
-20 38
-18 -3
-2 96
-84 24
-39 43
53 65
-54 15
60 99
-15 41
-7 78
-40 91
-30 73
-97 -92
-67 -51
-77 -34
47 2 -26
25 19 -42
43 11 153
10 47 68
34 29 63
34 41 -87
45 8 89
32 6 170
25 33 -20
41 31 101
38 10 -11
35 21 18
4 43 -128
42 45 169
50 13 112
5 43 186
21 7 -44
45 47 127
17 32 61
8 23 169
9 45 90
30 41 109
48 47 3
6 35 139
16 20 96
50 25 40
46 17 -3
47 23 64
37 21 115
18 16 -63
34 32 77
12 31 63
29 38 131
33 11 -50
17 21 53
16 7 0
2 45 105
4 14 81
50 3 196
29 13 72
32 33 147
