50 100
9 -468 -651
-2 256 712
10 420 498
7 -560 808
7 42 263
7 1000 232
7 462 691
8 624 -575
-9 -630 722
9 252 782
-4 -128 -45
4 -96 -668
5 -550 754
10 1000 -974
5 190 -552
8 208 108
2 -284 -366
7 574 -176
-2 -264 -439
10 -520 497
10 780 615
-10 1000 -326
8 -1000 397
3 54 -369
4 176 -608
-5 50 210
7 -42 -15
6 -132 -243
8 1000 -431
-2 -88 400
-9 -342 501
7 -70 -65
-9 450 888
9 -1000 -475
-4 -352 -263
8 -736 529
-8 304 432
8 -320 -605
10 900 315
0 0 -87
-8 -176 -647
-4 -512 565
-3 270 662
-2 116 946
10 -20 -654
6 -648 558
-6 -1000 -277
2 144 -71
6 396 -648
3 384 -920
-56 50
-90 -5
-27 13
29 79
-6 65
53 95
12 66
18 82
-42 3
-14 50
6 42
-44 86
42 91
-70 59
-64 57
-87 74
-78 -68
-58 54
19 73
-36 -20
37 76
-27 70
-99 47
-39 59
-12 23
-92 64
-35 7
-84 74
-68 -56
-46 43
-34 7
-43 11
-30 48
-82 -68
36 58
-6 58
-73 20
-17 45
5 78
-71 -13
-12 -4
-32 72
31 72
-35 -23
-90 92
-100 -6
38 98
27 88
-66 18
58 71
49 2 194
50 48 41
46 24 176
19 11 182
39 41 27
8 29 121
35 29 126
34 23 128
13 14 183
34 46 160
48 23 135
24 23 39
23 34 158
44 18 -1
18 17 164
20 26 51
11 48 -77
6 43 33
10 36 88
7 16 158
38 42 129
21 31 188
42 21 103
31 24 20
3 43 72
22 21 93
39 24 23
35 12 66
50 15 156
2 1 115
11 42 -33
29 35 -49
4 24 29
25 6 -44
20 9 162
34 43 111
38 6 14
18 5 130
13 7 44
17 28 3
45 35 91
8 14 36
2 6 -18
34 12 2
20 11 60
35 41 170
38 5 116
16 50 130
41 27 101
11 47 -62
33 22 90
22 20 1
38 46 156
12 2 188
10 19 143
9 37 130
44 19 68
17 21 -60
1 16 55
39 16 -50
30 26 102
21 36 48
46 18 -7
36 45 190
3 43 93
14 28 8
48 4 169
5 6 100
40 16 -91
49 38 150
43 29 125
20 18 34
18 11 116
49 32 43
15 33 33
41 40 129
34 13 172
2 26 82
44 30 150
41 27 172
34 15 63
28 19 103
21 35 155
34 20 84
36 3 88
29 5 186
32 5 11
18 47 -47
32 26 -80
7 47 9
29 6 169
22 21 107
25 41 197
34 28 -73
39 41 174
46 26 -62
12 15 -49
46 44 162
12 31 105
44 8 -3
