43 33
9 -666 536
-10 373 481
6 -669 -847
0 -578 240
8 -41 -659
-9 -592 23
-7 -575 -126
-1 -853 359
4 963 968
8 105 -498
6 922 -31
4 -642 650
5 -20 -911
-1 938 -283
-9 897 303
-9 -789 904
-1 -267 103
-8 817 954
5 519 -948
7 -494 -325
-1 267 -275
5 -417 423
-7 812 673
2 50 850
3 -103 -831
9 393 771
3 -270 -785
-7 698 921
-6 -232 -4
-10 -346 -615
-1 370 485
0 683 -333
7 538 856
-9 -923 686
-1 -509 -258
-5 -311 -189
-8 552 -507
-2 -767 94
-9 690 717
4 -181 -667
5 776 -25
9 659 -126
2 -83 853
-11 86
-18 82
-12 17
-94 3
56 61
14 98
-93 -23
-81 -21
-43 34
-1 76
-26 -24
-64 83
-54 82
-73 73
-86 -75
42 69
-99 -43
5 98
-13 55
-72 8
-13 -12
-48 57
-58 32
-43 -14
-58 -10
-8 99
-46 -24
71 91
-23 46
-1 67
-74 -69
33 34
-82 90
-86 70
-58 78
70 84
-55 96
-82 52
-71 -61
-46 -21
-75 -15
23 37
72 93
28 27 119
24 40 15
43 19 48
39 9 -75
32 31 102
3 1 -68
28 27 108
4 37 -136
8 30 -88
10 8 119
20 2 -103
9 19 32
5 37 77
5 33 -20
40 2 -62
11 14 -33
38 2 -75
34 14 -64
23 33 34
2 24 78
29 36 -40
16 10 15
7 32 -58
2 21 70
6 36 -65
30 19 6
11 27 1
25 30 -54
15 16 -148
26 42 6
24 9 2
6 30 68
9 4 90
