43 65
10 217 295
-5 -160 -181
6 -289 -649
4 166 439
-10 -825 -43
7 132 -297
-4 -818 -275
5 38 845
5 387 3
-1 717 -914
-2 637 237
-3 603 -899
-9 -135 -855
8 699 -614
-4 -246 -8
7 349 -158
10 718 -136
-4 688 54
-1 -255 746
6 829 842
-5 286 -988
2 512 -174
3 -454 -868
-10 40 226
1 835 -480
10 -160 266
-8 -352 -346
3 -583 -569
10 -244 -655
-6 -840 -265
-8 -752 46
9 -939 417
-1 556 756
-1 -761 -830
6 -546 -303
5 -747 781
8 -619 801
3 -478 42
-6 152 43
6 426 -246
-9 -881 -452
-9 332 667
3 352 852
-71 -67
-56 -7
-69 70
-99 90
69 83
28 47
-76 -5
-7 16
2 72
-92 46
-94 89
-97 -87
-75 -30
-31 49
22 28
47 99
-72 -34
-56 93
-95 -30
-32 1
-16 52
-10 28
-24 27
-83 -29
-95 -38
-94 -47
-28 -19
-37 24
11 53
-85 34
8 69
-78 -29
-31 53
-54 33
-60 -18
-55 2
73 81
-19 25
-26 13
-91 61
35 90
59 87
51 98
40 33 35
35 38 -59
13 32 21
16 6 51
3 30 53
33 19 51
33 34 31
17 18 -124
9 2 82
21 10 95
2 3 -5
20 36 29
30 12 55
19 6 -106
26 12 28
4 22 -21
29 30 102
41 35 135
42 34 75
10 6 -24
29 41 -10
35 8 -32
7 40 -54
1 42 -132
27 15 -46
17 16 -108
27 3 -41
7 36 -4
31 3 41
32 4 16
9 31 -21
42 43 14
7 24 -19
21 10 -22
4 19 -10
25 33 -84
26 35 -32
42 10 154
11 42 -52
31 35 90
30 29 -28
11 17 46
29 34 19
5 38 72
39 13 12
26 8 -64
17 18 -131
5 42 1
31 24 94
7 40 -65
14 1 89
25 9 -97
10 35 46
31 7 120
16 20 118
14 28 46
4 18 -2
14 43 -24
11 29 -105
13 28 -21
12 10 -24
29 36 46
41 2 124
25 40 -90
1 29 -86
