44 27
-1 288 -160
-7 -839 -49
-9 401 -883
-5 -206 -660
3 908 132
0 -254 -761
-4 881 -42
-5 -381 -809
3 -591 504
-5 -247 632
-2 -836 984
4 -101 818
-1 -543 355
6 -461 -472
0 -547 29
5 -361 862
-7 -299 693
2 -763 -893
9 -19 -250
-4 540 -857
-2 -92 -243
6 709 -852
8 299 -8
-7 474 618
-2 788 603
-7 -114 385
0 -255 212
8 -707 890
-5 -398 -246
9 -294 -377
-2 -422 819
-6 -458 948
3 -372 -103
-9 654 -976
3 796 -465
-8 584 454
-8 -704 715
-8 -423 -966
9 902 98
-5 -272 529
-7 554 92
6 88 385
5 606 -44
7 580 -910
-62 19
-94 -69
-41 49
-5 11
15 50
-97 78
-63 25
-52 94
-89 -44
-77 67
-95 43
35 37
-93 44
-12 -3
-97 -91
-58 28
6 9
-56 -5
-54 84
-92 52
24 44
-61 -24
-11 31
-75 -6
-17 85
29 75
-86 21
-43 41
-34 74
-36 -28
-79 -33
-38 86
-17 43
19 59
-4 25
29 76
33 44
-54 66
-10 44
63 80
32 73
48 67
-61 28
-87 -68
2 29 -145
25 20 -17
18 16 -32
9 17 -68
26 43 62
9 25 -61
35 21 -32
1 30 21
12 14 39
13 15 37
18 44 65
32 7 36
2 26 -138
30 42 -84
2 20 -67
26 18 94
32 40 -57
16 28 62
17 31 69
24 37 -56
41 10 68
29 6 -1
28 44 31
38 33 -29
37 34 6
21 40 -27
20 32 47
