41 80
-1 508 -397
3 323 -628
-8 -437 -536
-2 197 -364
2 423 -541
-2 -764 -632
-1 574 -563
4 -218 257
-3 107 567
-2 177 528
1 -172 394
2 -38 980
-8 -464 593
8 32 627
-1 438 -134
-2 -345 -810
3 -918 175
10 81 -466
-4 479 828
5 672 -169
1 -391 -358
-8 159 -397
0 534 859
4 712 -135
-9 -171 216
8 33 967
0 -81 -518
-8 -450 623
8 253 474
-2 821 -68
-2 111 195
-2 960 423
10 650 -785
-6 -75 -432
3 245 223
-7 -960 -754
-8 869 57
-10 365 395
3 -304 316
4 -751 -676
7 -305 881
-99 75
-58 89
-37 -30
-92 -51
-48 100
-65 5
-82 -33
76 94
-85 13
-73 33
-94 9
-90 -1
-41 54
-89 -1
-71 -51
-18 71
55 71
19 70
-70 4
35 53
34 40
-14 96
48 61
32 46
11 20
-98 -86
-37 -35
63 79
-24 50
53 59
46 69
-18 27
-39 78
-10 28
-95 17
-83 74
67 87
-67 -52
26 67
-71 -59
-90 54
32 28 -11
40 15 53
32 31 40
37 30 86
8 35 130
29 15 73
15 1 -40
8 33 55
16 13 30
26 36 -148
28 35 80
27 37 92
32 24 143
19 25 49
27 16 67
18 6 134
25 35 182
19 29 -33
14 27 146
19 16 -52
17 16 78
7 20 164
22 15 170
29 25 111
6 12 48
38 15 5
32 16 -43
18 2 162
4 35 69
32 34 14
7 29 -90
38 25 -8
23 41 185
6 21 -35
1 37 195
41 36 104
3 27 43
21 1 136
32 33 111
14 22 -43
33 9 75
1 36 -12
2 11 166
11 10 -63
4 5 -132
34 32 155
41 4 50
4 34 77
18 33 -55
2 5 122
8 19 107
9 5 -11
33 34 93
12 13 52
14 9 -9
15 39 55
13 26 193
32 6 130
32 36 137
22 41 64
37 11 101
41 3 13
29 34 135
27 6 -11
19 36 -61
41 26 200
14 38 143
41 2 -81
29 24 16
30 32 197
12 39 -89
36 6 190
27 1 -79
30 34 156
21 39 23
17 21 146
31 33 138
3 15 112
13 17 6
23 13 168
