47 67
2 -994 -859
0 -1000 -866
0 -994 -865
6 -989 -831
6 -1000 -846
2 -1000 -842
4 -991 -835
6 -992 -796
5 -997 -859
5 -1000 -809
1 -990 -831
1 -1000 -846
2 -994 -821
2 -1000 -855
0 -993 -860
0 -989 -866
0 -1000 -777
6 -995 -791
0 -998 -821
1 -998 -862
0 -997 -848
3 -987 -840
0 -1000 -788
0 -990 -858
6 -999 -833
4 -995 -821
0 -1000 -794
4 -999 -791
3 -992 -802
6 -1000 -860
6 -998 -794
2 -1000 -793
4 -990 -803
0 -994 -817
4 -997 -853
2 -1000 -829
4 -999 -810
4 -991 -774
2 -992 -856
0 -999 -803
2 -1000 -817
2 -999 -845
6 -987 -771
3 -1000 -766
2 -990 -803
4 -989 -860
3 -991 -791
-10 19
-25 -19
-96 68
-22 11
-60 10
-60 51
35 55
-91 -17
47 76
-12 64
-55 -25
-76 -68
-60 74
-76 -19
-31 73
50 75
-97 -10
-46 24
-96 -1
-80 8
-99 -28
82 97
-92 -19
-40 -32
-35 69
-92 -89
-85 -32
39 68
-27 17
-62 -53
-32 87
-79 34
-99 -7
39 49
-91 5
27 40
-81 30
-100 -63
-39 26
-74 60
46 48
78 98
-95 78
64 70
-33 1
-71 -54
-22 4
3 41 -144
40 33 160
41 31 88
23 2 12
18 16 -109
22 25 115
47 26 115
14 33 71
31 23 3
46 40 -60
39 4 -20
45 18 17
39 17 153
19 11 152
34 29 34
17 46 177
30 1 40
4 23 25
16 5 95
44 42 169
18 17 171
3 42 -110
18 16 -89
33 38 124
40 28 33
6 4 157
37 23 38
28 21 179
16 20 168
23 35 186
32 18 23
12 9 -66
17 10 -33
18 32 -6
7 15 -21
31 47 137
14 24 80
9 36 14
13 11 -33
36 40 29
37 28 -76
43 17 144
2 24 49
31 44 -31
24 18 190
20 3 109
8 27 -38
12 36 116
45 42 115
44 35 127
10 43 82
44 1 66
2 26 159
3 31 -59
38 37 0
35 12 52
38 39 -77
41 40 133
35 46 200
25 36 166
32 44 140
5 44 95
32 10 174
27 45 55
21 12 64
22 9 81
8 19 108
