39 9
10 -255 602
8 -259 518
8 -254 574
10 -246 568
8 -253 590
5 -262 522
5 -264 603
5 -251 506
10 -265 505
5 -257 543
6 -260 524
10 -245 527
8 -262 540
6 -250 585
6 -253 520
6 -255 520
9 -250 568
8 -251 601
10 -256 581
8 -265 538
6 -261 528
10 -251 539
6 -264 598
9 -258 518
6 -264 586
9 -263 583
6 -265 557
6 -248 514
9 -262 555
5 -247 583
9 -249 576
8 -246 552
5 -252 565
6 -261 604
10 -257 511
9 -263 576
6 -251 598
9 -256 546
8 -261 559
-94 -60
42 95
-65 -1
0 89
-11 69
-25 74
87 88
-14 34
-97 -79
-79 -33
-78 -4
-75 -8
-65 -21
-30 29
-49 37
-24 46
25 68
-78 43
-41 36
-65 51
7 86
-88 -60
-93 33
-18 -9
31 51
-34 7
9 96
-82 75
72 94
-10 17
-75 77
14 66
-87 56
-25 83
-62 -17
-97 84
-82 91
-56 -34
-7 18
25 17 73
1 17 -117
3 20 113
24 7 -13
8 7 42
33 36 156
5 32 199
10 36 115
12 14 65
