23 22
2 418 -884
5 412 -951
1 432 -922
2 417 -953
3 412 -917
6 427 -920
1 413 -885
7 418 -880
5 415 -931
2 431 -906
7 432 -893
3 420 -937
4 430 -939
4 418 -872
3 418 -878
7 420 -943
6 425 -888
1 426 -920
6 424 -970
5 420 -897
7 419 -957
1 425 -894
6 429 -891
-100 -92
-92 -84
-84 -76
-76 -68
-68 -60
-60 -52
-52 -44
-44 -36
-36 -28
-28 -20
-20 -12
-12 -4
-4 4
4 12
12 20
20 28
28 36
36 44
44 52
52 60
60 68
68 76
76 84
2 1 6
3 2 4
4 3 7
5 4 10
6 5 9
7 6 12
8 7 5
9 8 3
10 9 11
11 10 6
12 11 15
13 12 4
14 13 11
15 14 5
16 15 12
17 16 7
18 17 3
19 18 14
20 19 2
21 20 7
22 21 8
23 22 15
