24 29
-9 990 749
7 -854 -708
-7 42 -156
-8 -880 85
6 -84 393
3 -486 74
7 350 603
-4 -464 -764
6 -540 928
2 288 -586
-7 -1000 421
0 0 293
-7 364 834
6 -324 -652
7 -406 -573
-8 1000 13
-10 -300 486
-2 224 -680
-4 -416 -927
-3 420 -756
5 -460 -257
10 500 39
9 -414 -781
4 -736 -984
-67 -14
-12 81
-84 74
-76 81
-25 54
-90 3
-77 -17
43 68
-55 50
-77 -5
-51 86
-100 -81
-91 18
-12 48
-29 -13
20 81
-75 61
52 61
-92 -49
-100 34
-61 83
-32 -17
4 30
-92 -91
4 8 139
4 1 183
17 20 76
8 16 189
21 3 4
4 9 -77
13 1 119
6 20 119
21 5 -68
22 1 64
18 24 159
13 8 25
1 24 193
16 13 35
21 5 17
14 17 8
23 19 73
8 20 80
1 8 21
16 22 135
18 23 93
13 1 15
17 1 160
19 5 21
13 23 177
7 12 118
17 1 23
12 18 119
12 10 76
