50 100
6 749 763
4 750 749
7 746 734
7 749 789
9 749 789
9 748 698
4 747 791
6 737 752
5 747 715
4 752 775
9 741 777
8 734 699
7 740 705
5 738 706
10 749 709
7 734 739
8 736 793
5 750 792
9 739 760
6 739 731
6 741 782
7 751 791
8 732 755
4 738 722
9 734 711
9 742 709
8 738 735
10 742 783
5 739 718
7 736 781
9 743 733
6 735 748
9 732 696
5 748 702
6 737 777
5 743 737
10 735 738
4 751 794
5 739 741
9 739 780
4 737 734
7 741 765
4 750 734
8 750 764
6 752 775
6 745 790
9 738 706
5 732 769
9 747 739
9 735 698
-24 63
-88 69
-94 43
-76 -23
-57 -24
-35 46
-64 -1
37 77
-58 -28
-40 65
-34 51
-95 15
-46 56
-36 55
-7 76
-2 7
14 21
-56 46
-1 32
18 31
-41 81
33 45
-80 -25
43 93
-69 -4
4 74
-46 42
-90 -49
-100 74
11 53
43 45
9 25
28 100
8 50
59 95
-3 61
-35 73
-94 -18
77 96
-73 44
-42 95
-11 -1
14 17
-99 8
-35 -13
52 97
-68 53
-24 50
-14 54
-30 39
26 22 -19
33 25 128
21 7 69
15 8 0
42 36 -62
45 43 -48
34 2 -44
43 42 17
3 8 -45
30 32 17
47 31 -14
1 47 75
47 28 52
28 42 -77
16 15 7
4 24 -122
24 44 148
29 10 -71
50 13 39
10 45 64
29 12 123
49 20 10
27 42 -16
45 35 -96
49 39 -69
37 48 -42
33 41 -16
17 36 10
39 14 66
12 13 28
7 9 20
23 44 -7
19 22 -9
18 45 -7
39 24 36
20 40 62
27 49 -54
50 30 -66
23 17 -68
28 39 -160
26 37 38
19 37 16
18 26 41
36 33 -2
8 43 21
4 49 -78
36 33 -7
27 34 -31
12 24 -78
31 7 85
18 31 -97
46 9 117
31 25 106
10 7 54
23 31 -83
31 38 68
16 39 -86
44 25 -20
7 25 9
38 44 -1
35 43 48
20 47 83
38 11 -59
48 30 -14
12 32 -104
8 31 13
3 27 26
18 44 71
49 26 -11
20 25 84
45 3 0
22 14 63
15 33 -8
15 10 10
21 17 33
1 48 -36
26 23 105
19 14 -44
47 16 54
22 16 38
18 26 -70
34 3 64
23 31 -117
50 19 -26
39 22 63
6 25 -17
27 28 52
16 49 4
20 11 -9
8 30 17
43 10 34
47 4 90
43 41 -52
46 16 69
9 5 23
43 39 -74
6 35 -53
45 33 -88
27 9 36
19 35 -34
