40 0
-1 -270 800
-1 -270 800
-1 -270 800
-1 -270 800
-1 -270 800
-1 -270 800
-1 -270 800
-1 -270 800
-1 -270 800
-1 -270 800
-1 -270 800
-1 -270 800
-1 -270 800
-1 -270 800
-1 -270 800
-1 -270 800
-1 -270 800
-1 -270 800
-1 -270 800
-1 -270 800
-1 -270 800
-1 -270 800
-1 -270 800
-1 -270 800
-1 -270 800
-1 -270 800
-1 -270 800
-1 -270 800
-1 -270 800
-1 -270 800
-1 -270 800
-1 -270 800
-1 -270 800
-1 -270 800
-1 -270 800
-1 -270 800
-1 -270 800
-1 -270 800
-1 -270 800
-1 -270 800
87 88
-65 65
10 70
-49 -9
-56 -2
-20 12
-94 51
50 75
-88 52
-23 4
-39 -26
-54 -5
-71 48
79 90
-56 -20
-50 87
20 52
31 56
-39 1
-96 -50
-35 62
61 83
-57 75
-28 -22
-96 -38
-73 -24
82 91
-39 -38
-78 -25
38 59
-28 70
-98 -29
-65 36
-21 79
30 80
-54 63
97 98
-67 46
-54 80
-92 80
