46 46
-6 297 33
-5 296 -42
-10 299 -15
-5 292 38
-10 297 -36
-5 294 23
-5 288 -28
-10 290 -32
-6 287 7
-5 284 44
-7 295 31
-6 285 -35
-6 285 37
-9 296 -5
-10 288 -21
-10 290 51
-10 292 -10
-8 297 3
-10 297 -17
-10 289 30
-8 286 47
-9 298 32
-10 301 -36
-10 289 38
-6 297 31
-9 298 -7
-8 293 38
-8 294 -24
-7 283 22
-10 303 9
-6 299 20
-9 296 -25
-10 286 46
-6 295 37
-7 292 -39
-10 284 19
-8 289 37
-10 303 7
-6 295 -13
-6 291 19
-10 302 12
-8 284 54
-8 284 -34
-5 302 -29
-10 295 57
-8 295 -24
38 91
-72 86
-11 60
-95 -94
-13 6
5 79
-87 30
-96 -49
40 67
-61 -31
45 92
-45 50
10 99
-46 53
2 52
-2 38
-81 -15
5 12
-95 -80
57 79
64 87
-73 60
62 75
69 92
-73 43
-82 -16
8 9
-15 71
-83 16
39 42
-90 100
85 100
-63 -52
-72 64
-97 -35
49 50
-50 79
-74 70
86 98
-54 3
6 29
-88 -79
-34 71
-31 -26
-54 94
-39 73
17 11 74
3 39 108
32 24 67
38 27 192
37 4 171
9 2 127
5 39 81
23 38 165
41 38 153
7 24 -68
21 44 100
36 12 17
14 37 18
36 30 113
41 34 169
36 17 200
32 16 190
31 8 -10
22 20 99
9 34 79
18 27 28
22 39 -132
40 34 183
19 21 32
35 14 -38
28 20 3
17 38 135
44 16 90
37 24 80
35 21 45
13 8 153
42 13 180
6 9 155
34 5 180
5 27 173
46 1 108
15 21 96
15 32 129
9 16 36
15 44 40
43 9 123
42 43 110
34 39 -100
37 46 52
5 9 70
23 39 44
