38 33
3 331 386
-7 920 712
-10 363 92
-5 85 666
-5 454 706
2 617 -719
7 761 -28
9 -576 -929
-2 -160 310
2 -473 71
-3 -284 -751
1 393 -64
10 -569 874
-5 466 170
10 966 429
-5 -545 -475
2 -828 -229
-6 -640 -220
9 288 631
9 456 232
-8 -83 544
-6 -487 188
-7 -844 27
-3 75 741
5 945 -507
-4 -46 494
-7 348 -809
6 574 -439
-8 835 -296
-4 -238 -63
0 -607 -367
2 161 480
-3 -196 963
5 110 538
4 941 -601
-1 -91 -933
4 960 376
5 665 911
-43 0
-84 -77
-81 -57
-71 91
-65 -24
-80 -3
-99 -14
-34 70
6 65
-58 35
-27 96
-58 91
2 12
-85 15
81 90
-87 18
-100 -52
-72 -29
-33 73
56 94
-20 9
55 81
-53 48
-3 90
-56 -43
-96 -25
-51 53
-25 38
-57 77
60 75
66 94
-5 98
13 88
15 18
-92 -90
-86 66
-81 28
73 78
34 20 -68
35 19 97
7 21 8
35 11 -66
6 9 -7
27 11 155
4 20 -149
19 30 -60
35 14 -54
16 1 53
1 11 174
38 14 65
19 17 28
29 36 85
20 19 135
35 28 -37
5 11 130
24 7 153
24 6 96
7 6 -81
6 10 111
17 26 174
13 8 114
1 23 162
27 1 26
16 8 -69
35 6 86
12 1 137
23 17 104
26 7 179
35 2 106
35 32 -84
18 14 -71
