39 6
-10 249 941
2 707 -787
3 -337 -995
2 260 531
0 -236 -346
10 -383 -799
-9 541 -770
-8 -441 668
5 638 -616
2 -302 -901
-3 -401 -510
5 -194 217
2 246 171
-9 139 701
-2 132 604
4 -478 961
-5 759 727
4 711 70
-9 835 178
6 -216 71
1 -424 403
8 835 -477
4 -689 -630
10 -888 584
5 -630 -669
6 -395 -38
3 314 -790
-9 -472 -321
-4 205 -871
7 230 -53
3 329 864
4 -617 40
-5 -497 219
-7 -735 151
-6 539 531
-5 825 -607
-10 -370 191
-2 -637 292
-8 530 -897
-33 45
-29 69
-57 -29
4 49
19 80
2 32
-47 20
-41 41
19 68
-18 -1
-9 20
-23 28
-6 77
-63 -3
21 37
57 92
8 56
-35 25
-98 23
-33 14
47 89
10 31
4 67
-36 4
15 89
3 89
-27 54
-100 98
-41 32
38 64
79 100
-92 -16
-7 52
-86 -70
36 60
-8 32
14 38
-28 38
-97 87
19 34 50
10 13 -39
17 6 8
19 38 -90
19 13 13
4 10 49
