40 0
9 284 -996
0 375 330
4 628 -79
-4 -682 -493
3 360 -812
-4 921 -149
-1 105 -172
-1 675 978
2 -499 -761
-7 -818 -393
3 341 -246
-9 -833 913
-7 350 -847
5 927 969
-10 -979 85
-3 807 272
-5 531 716
-8 257 383
-9 -35 877
-1 -731 446
-1 -658 -284
5 890 -95
0 -582 264
-7 377 -760
-9 795 -370
4 226 647
4 529 -930
8 637 415
-10 -117 -934
8 101 -309
-10 -927 400
-7 -819 -236
2 598 -725
-3 -244 -415
-2 630 -852
0 -159 -448
-3 -189 -500
9 954 145
-6 -473 693
-5 718 -286
-41 87
-95 -73
36 72
11 51
-9 12
27 52
-53 -19
-56 -29
63 86
13 46
-75 4
-46 64
-83 80
37 58
-55 -6
-70 23
-96 48
-70 -10
-16 12
-88 18
-59 -31
14 90
-98 11
-80 -18
-54 6
-90 67
-44 95
-69 77
22 53
46 76
-60 56
-18 53
-79 34
-92 -88
-37 91
19 97
-14 1
-12 60
-68 67
-52 -37
