38 8
-1 139 946
-9 352 -868
6 -687 -46
-6 890 966
-5 -186 -818
1 -233 309
-1 372 256
-4 436 812
6 -632 813
-9 -206 -374
-2 -335 -72
-3 -987 -152
-6 -660 899
-6 658 238
-5 -989 -425
-5 855 -289
-9 760 -555
-8 884 -855
-4 -62 655
-5 123 393
6 957 -464
0 -393 669
8 -63 541
1 -917 355
2 690 965
-1 84 571
1 234 474
-4 -611 849
-4 498 -787
-7 -453 128
-7 690 -587
-5 -685 97
8 523 256
10 -525 10
7 -259 457
-9 -822 213
7 -541 27
2 -592 720
-23 98
68 74
6 42
-93 -85
15 98
-50 -45
14 35
-73 -29
47 86
-35 37
70 82
-76 -57
-83 -42
-31 -14
-98 42
26 83
41 100
-79 -65
-51 34
-13 45
-78 44
-66 -13
-24 62
-57 3
-9 20
52 63
5 90
-48 53
-67 85
-23 11
-99 -48
-54 29
22 75
-22 54
-98 -90
-78 9
23 87
2 14
34 1 -102
17 14 84
28 13 78
35 36 -54
24 38 -37
28 4 74
3 33 -18
22 32 -27
