39 61
5 127 -383
4 -111 687
9 -772 -374
3 -748 406
1 -244 157
-3 -684 -836
-3 304 -493
5 -295 567
-5 -354 -15
-2 580 688
7 967 -902
10 462 -48
-9 335 -552
9 820 -999
8 250 -238
-1 -130 105
4 -878 -768
-7 476 453
-3 958 387
-4 635 -737
6 -301 -222
-5 582 778
-10 291 -968
10 -515 -477
-10 903 535
3 -375 -586
-3 794 -854
-8 -333 19
7 684 849
-3 -420 310
10 603 71
-9 -706 263
1 -28 637
0 -651 -981
-5 921 -67
1 -10 148
0 -738 160
0 -807 -955
-1 -824 418
-33 45
-29 69
-57 -29
4 49
19 80
2 32
-47 20
-41 41
19 68
-18 -1
-9 20
-23 28
-6 77
-63 -3
21 37
57 92
8 56
-35 25
-98 23
-33 14
47 89
10 31
4 67
-36 4
15 89
3 89
-27 54
-100 98
-41 32
38 64
79 100
-92 -16
-7 52
-86 -70
36 60
-8 32
14 38
-28 38
-97 87
19 34 50
10 13 -39
17 6 8
19 38 -90
19 13 13
4 10 49
1 26 -23
1 31 -104
26 33 38
24 13 -20
32 31 -136
1 25 12
2 36 -10
19 17 -107
12 37 -47
6 9 -34
3 5 -88
11 15 -31
21 8 62
24 13 -38
36 38 36
14 39 -70
16 5 24
12 9 -63
19 17 7
34 9 -129
13 3 61
26 24 48
15 9 -1
5 9 35
20 15 -54
13 1 46
37 39 -47
38 36 -3
2 19 61
15 4 -11
32 21 -98
26 6 48
14 1 -29
16 9 43
14 25 -77
28 2 -81
35 32 80
11 18 19
16 14 113
31 33 52
2 3 86
20 10 0
37 7 10
3 34 32
23 35 -7
12 39 -69
5 38 61
11 8 32
22 14 75
23 16 -16
22 5 -65
21 36 22
28 10 32
19 21 -117
8 10 22
