26 25
6 -185 97
2 -165 126
3 -180 95
4 -185 131
7 -170 128
2 -184 163
8 -179 168
6 -182 117
3 -166 142
8 -165 155
4 -177 111
5 -167 109
5 -179 176
4 -179 170
8 -177 105
7 -172 160
2 -171 128
7 -173 78
6 -177 151
8 -178 91
2 -172 154
7 -168 157
2 -165 103
8 -165 144
3 -180 95
8 -166 132
-100 -93
-93 -86
-86 -79
-79 -72
-72 -65
-65 -58
-58 -51
-51 -44
-44 -37
-37 -30
-30 -23
-23 -16
-16 -9
-9 -2
-2 5
5 12
12 19
19 26
26 33
33 40
40 47
47 54
54 61
61 68
68 75
75 82
2 1 7
3 2 4
4 3 7
5 4 6
6 5 8
7 6 10
8 7 7
9 8 7
10 9 3
11 10 8
12 11 6
13 12 9
14 13 8
15 14 1
16 15 13
17 16 4
18 17 10
19 18 5
20 19 4
21 20 10
22 21 4
23 22 10
24 23 5
25 24 9
26 25 3
