38 37
-1 -200 541
5 910 93
2 -344 119
1 170 886
9 -1000 -425
6 840 -26
0 0 -892
-4 504 416
8 -960 -853
-5 -510 608
4 -368 -820
9 738 727
-4 312 320
3 180 -98
7 392 825
-4 160 600
-5 200 594
2 -60 -26
-10 -200 889
3 -18 -551
1 10 -997
10 -140 -999
10 -300 933
2 -64 426
-4 176 -281
-2 108 814
1 68 -436
-1 70 -500
-2 -172 874
-9 -846 -15
-8 800 786
1 -118 311
-2 -256 -331
-2 260 427
1 142 87
-7 1000 257
-9 -1000 -29
8 -1000 991
-100 -95
-95 -90
-90 -85
-85 -80
-80 -75
-75 -70
-70 -65
-65 -60
-60 -55
-55 -50
-50 -45
-45 -40
-40 -35
-35 -30
-30 -25
-25 -20
-20 -15
-15 -10
-10 -5
-5 0
0 5
5 10
10 15
15 20
20 25
25 30
30 35
35 40
40 45
45 50
50 55
55 60
60 65
65 70
70 75
75 80
80 85
85 90
2 1 3
3 2 4
4 3 7
5 4 4
6 5 6
7 6 6
8 7 5
9 8 3
10 9 5
11 10 6
12 11 6
13 12 1
14 13 8
15 14 5
16 15 3
17 16 4
18 17 6
19 18 5
20 19 8
21 20 4
22 21 2
23 22 6
24 23 5
25 24 3
26 25 7
27 26 3
28 27 5
29 28 8
30 29 6
31 30 4
32 31 4
33 32 4
34 33 6
35 34 7
36 35 3
37 36 5
38 37 5
