25 8
10 -146 332
3 643 -174
-7 106 -827
-4 -279 286
-1 627 -78
-1 -661 -902
-2 -962 -535
-2 -201 -430
5 243 859
-9 -119 175
10 175 815
-1 968 -393
2 746 354
6 516 -13
10 -402 -360
-6 -915 902
-9 -435 515
-6 406 933
6 -237 -451
-6 717 284
10 919 -47
-4 -536 744
3 -541 431
3 32 -107
4 -932 547
-58 15
-94 -34
32 35
-90 -67
-53 -19
-99 51
-64 -57
3 31
-75 11
-80 23
19 28
-83 95
-37 11
-34 15
-12 38
-77 43
-11 47
-68 15
79 83
-90 -35
-66 89
-28 -6
-20 94
8 69
-84 -23
17 2 151
12 6 25
17 19 125
12 10 -60
24 5 95
8 14 116
15 2 50
18 23 18
