15 30
6 -941 -729
7 -936 -736
5 -942 -671
4 -950 -654
6 -942 -680
5 -941 -718
9 -950 -677
9 -951 -661
5 -936 -691
5 -947 -727
9 -946 -640
4 -952 -718
6 -950 -683
6 -937 -659
7 -948 -648
-13 4
-91 3
-59 -19
-67 30
-20 -20
-51 66
-78 -28
-94 55
-50 1
-89 25
-67 28
50 54
-39 90
-7 85
-93 87
5 7 57
1 5 21
3 4 -9
2 14 -76
10 15 35
10 13 -30
4 7 66
13 7 82
9 5 7
8 14 -57
14 15 39
8 6 -41
1 11 14
3 11 -46
8 9 -1
1 13 -57
10 9 40
7 13 -70
3 15 -36
11 13 -66
9 12 -55
1 5 19
1 7 38
7 14 -96
6 14 -61
13 15 82
13 6 60
11 15 -78
8 11 -55
2 3 47
