50 100
-6 831 -710
5 -40 -225
6 -587 -546
-10 -251 377
-6 -210 711
10 38 -65
6 -759 182
-1 -361 -531
-4 -763 -974
4 -521 -665
5 76 -647
1 786 -859
10 492 -874
2 952 -589
-5 986 -42
-3 637 655
-3 754 51
-3 478 733
-1 -739 693
-6 463 918
-9 -633 -556
9 -325 -304
-9 488 -3
-9 428 -850
-10 -915 579
-4 -818 -323
8 143 314
1 836 -180
10 819 -114
-10 296 736
-6 -380 -476
-2 -500 -319
8 -251 -625
-1 758 -817
2 -452 -946
6 -391 -909
-9 -660 -107
-10 -531 -652
-5 552 853
10 543 966
1 -638 348
8 540 79
2 -200 -742
-1 -238 262
-1 -823 615
7 721 597
9 -445 -818
-4 483 -640
8 439 967
-6 -114 -23
-66 -37
-77 82
-14 -10
-93 -10
-82 22
4 38
-23 53
-15 91
75 100
-91 92
24 70
-33 24
16 60
-10 31
-31 65
-56 17
45 90
3 96
43 96
73 81
41 45
61 88
47 89
-92 84
3 9
-53 -14
-89 69
-16 1
-77 -28
-2 11
69 93
-6 21
-21 39
-68 20
-3 -1
-80 -26
-36 60
9 17
8 28
-46 -15
-9 9
-21 92
-64 -58
-46 46
-90 -61
-57 -39
14 42
-70 33
27 54
-83 -13
49 8 -26
1 24 -25
29 49 -121
18 27 -8
1 39 -65
11 3 46
23 20 3
36 43 12
41 11 -43
26 38 -49
36 13 -104
37 29 134
33 6 -23
20 30 75
18 37 17
5 7 -65
1 48 -64
8 46 110
19 50 132
2 14 -11
7 15 49
22 38 56
34 17 -84
47 50 56
11 13 -6
22 14 58
19 32 39
38 8 20
31 35 93
39 36 72
29 30 -82
17 27 96
2 1 88
14 43 65
11 44 43
12 10 94
41 46 52
23 25 49
14 50 64
41 21 -49
3 13 -48
23 21 43
46 4 -18
43 11 -93
2 34 -20
47 16 64
41 49 -49
43 9 -145
47 46 77
26 20 -115
25 19 -52
20 19 20
39 38 13
12 9 -83
40 33 -35
25 45 80
2 27 102
31 21 38
37 31 -86
7 28 40
27 36 126
25 9 -84
28 26 33
29 27 -24
35 42 4
8 2 135
5 47 -41
17 35 57
46 10 -115
5 44 -43
24 50 147
28 46 43
30 6 -27
10 8 5
25 3 14
35 28 2
11 17 6
44 21 -31
41 16 8
27 6 -23
40 28 -39
19 16 67
31 26 125
11 43 128
36 11 -72
17 35 49
2 33 -51
9 42 100
15 10 -12
36 4 -16
17 44 87
34 47 -66
11 15 47
42 11 -38
32 13 -16
29 1 -25
48 10 -41
50 15 -25
27 26 77
28 49 -42
