44 25
9 664 -575
-10 -629 -605
-7 -563 455
-6 -919 -137
-3 673 -686
3 -847 -891
8 543 169
1 903 307
-6 -628 -780
0 -970 72
-4 -527 -447
5 66 -437
-5 -517 671
-6 155 911
8 575 872
-2 -262 725
9 851 710
2 -70 245
6 670 440
1 -905 -253
1 -733 -457
8 -426 -602
3 -438 -550
-5 990 -673
7 593 -90
-1 120 785
7 58 -586
-10 740 466
-6 605 322
-5 -204 217
4 355 9
2 368 -98
4 -919 -894
-8 -733 -706
8 253 -743
-4 15 -475
9 -768 879
-10 -31 91
1 -22 328
-10 889 674
-6 756 673
-7 764 553
5 583 592
5 -519 -827
-93 -42
-72 -16
-74 -6
-5 42
-91 65
-34 52
-31 99
-65 16
22 39
-85 -27
-35 30
-66 12
18 87
-96 81
-68 31
12 64
-66 98
-88 42
-100 80
27 60
53 68
-96 9
-48 12
91 92
-10 68
-71 -45
57 98
19 30
17 92
91 100
52 83
34 62
-86 -81
-60 66
56 96
-42 33
-30 5
-95 90
26 48
-56 73
-95 -4
1 26
-37 16
-84 -34
24 23 122
19 14 -147
3 27 -33
37 20 -22
7 29 -63
7 42 12
12 13 -41
17 28 89
40 6 66
9 4 45
17 3 113
33 40 -44
19 42 54
1 35 -92
21 29 195
37 32 91
26 32 165
33 41 -81
9 3 185
1 14 38
43 10 179
22 16 -22
9 38 119
43 7 -9
23 35 -63
