19 37
-9 271 269
-5 265 333
-10 269 328
-5 267 339
-8 259 293
-7 262 279
-9 268 337
-8 263 255
-5 261 277
-9 258 332
-5 277 314
-5 269 274
-8 276 337
-6 261 315
-10 275 340
-8 271 333
-10 262 279
-5 261 321
-8 278 262
26 31
-74 -24
-94 -29
-45 -15
24 42
-91 80
-63 60
-26 31
-98 98
71 92
-95 98
-12 90
43 92
-52 60
-79 -6
44 66
-27 89
-71 -68
-62 -53
2 3 165
4 3 112
18 4 78
8 4 9
4 5 90
3 13 -180
11 4 92
11 1 -65
4 8 104
10 1 68
17 7 12
12 5 -41
16 13 178
18 12 -65
1 2 124
6 1 118
4 12 165
11 8 164
5 19 109
12 8 23
3 9 -57
7 3 86
19 5 148
19 2 72
1 13 105
14 6 48
11 5 97
15 6 86
3 11 134
15 9 1
12 6 -1
7 13 -97
14 10 129
5 18 115
15 7 6
13 16 145
8 6 168
