46 58
8 -320 -265
-8 256 749
1 20 171
-10 1000 422
-8 -1000 392
-1 -52 -24
6 300 108
8 240 -837
-2 228 -693
-8 320 -356
0 0 -290
-6 576 454
6 -816 -26
-5 -520 175
3 -294 -907
3 -510 -176
-6 180 -220
9 -1000 224
-10 1000 65
10 -1000 81
-9 108 605
-1 66 -469
8 176 -526
4 384 665
4 720 663
-3 192 -746
-10 -1000 -448
-3 222 976
-4 -176 -400
-5 480 315
-7 308 757
-8 208 978
-1 170 85
-6 672 744
-2 8 -889
9 306 -705
-4 528 -352
7 -1000 527
-10 560 560
3 84 299
7 -1000 -965
10 1000 192
5 850 47
-7 910 -299
-3 -132 -453
-9 -1000 413
-21 12
-20 8
-50 70
-75 -35
-98 -95
-72 16
-78 57
-61 16
-88 -8
-15 67
23 66
-59 -33
-96 61
-89 62
1 49
85 95
14 48
-97 -75
-77 92
4 82
-88 65
-49 33
-34 1
-68 10
64 95
-91 35
-6 60
-88 -12
-30 -21
1 89
-91 -22
-70 55
-86 -85
-31 61
-29 3
-21 1
58 93
-84 -70
-33 -27
-64 75
-1 96
75 99
85 93
44 69
11 59
41 67
17 28 31
10 23 134
6 44 -121
46 41 63
39 21 -58
41 19 198
39 35 168
4 9 104
35 46 117
18 20 181
25 30 91
31 32 -52
25 2 111
38 32 22
6 9 100
45 20 -7
32 35 54
43 41 0
24 27 157
39 37 -32
25 40 26
31 44 63
26 44 -25
45 13 55
38 46 121
45 10 88
38 21 98
15 33 197
11 16 30
33 7 -33
3 42 -23
32 9 195
28 45 69
10 11 35
13 7 18
8 19 15
15 12 159
25 27 169
5 38 154
7 45 185
24 29 177
4 19 -72
29 9 115
1 18 59
3 35 104
13 1 174
15 9 28
46 13 177
22 21 -51
17 35 149
7 40 -34
5 3 -31
32 24 196
34 40 25
21 25 20
42 39 167
38 20 -49
3 33 35
