34 21
-10 -896 -139
-6 -868 -717
-7 -128 456
-7 466 -422
7 -788 -477
0 -287 -714
-6 -264 -576
-5 659 -82
-1 246 -678
-4 -517 -480
-10 329 523
7 429 377
-4 -617 -115
4 -572 -813
5 -150 304
-3 -893 -531
4 -194 -680
-6 817 133
-5 -948 853
0 -805 -556
2 -639 -252
7 255 305
1 -37 -865
-5 718 -630
-10 -860 -653
-1 946 -601
-6 776 883
0 -662 -801
-9 -338 345
-1 861 760
-2 -754 647
8 394 -916
8 -766 963
7 -582 231
-46 13
-14 29
34 37
1 37
-4 45
-28 16
-28 15
-65 50
-8 50
57 80
-7 40
-40 78
-96 -16
-12 14
-48 18
56 90
29 91
-84 -20
56 57
-56 -56
-68 95
-25 8
-65 66
-36 83
-21 45
-24 -23
-86 -45
-51 95
-59 -32
-44 24
17 59
-9 14
60 94
56 94
3 27 120
20 15 -32
20 30 -33
31 18 95
5 27 96
3 25 -1
32 29 30
19 16 -10
3 10 -41
1 9 3
3 20 92
1 10 -111
30 31 -29
14 17 -41
25 21 36
18 10 -93
9 3 -38
3 21 94
15 14 -32
12 20 96
14 25 -26
