27 49
2 260 724
-6 -456 -248
8 -1000 -969
9 468 -268
7 -672 501
-1 76 -339
6 -876 138
5 -710 -944
1 -56 -689
-4 -320 46
-10 1000 -916
-3 24 -493
-8 -192 167
-3 -288 323
10 440 -43
-7 -1000 204
5 420 168
2 156 -629
7 714 554
-4 560 836
7 490 482
9 -1000 502
-6 -24 -158
7 -560 -363
3 108 807
7 364 673
10 -1000 430
-15 96
-68 46
-95 86
-85 83
27 68
-62 -23
-79 73
58 89
-22 60
15 72
-90 -78
-53 63
-24 15
-53 -47
-70 21
-11 90
-44 52
-55 -9
44 53
-78 -15
-37 -35
56 79
-37 26
38 40
-33 56
-26 -26
-69 16
11 18 -47
4 11 133
11 16 -154
21 16 -60
11 12 -97
14 24 -86
15 2 -14
27 18 58
26 1 -83
11 26 -55
9 25 -34
19 12 98
10 18 98
24 16 0
14 23 -20
7 1 54
11 15 -71
26 10 -97
23 12 -19
20 1 -93
17 11 100
20 22 -102
4 18 -33
17 18 84
8 2 109
1 23 38
14 27 -28
21 12 -13
13 6 24
5 27 52
19 24 8
1 26 98
9 21 96
5 11 121
19 14 100
13 2 -21
18 6 14
20 1 -78
22 12 57
20 21 -24
23 2 8
22 11 141
24 8 -29
12 27 84
21 22 -94
11 10 -133
19 14 95
21 27 -30
20 3 8
