33 48
-2 -268 807
9 -293 -217
-7 -172 410
2 350 547
0 251 531
-4 506 -681
-1 625 108
-5 -461 824
-7 -831 755
-2 -309 -315
7 -917 -162
8 357 -512
-4 -110 -981
-5 953 750
5 796 -612
9 -160 955
4 -249 -30
-5 -622 803
1 -172 291
4 171 910
-2 154 -871
-9 -126 -905
-9 459 292
7 453 -753
7 811 66
7 -925 -876
4 199 -91
4 -413 -257
-5 -678 -691
1 -592 -280
6 -702 352
-4 -201 -268
9 447 958
-63 -58
-62 98
-79 48
-58 43
-84 34
-85 -52
-28 22
-40 -21
-94 42
-6 20
-89 35
-79 -40
-48 8
-99 48
-68 -42
-97 -44
18 56
-90 83
-86 -76
33 79
20 43
56 74
-85 -78
-84 -78
30 68
-87 -27
-93 -23
-52 15
13 73
-50 66
35 84
-4 -1
-74 -48
12 16 -8
15 28 -45
13 26 126
1 23 101
6 1 181
2 11 -74
5 28 94
11 20 65
1 28 192
17 22 65
9 27 -28
20 25 81
5 1 47
9 26 -12
3 1 21
24 14 18
17 31 188
22 10 110
32 22 154
27 17 69
20 14 64
16 8 -50
24 3 102
16 20 80
27 23 57
4 3 197
22 16 169
17 18 168
16 8 187
27 2 137
30 29 96
9 23 11
20 21 -6
20 28 172
17 25 -12
23 26 4
12 14 -36
5 17 -51
30 3 3
25 17 152
9 22 -134
19 13 -73
25 2 111
12 33 62
7 16 76
32 7 94
4 33 111
10 27 78
