45 31
4 -488 963
0 0 98
10 1000 508
10 -600 572
5 530 -331
9 558 670
-3 258 -148
1 178 736
-7 826 -151
4 560 -640
-6 -60 647
-4 -240 -534
6 -528 40
5 1000 486
5 -530 875
0 0 -111
5 260 -902
-6 108 793
-9 -900 941
0 0 427
9 -540 -593
9 774 180
-3 -66 392
-6 -228 -493
8 -416 -893
10 -1000 413
-10 -1000 136
8 1000 -459
9 -936 -446
5 -460 347
4 544 414
2 256 378
5 -340 -702
6 804 889
-2 -352 757
-2 68 -457
1 142 293
9 126 476
1 144 472
-7 -238 687
3 252 -382
-7 -14 286
5 250 -404
7 210 -681
10 -1000 -549
-77 -22
-99 56
79 83
19 67
11 73
31 53
3 70
84 90
24 61
-6 70
-31 26
-66 48
-61 41
-100 -100
-97 50
-14 -13
-100 96
-11 75
46 56
-100 -4
-33 -29
-44 -33
-54 34
-2 32
-97 58
-47 76
36 58
-81 -9
-8 96
-65 17
-69 -51
-18 78
8 52
63 96
83 88
12 17
-96 91
-8 50
-95 -26
-31 41
-47 -34
-34 54
-36 -8
-92 78
54 75
44 21 -44
44 6 79
14 5 -1
27 31 158
15 13 -110
19 26 180
41 27 0
37 38 62
28 2 34
6 41 78
7 4 21
39 14 128
43 33 -63
43 17 24
21 10 181
42 23 -9
38 36 -11
2 34 -75
8 40 73
26 34 -110
26 25 60
16 24 112
2 43 -79
34 16 156
14 18 54
21 37 -23
5 27 106
3 19 94
30 4 -104
26 31 171
1 4 200
