45 24
4 80 529
4 728 -91
7 -518 -878
-5 -780 -542
-7 266 -3
-4 -232 778
-4 -592 -518
8 -416 120
6 468 -300
-7 -672 924
-1 66 -428
-7 -644 -103
2 -172 -552
-5 -440 -843
-4 72 60
4 -376 -985
-4 104 -424
-1 60 306
-8 128 -502
0 0 -166
9 -612 658
0 0 -572
9 504 543
8 -368 802
1 -90 734
-6 468 44
1 -48 -830
-2 -68 -817
9 1000 -977
-2 -236 845
-4 -320 -851
10 -420 -728
-3 -108 -353
-1 62 161
3 -372 257
-2 -252 367
3 -234 846
10 440 437
0 0 249
3 -180 -760
-2 64 444
-9 252 -554
-10 160 -925
1 -52 -655
-9 378 -927
-10 37
84 92
-9 93
57 90
3 59
22 40
-74 57
-58 42
-52 71
-61 -44
-50 20
2 70
27 50
-61 7
-91 -3
45 61
-51 5
22 66
-24 25
16 75
-35 97
-4 3
-72 6
-39 67
-75 62
-39 -5
-8 63
16 20
52 94
-62 -35
-41 -3
-59 -9
-61 28
-73 -11
-65 45
26 64
-10 52
-44 88
-73 -8
3 80
-14 71
-7 16
-26 42
-21 71
-52 7
41 31 66
2 26 124
13 5 -23
20 41 29
30 28 -60
39 24 24
8 23 -51
7 6 4
15 27 -78
44 31 38
26 3 -128
34 29 -110
41 36 -61
43 38 -59
30 1 -47
22 17 0
8 39 44
30 3 -59
19 25 -15
40 17 90
32 37 -44
40 27 25
19 21 -26
6 7 -2
