49 38
1 266 -82
8 -936 68
0 541 -247
-5 844 -329
5 -778 -666
-1 18 -922
8 -691 -466
10 -746 -226
-10 761 -991
-6 -664 721
8 -620 759
-10 -500 -430
1 575 436
-6 934 856
-5 -218 -369
-2 -489 773
-4 726 681
7 73 -763
-3 -801 976
4 -332 163
6 -870 88
3 -446 -728
8 -691 350
-1 -670 -982
-3 22 -478
6 653 -574
2 -603 120
-7 -555 815
-1 591 -859
-1 -572 -631
-10 -149 -613
-4 996 675
-7 48 -406
1 565 723
1 -998 -142
9 -342 907
-2 798 -604
7 575 477
-10 -572 -393
-7 -547 118
-5 -235 -874
-8 66 -21
-10 181 -460
3 -266 994
8 526 -76
6 883 -208
9 800 -241
-7 -443 -505
4 -209 209
-47 62
-72 -25
-39 32
-50 46
3 98
-36 74
-66 -46
-89 -13
0 8
-79 4
-56 64
-42 27
-92 -64
-24 81
-54 -43
-87 41
-14 42
-96 13
-67 24
56 78
-84 19
-81 64
-51 87
83 84
-32 -9
-91 -28
-61 6
-35 9
-60 57
58 86
-11 -7
55 84
-79 74
-20 42
-53 -46
-78 10
-21 43
94 97
-22 -1
-100 -37
-31 64
-53 76
15 26
69 100
14 42
-60 63
-90 -47
-5 30
-89 9
33 38 -69
5 46 78
13 30 -151
20 27 107
33 10 -63
5 24 -10
10 25 8
35 29 -55
33 43 7
41 49 65
45 16 79
43 41 -10
40 23 -147
42 11 -33
10 24 -98
34 37 22
9 27 38
24 19 74
43 37 40
45 16 21
9 8 30
48 20 -51
36 20 -131
7 13 27
37 18 95
42 47 91
31 41 -12
26 32 -142
3 24 -63
45 9 21
28 15 51
37 15 81
14 13 93
12 11 -60
2 18 -30
31 29 -13
48 42 25
8 38 -111
