34 4
-10 180 393
-1 60 712
4 -256 -223
6 504 -971
1 -26 -119
2 -76 136
-8 304 -999
5 390 -858
10 -980 -450
9 -702 699
0 0 246
-4 -456 248
-6 -732 162
-8 368 850
10 1000 -152
10 800 369
7 -882 -189
4 -72 -13
10 1000 -166
3 558 831
6 288 890
-8 272 173
3 -24 -859
0 0 489
10 -900 -447
9 -234 -646
-3 144 -921
6 996 939
-2 132 201
-1 -58 333
2 -48 808
-9 -72 -13
1 116 928
-10 400 479
-62 55
-37 -18
-42 39
37 42
-48 -2
-45 31
-51 74
13 49
-59 74
-54 -37
-38 17
27 78
-76 -55
-24 -23
82 93
-58 54
59 65
-25 20
84 96
-99 -79
-9 39
-72 31
-13 24
-37 22
-50 -38
-32 78
-44 0
-88 -80
-58 3
-57 89
-15 16
-8 44
-71 -57
-9 45
7 30 -25
27 1 34
24 2 -3
29 32 -16
