18 20
-2 -152 686
-1 -136 -89
3 564 615
2 -240 79
0 0 883
7 28 -303
-7 -938 808
-9 162 236
0 0 389
5 710 -675
10 800 874
-4 200 915
9 -1000 -967
0 0 919
-6 1000 408
-6 552 -429
-8 -464 16
8 1000 243
-52 -20
-89 -65
-99 -49
-51 87
0 5
-85 5
61 71
-26 85
-19 -13
-88 -48
-54 -32
-41 25
-98 -43
5 48
-100 14
28 48
7 89
-27 97
10 18 -64
17 18 61
16 18 -11
6 11 176
3 4 -16
2 16 41
12 2 195
7 11 146
8 6 172
15 7 -54
9 17 2
9 12 157
15 12 138
15 17 -46
18 14 145
14 18 83
14 11 81
17 9 181
9 12 -7
13 1 40
