32 47
9 528 -537
-3 -892 -119
-1 418 948
-9 -673 189
6 -549 -694
6 931 -625
-6 -222 379
4 -135 144
0 604 567
2 617 -219
10 211 -304
2 -376 -759
-6 836 -840
-10 338 496
-1 -864 -900
6 929 -760
4 980 33
7 866 -628
2 -734 56
-5 -363 497
5 -609 -530
6 918 247
-7 248 516
9 -118 69
-4 -831 576
-7 763 -150
9 662 -935
-6 756 904
-2 491 928
-2 719 -365
-7 979 -34
-2 980 362
33 87
-76 45
-40 -14
-32 94
5 12
35 49
-84 39
55 58
-89 71
-17 46
-13 63
-82 78
25 96
11 23
-93 87
-31 100
20 99
-50 -40
-16 17
13 100
-43 40
-85 99
-76 -37
-58 88
30 100
-29 63
-62 -20
-50 11
7 67
-55 -40
-21 48
58 60
7 29 147
15 32 -32
9 21 -120
1 24 148
27 19 15
11 12 80
32 12 182
2 7 -7
31 29 -58
19 28 128
11 6 99
20 31 22
1 20 51
30 2 99
9 10 66
1 18 192
23 28 -1
31 6 26
16 1 3
16 25 -57
26 19 -11
11 8 88
21 2 139
1 7 87
26 3 33
4 23 152
16 32 47
24 20 90
12 18 -4
30 19 5
12 24 -145
16 29 114
31 13 6
28 29 10
16 23 138
22 32 -63
2 15 72
25 29 171
28 13 -107
31 20 153
19 10 55
2 31 16
31 6 48
9 11 -99
27 25 -111
4 20 64
7 27 193
