39 74
5 -86 -343
2 -85 -248
-1 -73 -315
3 -71 -274
0 -71 -254
2 -69 -343
1 -77 -293
-1 -79 -326
-1 -79 -275
2 -71 -250
-1 -81 -280
1 -78 -249
3 -87 -257
0 -84 -270
3 -79 -285
5 -85 -266
4 -84 -329
0 -72 -296
2 -84 -261
1 -78 -307
1 -87 -341
-1 -70 -270
-1 -86 -300
-1 -85 -257
5 -75 -292
-1 -87 -314
0 -83 -289
5 -88 -272
2 -84 -285
5 -70 -286
4 -85 -301
1 -73 -270
4 -85 -323
-1 -75 -262
1 -83 -324
2 -80 -340
4 -72 -301
2 -76 -253
5 -72 -250
-95 97
-54 -49
-60 -31
-94 -38
-30 11
-89 88
-14 76
-97 -60
82 96
-80 64
3 22
-15 -6
-31 -22
24 90
-89 3
-71 51
-46 25
-19 65
-72 46
-19 -13
46 88
12 18
-82 25
-10 3
-48 21
-75 -13
-100 32
-75 32
-93 34
-14 39
30 49
-3 19
-56 -6
-52 -50
34 71
6 57
-96 -74
-85 -39
24 74
32 20 128
33 23 0
14 24 53
15 38 -35
21 38 96
12 14 166
25 31 -71
8 17 -12
36 5 103
20 38 111
28 27 36
8 34 192
19 39 152
3 28 31
21 1 38
11 22 123
25 33 -6
25 17 -13
24 1 194
36 18 77
6 21 -66
28 32 60
5 1 194
15 14 32
6 30 31
33 9 144
17 14 157
17 27 -38
15 31 93
39 12 138
7 29 135
26 32 8
25 17 131
17 11 178
16 15 154
24 22 56
28 36 110
29 35 -139
5 34 89
6 18 67
37 27 166
8 19 194
16 10 65
37 7 -150
36 38 170
34 22 -33
25 32 29
27 15 199
18 17 39
32 7 44
2 11 149
19 7 167
9 32 94
17 4 110
8 11 -14
12 21 150
20 6 192
25 9 110
37 14 163
35 9 137
27 22 87
18 28 -22
21 18 82
33 10 -16
2 10 172
35 34 195
38 2 35
29 35 14
1 39 127
32 6 165
27 32 129
7 34 106
22 11 7
3 30 -87
