32 9
-5 -772 -156
1 846 -78
9 987 -527
-6 646 -534
-8 79 -592
-10 -214 -182
-9 -135 576
-5 -46 966
9 -397 449
5 871 -52
9 623 -513
6 -221 228
1 251 64
5 903 -842
10 -122 -278
6 553 -818
2 -738 682
8 -681 229
-9 -441 751
-1 -925 232
-6 -634 500
0 149 142
3 33 671
-8 673 694
10 381 -289
10 611 681
6 -830 34
8 875 168
10 788 -690
8 -270 746
-6 -620 -974
10 -583 446
-84 -7
-40 -27
-48 69
39 73
19 46
-75 -35
17 80
-64 -15
-2 65
-12 27
23 57
59 94
-64 -15
-95 -82
22 88
-72 15
-82 -23
-4 25
-45 34
-12 32
21 76
-9 -1
-63 23
-44 7
-81 -2
-100 -22
-49 78
-22 -17
-33 -11
0 0
27 37
-94 -90
29 13 169
20 3 148
27 2 30
25 22 131
17 30 179
28 24 14
18 23 136
2 23 58
13 6 15
