32 0
-8 361 649
-4 363 584
-5 368 639
-10 369 607
-5 367 557
-6 363 630
-4 362 570
-10 368 633
-5 372 636
-10 375 582
-4 375 623
-9 360 574
-4 374 611
-7 375 603
-10 373 620
-6 368 627
-5 372 592
-9 355 560
-4 372 566
-10 375 641
-9 371 598
-6 370 575
-4 372 592
-5 363 646
-7 366 632
-7 373 653
-8 373 635
-10 363 646
-8 360 573
-9 368 651
-8 370 590
-4 366 605
-86 -70
24 47
-90 22
-53 -25
9 68
-2 36
9 57
81 85
25 73
-68 69
21 88
-10 46
-92 8
-40 59
-99 32
42 55
34 69
-8 55
-37 85
-68 -43
-56 -13
-57 24
-12 -4
-37 -36
-11 5
-5 56
9 97
-4 40
-8 93
-92 -23
7 99
11 79
