18 30
-5 -500 -511
10 -560 -434
-2 120 342
1 106 994
2 -304 -301
-7 -420 -826
1 136 512
3 -402 713
-5 800 -626
-5 850 -556
-7 1000 486
-6 780 -154
-9 -1000 -774
-10 720 -998
-9 -450 800
-5 -480 -312
0 0 238
6 -960 295
-26 64
-16 74
-8 87
-58 -13
42 80
-39 -12
-90 11
-68 -65
-86 -79
-93 -78
81 90
-75 -41
-47 85
-40 -30
-5 25
-78 52
-55 3
77 86
13 14 71
13 8 130
13 17 97
9 7 -35
13 15 8
9 5 -143
18 9 164
11 2 68
18 11 -3
8 12 -19
1 2 -4
17 6 3
6 5 -79
12 6 -31
7 8 69
16 6 -13
15 7 77
4 11 -111
7 9 93
18 2 37
16 17 66
3 16 72
11 18 9
6 7 29
2 1 36
11 15 83
14 15 -50
1 13 11
8 17 -50
9 2 -138
