50 10
1 370 942
8 -436 -277
8 -656 -500
-2 -538 681
-5 45 -731
3 -15 -326
5 -600 786
1 942 -241
-7 -686 -558
-7 -331 -614
8 13 427
1 492 213
6 689 -631
-4 257 -816
-6 58 -29
8 -191 -651
1 799 -968
10 289 -135
3 -860 -657
0 -773 210
2 -593 -135
-4 545 754
0 221 639
-8 407 534
-7 -341 -124
-9 -596 -107
-8 -247 590
1 357 -511
1 -756 99
-8 -202 -288
8 -38 -348
10 -466 -337
-6 495 439
1 708 559
8 724 -957
2 -93 110
-3 592 -546
5 -468 -601
7 -115 -610
2 258 -232
-4 -825 -792
-6 750 583
3 33 -633
-1 838 764
-1 753 177
6 -774 -512
3 40 -294
-6 635 377
-7 -290 -878
-7 -927 432
-86 -70
24 47
-90 22
-53 -25
9 68
-2 36
9 57
81 85
25 73
-68 69
21 88
-10 46
-92 8
-40 59
-99 32
42 55
34 69
-8 55
-37 85
-68 -43
-56 -13
-57 24
-12 -4
-37 -36
-11 5
-5 56
9 97
-4 40
-8 93
-92 -23
7 99
11 79
8 50
55 88
53 83
-80 74
-5 38
-90 90
-68 56
66 72
-48 17
-77 90
-58 1
-66 -47
-85 24
-71 91
-92 -83
-68 10
-18 56
-56 1
11 26 61
9 36 -20
26 29 -55
49 24 29
5 31 -29
4 19 -98
10 30 49
47 33 -108
32 25 70
27 29 55
