43 86
-9 376 -210
10 498 659
-6 -533 349
-5 -43 -615
3 -860 -907
-4 999 548
10 -916 95
4 852 988
-1 766 -443
8 633 -667
-10 -61 869
10 447 100
-6 705 259
-2 -429 -267
6 -222 -503
0 840 690
-1 -495 951
-2 374 -193
6 -793 498
3 764 -327
5 -585 483
3 -352 -135
9 -810 -393
10 318 -821
-5 -530 -651
2 784 -88
7 -793 840
10 905 -391
1 -588 -536
8 172 419
-9 911 554
8 -742 -282
-1 205 361
-7 -59 768
-6 -550 243
-10 -970 -722
-2 -199 -781
-4 -880 383
4 -180 -953
-7 270 -741
5 -867 644
-2 296 968
2 -108 679
-61 45
-37 99
-80 -5
-92 -51
11 26
-37 1
-74 60
-96 12
-81 94
-44 95
-13 0
-40 26
-38 89
-89 -81
-95 -83
-98 -67
-2 69
-66 12
-42 -10
-35 55
-29 70
-48 -39
74 89
-80 88
2 16
-81 99
-55 -11
9 100
36 80
12 89
15 96
-78 11
-39 24
-100 -97
-25 1
-77 84
-86 48
-12 52
-4 14
7 88
-28 25
-85 22
3 75
12 35 133
24 41 139
30 9 160
27 41 -44
33 41 113
18 39 106
5 28 123
7 1 -3
38 26 -16
8 12 41
7 38 190
15 25 -95
5 2 -87
24 33 146
39 27 142
13 30 105
28 40 71
30 8 125
5 20 57
18 37 137
41 5 99
8 24 -39
20 16 199
4 28 59
27 40 15
22 23 199
22 2 -43
11 12 103
8 30 -49
18 33 -29
13 2 -13
34 2 190
13 25 -16
32 10 17
7 30 63
7 23 165
31 35 101
12 36 184
16 41 -93
21 38 175
36 19 89
6 35 -33
17 32 24
20 5 95
35 26 117
6 26 -2
4 18 42
25 1 160
2 10 178
27 9 11
21 3 63
11 2 139
21 40 -9
5 9 113
11 9 64
10 39 159
32 39 170
30 42 175
19 22 103
10 28 109
16 43 95
43 15 137
34 4 117
1 9 40
24 18 -4
17 25 184
5 20 147
11 31 -93
16 15 8
20 36 48
2 43 192
5 24 167
24 10 162
6 19 -10
4 38 41
7 24 53
4 43 123
8 23 -62
33 9 182
14 25 -32
7 43 -119
35 31 93
1 16 114
17 5 51
32 27 4
40 12 174
