29 42
4 777 -325
4 793 -321
5 786 -399
4 785 -397
6 776 -301
4 780 -316
7 776 -307
5 791 -393
7 778 -311
8 774 -309
3 775 -299
6 780 -354
4 775 -377
9 789 -353
6 788 -354
8 787 -370
9 783 -348
9 782 -353
5 787 -382
9 784 -381
7 789 -329
5 776 -362
4 791 -375
9 789 -338
9 778 -313
5 780 -397
6 786 -357
5 781 -393
7 786 -361
-95 76
10 91
-84 -1
-59 16
-91 92
-31 28
-61 -18
-53 24
-69 -65
-76 -24
-10 11
-18 10
-43 35
-99 14
-60 91
-68 -49
-77 51
25 64
-37 93
-21 9
-79 18
-69 38
-64 60
-73 -15
-18 90
-96 -45
-43 74
-57 27
-96 -63
2 7 59
24 11 -63
8 19 -26
5 18 -100
15 25 29
12 3 32
1 12 -90
14 7 -40
24 17 -62
2 25 30
21 6 -62
5 27 -117
29 28 -41
6 18 -40
25 19 -8
8 18 -72
2 14 77
4 29 40
18 27 31
5 21 48
26 20 -65
2 27 -43
26 25 -70
7 15 -102
15 10 127
23 3 2
2 22 116
29 15 -44
2 18 48
16 9 12
21 25 -44
19 26 128
12 29 64
19 15 -9
25 15 82
24 15 1
18 12 69
1 15 -43
18 11 37
4 29 54
4 2 -13
24 22 -53
