37 48
-7 972 365
-3 977 463
-4 965 413
-2 983 409
-1 976 428
-7 983 449
-4 976 424
-6 979 403
-3 975 384
-1 970 378
-3 965 396
-5 974 448
-6 978 407
-4 981 453
-2 977 371
-2 979 372
-4 975 445
-6 983 407
-7 975 382
-3 964 463
-4 978 421
-2 977 439
-5 972 424
-5 972 403
-3 977 450
-4 968 427
-2 974 384
-6 978 389
-1 982 465
-5 974 409
-3 983 431
-6 980 375
-1 964 377
-7 983 447
-1 975 456
-2 970 389
-7 983 376
-71 40
-53 75
-13 8
-73 -16
40 46
-74 40
39 91
34 92
2 88
-64 100
-11 22
-34 -19
1 52
2 15
-83 21
-69 -16
-53 97
-25 87
40 97
-60 -13
-95 36
42 57
-99 -67
-52 -12
-95 96
14 54
-35 85
37 68
-42 39
-76 68
-57 9
-20 63
53 55
-32 -20
-60 -9
-20 61
-3 95
18 5 -35
17 31 35
25 6 9
21 34 89
14 35 23
16 19 -64
9 19 -56
31 7 188
21 18 -28
30 27 178
23 9 176
9 17 82
20 15 95
6 33 167
21 29 -104
22 2 3
3 11 113
3 15 188
31 24 193
34 29 129
25 33 -17
20 21 41
12 2 -16
27 37 82
3 14 33
29 34 32
22 20 139
33 31 121
18 34 116
32 11 182
30 17 -85
31 4 92
26 10 -4
30 32 103
9 31 200
20 18 -57
8 28 99
1 22 107
13 23 92
4 34 147
21 12 90
33 37 17
11 7 76
20 28 122
31 22 82
6 20 56
12 15 40
31 8 108
