22 41
10 -430 -168
10 -423 -200
9 -435 -181
9 -434 -171
10 -428 -117
10 -427 -186
8 -436 -146
10 -434 -169
10 -437 -141
10 -419 -166
8 -426 -125
10 -435 -146
10 -417 -165
8 -431 -123
10 -417 -104
10 -417 -145
10 -426 -173
10 -418 -202
9 -436 -141
7 -417 -149
10 -420 -132
7 -426 -157
2 52
-68 -9
-92 50
10 80
-7 40
-28 75
14 34
9 55
-48 66
6 23
-17 25
58 94
-50 -21
12 34
-15 22
-70 53
-80 4
-91 35
-26 9
10 51
2 40
46 48
9 18 111
10 6 -56
18 17 108
7 5 115
19 21 -21
12 19 92
1 21 9
5 18 49
9 12 159
8 5 6
21 11 49
7 15 113
16 13 51
2 5 -98
13 19 68
4 12 181
18 1 3
6 7 142
2 12 98
14 12 137
8 22 38
20 3 62
13 21 16
14 11 194
13 16 -3
3 4 -45
9 11 186
5 12 199
12 10 119
15 4 93
4 14 192
9 4 -36
13 3 141
13 4 -24
16 1 1
20 4 -21
12 1 151
16 6 193
17 6 118
22 16 129
11 18 25
