27 2
8 622 -892
-4 607 -503
-4 -301 -826
-2 -853 793
3 -873 608
4 -318 -615
2 -210 468
-2 727 -841
-3 -911 320
3 4 -653
7 -857 -878
10 825 881
10 916 600
-5 185 -768
9 374 -283
10 -26 -979
8 -444 889
3 -77 568
7 721 -563
-10 -997 -698
7 550 -999
10 -884 -12
6 323 -834
5 426 422
7 374 -281
-2 -494 -392
1 370 942
-86 -70
24 47
-90 22
-53 -25
9 68
-2 36
9 57
81 85
25 73
-68 69
21 88
-10 46
-92 8
-40 59
-99 32
42 55
34 69
-8 55
-37 85
-68 -43
-56 -13
-57 24
-12 -4
-37 -36
-11 5
-5 56
9 97
27 4 116
27 21 82
