23 11
4 433 825
-4 817 916
-9 118 185
3 594 374
-7 -62 -26
-10 -217 -444
1 609 -77
-5 -551 721
-2 236 -997
10 -314 550
-3 877 -884
-9 933 323
-6 -862 426
-4 -671 374
-5 -929 -494
7 814 370
0 353 -436
-1 -619 -656
4 709 -538
6 874 45
-2 45 -15
-8 290 -600
3 -173 942
-86 -70
24 47
-90 22
-53 -25
9 68
-2 36
9 57
81 85
25 73
-68 69
21 88
-10 46
-92 8
-40 59
-99 32
42 55
34 69
-8 55
-37 85
-68 -43
-56 -13
-57 24
-12 -4
12 4 76
13 5 -15
7 18 22
12 5 12
3 13 77
21 15 -41
14 22 -8
16 18 34
20 15 4
3 21 17
16 3 122
