36 59
6 -564 6
-3 72 867
-3 528 -136
9 -378 410
-10 -660 -76
0 0 435
-3 60 -622
-3 144 -530
-8 608 -848
-1 46 -795
4 400 -961
-5 660 789
-6 504 -339
2 180 -31
7 -420 278
7 -518 -172
3 -174 -50
4 -432 856
9 -1000 533
7 630 -627
8 -832 -482
0 0 -454
-4 592 477
-10 -1000 -6
0 0 -668
-4 -728 241
2 116 234
-2 -72 -237
5 330 -214
6 60 879
-4 232 98
-9 558 -19
-8 960 -62
5 -650 363
-8 1000 496
-1 -120 390
-53 29
-75 10
76 100
-64 64
6 58
-33 2
-14 52
-89 62
-49 -10
-22 77
-76 -30
40 93
-67 82
36 71
19 30
33 52
-97 96
-66 -39
96 97
-79 -14
12 83
-37 56
-78 -73
-1 72
14 83
36 96
26 46
-52 27
33 33
-5 9
-46 -19
-38 -14
-63 -60
-97 -61
-88 49
-76 -30
9 13 130
10 5 -69
6 13 59
23 21 118
34 7 -65
29 4 128
25 27 -31
26 2 72
20 11 -21
28 5 156
20 7 -108
10 4 -56
18 13 -28
33 30 181
1 3 -114
9 7 133
3 29 64
16 24 -27
22 4 148
14 29 185
6 19 100
34 2 -10
3 23 173
4 5 33
31 4 87
24 21 163
5 32 141
32 12 -5
34 11 78
20 21 88
35 10 78
34 18 -58
8 11 115
6 5 -38
32 20 173
24 12 66
18 3 148
35 22 172
19 26 72
29 30 91
13 21 8
11 3 10
10 35 72
8 12 -124
33 16 46
9 26 112
23 7 100
15 26 52
36 10 109
34 27 -118
20 35 -6
25 19 88
31 25 12
22 30 195
18 17 -33
22 21 163
34 12 134
17 11 197
8 20 49
