811 600
838 893
983 329
353 370
245 795
609 253
648 433
536 209
265 498
244 650
16 842
190 101
813 649
524 852
475 634
892 201
855 991
698 920
781 579
932 545
341 488
900 526
484 539
493 194
253 12
561 835
841 498
786 530
541 806
792 393
211 550
579 980
972 278
74 194
621 498
827 277
791 583
579 160
419 490
160 450
925 73
381 9
968 209
478 504
371 608
197 75
723 612
20 762
57 891
164 684
717 933
453 742
955 814
863 397
461 616
905 600
137 681
199 33
388 585
241 518
7 671
242 883
250 524
759 106
622 96
297 917
679 179
580 59
578 751
8 730
82 996
679 677
754 900
785 566
94 609
173 244
930 515
169 56
192 974
923 749
652 987
145 447
578 518
630 917
875 792
470 913
147 694
92 816
950 858
641 53
237 552
488 227
163 956
184 395
181 98
66 66
514 262
579 79
879 141
612 948
0 0
