873 107
657 344
594 81
81 869
412 714
969 252
217 80
769 41
532 934
780 664
260 654
937 96
366 875
721 836
681 977
456 726
72 809
560 157
603 833
906 441
376 563
886 963
81 837
798 203
509 81
341 77
59 494
741 547
475 774
98 881
336 73
401 708
956 667
142 589
482 169
316 397
226 10
13 137
456 763
44 743
22 923
513 249
19 369
718 715
651 291
336 760
170 896
304 641
980 200
106 792
662 682
653 754
34 30
988 43
254 84
421 815
719 245
64 230
653 865
770 471
6 48
595 488
327 277
324 541
680 991
589 711
272 946
222 471
184 590
956 979
780 7
263 136
488 197
34 89
936 780
994 791
963 966
2 106
808 568
670 135
672 458
999 546
598 219
839 845
373 564
29 265
802 724
491 605
602 228
198 693
772 364
302 364
722 566
422 446
611 496
742 23
813 152
16 56
394 739
280 883
0 0
