510 301
696 574
590 162
173 969
359 32
269 427
511 423
775 780
911 553
183 392
496 765
875 365
903 256
461 475
973 822
123 548
578 790
606 196
595 951
344 755
482 13
673 440
429 913
763 968
409 416
909 224
760 435
205 487
320 959
946 807
167 701
368 693
788 533
557 975
448 22
284 223
332 377
584 949
724 983
19 777
221 112
183 857
491 926
325 487
678 970
644 535
678 669
69 992
197 784
829 728
427 872
698 613
704 28
409 546
509 186
239 238
444 314
502 851
129 112
651 150
193 455
870 682
466 268
714 794
635 473
973 831
902 443
178 878
771 703
365 382
591 824
238 24
180 596
170 328
43 311
183 59
927 488
671 529
652 259
214 861
784 287
743 611
473 129
435 842
719 504
868 866
939 882
258 751
615 599
459 662
64 757
808 279
490 436
366 76
587 387
834 361
331 49
929 493
434 841
767 736
0 0
