446 171
976 490
751 150
334 866
215 283
8 433
897 368
523 883
811 642
232 188
706 480
322 539
352 448
209 647
277 760
190 423
667 487
456 29
615 861
254 778
349 504
862 432
83 456
198 107
753 822
297 282
22 456
948 125
319 136
377 775
860 999
75 254
923 636
644 889
154 233
748 681
927 679
451 802
962 200
856 364
717 574
562 246
474 275
551 354
182 288
700 111
644 466
173 530
982 113
477 382
248 891
672 806
373 33
990 321
166 432
659 294
207 579
949 207
172 167
397 698
21 695
530 789
110 985
970 979
618 16
627 685
169 907
929 98
119 391
200 786
487 200
421 711
272 814
416 86
319 581
332 268
388 445
187 508
361 828
75 432
153 272
269 694
886 338
312 605
678 407
769 23
414 1
543 538
39 389
356 290
648 182
94 585
988 762
494 218
502 483
448 666
754 105
85 96
526 222
965 782
0 0
