668 529
680 865
422 406
827 817
517 727
667 88
682 965
341 687
22 663
722 65
310 416
903 874
125 942
746 763
424 532
807 269
319 603
908 308
482 13
137 631
115 810
85 557
291 294
997 153
55 346
709 249
492 713
132 115
440 959
723 705
996 53
270 480
239 424
919 867
660 499
487 197
463 634
159 23
147 393
38 926
648 459
603 808
99 831
293 601
279 800
353 449
883 541
316 576
763 568
337 398
419 898
829 852
817 231
450 926
659 230
521 941
561 148
163 656
676 793
362 755
399 147
715 947
189 570
639 664
76 516
522 476
616 529
235 571
906 465
558 963
162 525
550 470
331 924
351 334
926 911
738 337
338 279
394 637
715 165
592 950
136 506
338 5
338 624
665 971
609 569
282 86
153 374
653 195
877 827
397 573
250 641
175 820
944 612
942 290
420 566
806 586
217 451
616 610
65 167
894 75
0 0
