3 3
27.000 -248.000 66.000 -248.000
362.000 -374.000 362.000 -37.000
27.000 -330.000 446.000 -330.000
11.000 -248.000 66.000 -248.000
362.000 -374.000 362.000 107.000
-57.000 -330.000 446.000 -330.000
2 3
361.000 -229.000 361.000 -88.000
116.000 -175.000 391.000 -175.000
361.000 -229.000 361.000 -88.000
-300.000 -175.000 418.000 -175.000
267.000 239.000 267.000 115.000
2 3
-33.000 169.000 -33.000 182.000
-273.000 173.000 133.000 173.000
-33.000 169.000 -33.000 340.000
-273.000 173.000 133.000 173.000
498.000 297.000 315.000 297.000
3 3
-26.000 -344.000 -26.000 -182.000
-234.000 -376.000 -234.000 -182.000
-361.000 -357.000 370.000 -357.000
-26.000 -344.000 -26.000 -29.000
-234.000 -486.000 -234.000 115.000
-460.000 -357.000 498.000 -357.000
3 3
-273.000 -15.000 -245.000 -15.000
-358.000 137.000 -245.000 137.000
-260.000 -25.000 -260.000 170.000
-273.000 -15.000 -52.000 -15.000
-183.000 137.000 -359.000 137.000
-260.000 -35.000 -260.000 354.000
3 3
-448.000 -8.000 -49.000 -8.000
-389.000 -377.000 -389.000 78.000
-336.000 -275.000 -336.000 100.000
-462.000 -8.000 -49.000 -8.000
-389.000 -462.000 -389.000 78.000
-336.000 -275.000 -336.000 100.000
2 3
326.000 -350.000 326.000 -97.000
116.000 -129.000 334.000 -129.000
326.000 -350.000 326.000 -97.000
116.000 -129.000 334.000 -129.000
-419.000 -145.000 -419.000 408.000
2 2
-212.000 -13.000 145.000 -13.000
106.000 -77.000 106.000 78.000
-212.000 -13.000 145.000 -13.000
106.000 -137.000 106.000 446.000
2 2
-107.000 -9.000 80.000 -9.000
-10.000 -51.000 -10.000 370.000
-345.000 -9.000 80.000 -9.000
-10.000 -87.000 -10.000 370.000
2 3
357.000 -274.000 357.000 8.000
-406.000 -168.000 433.000 -168.000
357.000 -359.000 357.000 8.000
426.000 266.000 426.000 350.000
-484.000 -168.000 433.000 -168.000
