12 46
-393.000 -94.000 -345.000 -94.000
-290.000 -141.000 -290.000 -11.000
43.000 -40.000 43.000 -11.000
-332.000 -34.000 -332.000 -11.000
104.000 -78.000 104.000 -11.000
17.000 -179.000 196.000 -179.000
-10.000 -185.000 -10.000 -159.000
-53.000 -185.000 -53.000 -116.000
-393.000 -124.000 -49.000 -124.000
100.000 -173.000 196.000 -173.000
-393.000 -172.000 69.000 -172.000
-301.000 16.000 -301.000 190.000
363.000 -328.000 -227.000 -328.000
-424.000 -463.000 325.000 -463.000
473.000 448.000 473.000 -268.000
-10.000 338.000 401.000 338.000
-487.000 319.000 -487.000 24.000
-430.000 -94.000 -345.000 -94.000
-290.000 4.000 -290.000 -141.000
256.000 129.000 -184.000 129.000
-292.000 104.000 270.000 104.000
364.000 105.000 71.000 105.000
-384.000 -259.000 -93.000 -259.000
370.000 492.000 370.000 -199.000
317.000 259.000 -445.000 259.000
43.000 -40.000 43.000 197.000
-48.000 -490.000 61.000 -490.000
-332.000 188.000 -332.000 -34.000
-230.000 275.000 -230.000 347.000
366.000 30.000 400.000 30.000
-290.000 468.000 -290.000 261.000
178.000 494.000 263.000 494.000
-99.000 264.000 -99.000 251.000
-315.000 231.000 307.000 231.000
104.000 231.000 104.000 -78.000
17.000 -179.000 291.000 -179.000
-10.000 -159.000 -10.000 -312.000
-470.000 -344.000 262.000 -344.000
232.000 378.000 193.000 378.000
-349.000 342.000 -297.000 342.000
-36.000 -371.000 -328.000 -371.000
-53.000 -116.000 -53.000 -474.000
330.000 -342.000 330.000 -382.000
-385.000 486.000 -385.000 196.000
-147.000 471.000 -261.000 471.000
-458.000 -353.000 -208.000 -353.000
233.000 234.000 128.000 234.000
-28.000 152.000 -37.000 152.000
310.000 398.000 409.000 398.000
-49.000 -124.000 -416.000 -124.000
100.000 -173.000 292.000 -173.000
-490.000 219.000 -311.000 219.000
480.000 316.000 480.000 -35.000
26.000 311.000 45.000 311.000
-395.000 19.000 -488.000 19.000
-475.000 -317.000 -475.000 -258.000
-422.000 -172.000 69.000 -172.000
-175.000 336.000 -175.000 334.000
5 47
192.000 195.000 192.000 288.000
138.000 242.000 237.000 242.000
135.000 213.000 237.000 213.000
52.000 233.000 121.000 233.000
388.000 -55.000 388.000 131.000
192.000 288.000 192.000 -396.000
-491.000 -248.000 -491.000 287.000
-241.000 -460.000 383.000 -460.000
217.000 -474.000 -419.000 -474.000
-483.000 455.000 326.000 455.000
-12.000 -491.000 422.000 -491.000
-380.000 -471.000 274.000 -471.000
139.000 52.000 40.000 52.000
-491.000 -280.000 -152.000 -280.000
-304.000 269.000 -304.000 56.000
4.000 -164.000 207.000 -164.000
-69.000 423.000 352.000 423.000
119.000 30.000 119.000 -226.000
-73.000 -216.000 -73.000 -65.000
-129.000 435.000 -129.000 179.000
-110.000 -474.000 268.000 -474.000
281.000 47.000 436.000 47.000
-99.000 174.000 -99.000 -17.000
156.000 -127.000 156.000 -408.000
-389.000 479.000 -337.000 479.000
-255.000 -329.000 -225.000 -329.000
183.000 113.000 183.000 -197.000
-25.000 -195.000 -126.000 -195.000
225.000 138.000 33.000 138.000
491.000 -31.000 491.000 178.000
184.000 148.000 184.000 153.000
398.000 172.000 398.000 307.000
138.000 242.000 385.000 242.000
-244.000 -306.000 32.000 -306.000
373.000 34.000 -346.000 34.000
122.000 467.000 -144.000 467.000
477.000 396.000 -146.000 396.000
135.000 213.000 349.000 213.000
249.000 320.000 249.000 476.000
-283.000 -402.000 -283.000 52.000
34.000 -410.000 -259.000 -410.000
-10.000 233.000 121.000 233.000
23.000 211.000 23.000 -110.000
-226.000 -261.000 -226.000 -443.000
-436.000 136.000 -131.000 136.000
-309.000 -474.000 -309.000 -379.000
-85.000 152.000 -85.000 -101.000
-475.000 -280.000 -475.000 254.000
409.000 116.000 200.000 116.000
-436.000 -84.000 -185.000 -84.000
245.000 -39.000 267.000 -39.000
-120.000 -241.000 339.000 -241.000
14 25
-181.000 -397.000 -181.000 -67.000
185.000 -56.000 277.000 -56.000
-5.000 47.000 -5.000 185.000
-289.000 -37.000 158.000 -37.000
-358.000 39.000 -215.000 39.000
-130.000 -362.000 -130.000 146.000
-358.000 -180.000 -135.000 -180.000
-23.000 171.000 277.000 171.000
-231.000 -127.000 -231.000 -62.000
-329.000 -376.000 -329.000 161.000
205.000 19.000 205.000 134.000
-180.000 -397.000 -180.000 139.000
-168.000 -397.000 -168.000 185.000
100.000 -452.000 -466.000 -452.000
-181.000 -67.000 -181.000 -484.000
185.000 -56.000 470.000 -56.000
273.000 -418.000 373.000 -418.000
393.000 346.000 69.000 346.000
-5.000 47.000 -5.000 371.000
158.000 -37.000 -289.000 -37.000
-453.000 39.000 -215.000 39.000
-1.000 414.000 39.000 414.000
95.000 384.000 95.000 427.000
-130.000 146.000 -130.000 -362.000
169.000 483.000 167.000 483.000
-135.000 -180.000 -381.000 -180.000
-59.000 -416.000 464.000 -416.000
324.000 -80.000 293.000 -80.000
438.000 171.000 -23.000 171.000
-231.000 -62.000 -231.000 -127.000
-329.000 -376.000 -329.000 161.000
205.000 19.000 205.000 134.000
305.000 55.000 305.000 124.000
31.000 331.000 -230.000 331.000
-180.000 -468.000 -180.000 139.000
197.000 -431.000 -299.000 -431.000
-490.000 398.000 -490.000 425.000
-168.000 367.000 -168.000 -468.000
-370.000 61.000 -370.000 -371.000
9 42
49.000 -106.000 49.000 -11.000
262.000 -106.000 262.000 78.000
295.000 -106.000 295.000 78.000
190.000 -106.000 190.000 78.000
13.000 -83.000 281.000 -83.000
209.000 -101.000 209.000 -14.000
188.000 -106.000 188.000 78.000
13.000 -94.000 320.000 -94.000
-239.000 -290.000 -239.000 26.000
-154.000 214.000 469.000 214.000
49.000 -11.000 49.000 -422.000
262.000 450.000 262.000 -392.000
88.000 -267.000 403.000 -267.000
295.000 154.000 295.000 -201.000
190.000 107.000 190.000 -464.000
-336.000 104.000 -336.000 -72.000
452.000 -207.000 452.000 -60.000
323.000 382.000 323.000 17.000
180.000 181.000 16.000 181.000
486.000 -328.000 360.000 -328.000
172.000 -443.000 302.000 -443.000
-19.000 402.000 -19.000 179.000
281.000 -83.000 -169.000 -83.000
-60.000 433.000 159.000 433.000
347.000 340.000 347.000 210.000
-411.000 383.000 74.000 383.000
209.000 -14.000 209.000 -101.000
188.000 297.000 188.000 -168.000
-383.000 -348.000 -383.000 5.000
-381.000 -380.000 376.000 -380.000
430.000 -251.000 -464.000 -251.000
162.000 326.000 23.000 326.000
113.000 -282.000 -469.000 -282.000
467.000 -206.000 -385.000 -206.000
-486.000 248.000 -486.000 347.000
454.000 -338.000 454.000 395.000
218.000 -123.000 173.000 -123.000
333.000 -109.000 333.000 393.000
-236.000 132.000 -222.000 132.000
-121.000 256.000 -121.000 -392.000
195.000 -161.000 471.000 -161.000
380.000 -331.000 -328.000 -331.000
242.000 -349.000 489.000 -349.000
94.000 -417.000 94.000 -205.000
-198.000 139.000 216.000 139.000
438.000 -296.000 -388.000 -296.000
-285.000 -94.000 429.000 -94.000
-368.000 376.000 58.000 376.000
333.000 131.000 -456.000 131.000
-255.000 -1.000 -255.000 450.000
-103.000 -14.000 -103.000 204.000
15 42
-99.000 -326.000 -99.000 -134.000
175.000 -326.000 175.000 -134.000
409.000 -295.000 409.000 -134.000
-366.000 -326.000 -366.000 -134.000
-44.000 -326.000 -44.000 -231.000
-265.000 -326.000 -265.000 -134.000
-404.000 -231.000 84.000 -231.000
197.000 -219.000 389.000 -219.000
-349.000 -303.000 -349.000 -134.000
434.000 -326.000 434.000 -134.000
26.000 -279.000 164.000 -279.000
200.000 -326.000 200.000 -134.000
-60.000 -326.000 -60.000 -316.000
299.000 -299.000 299.000 -134.000
156.000 -443.000 156.000 216.000
-445.000 268.000 -445.000 -176.000
14.000 -364.000 -109.000 -364.000
-429.000 -47.000 124.000 -47.000
450.000 20.000 174.000 20.000
-486.000 208.000 -486.000 88.000
83.000 119.000 83.000 415.000
-99.000 -67.000 -99.000 -476.000
175.000 -494.000 175.000 208.000
409.000 -295.000 409.000 483.000
238.000 238.000 88.000 238.000
202.000 -69.000 386.000 -69.000
-366.000 175.000 -366.000 -351.000
-379.000 381.000 -332.000 381.000
411.000 74.000 86.000 74.000
486.000 6.000 486.000 101.000
485.000 46.000 485.000 171.000
-360.000 390.000 -360.000 74.000
-66.000 84.000 -490.000 84.000
303.000 -463.000 303.000 -365.000
-44.000 -231.000 -44.000 -500.000
-274.000 -11.000 234.000 -11.000
-257.000 -338.000 -356.000 -338.000
-265.000 -418.000 -265.000 -73.000
-99.000 -489.000 81.000 -489.000
-104.000 426.000 -104.000 49.000
-437.000 -231.000 84.000 -231.000
382.000 171.000 400.000 171.000
197.000 -219.000 389.000 -219.000
-349.000 -303.000 -349.000 33.000
434.000 486.000 434.000 -474.000
26.000 -279.000 164.000 -279.000
-475.000 -480.000 -463.000 -480.000
231.000 242.000 -280.000 242.000
-103.000 -362.000 -39.000 -362.000
418.000 341.000 -204.000 341.000
-224.000 465.000 59.000 465.000
482.000 491.000 -293.000 491.000
200.000 -373.000 200.000 396.000
-60.000 -349.000 -60.000 -316.000
299.000 -299.000 299.000 368.000
437.000 440.000 437.000 58.000
-458.000 -483.000 -458.000 -154.000
8 34
263.000 -189.000 263.000 -134.000
22.000 -189.000 22.000 -95.000
-172.000 -157.000 81.000 -157.000
292.000 -188.000 292.000 -88.000
-208.000 -189.000 -208.000 -163.000
-405.000 -90.000 328.000 -90.000
180.000 -90.000 316.000 -90.000
154.000 463.000 -279.000 463.000
263.000 -448.000 263.000 -134.000
-344.000 -1.000 -344.000 90.000
-340.000 -305.000 -220.000 -305.000
-101.000 -48.000 499.000 -48.000
-60.000 418.000 -60.000 257.000
-21.000 -268.000 397.000 -268.000
178.000 -432.000 178.000 -251.000
15.000 -349.000 206.000 -349.000
22.000 -482.000 22.000 -95.000
-113.000 46.000 -267.000 46.000
208.000 116.000 -315.000 116.000
-291.000 -305.000 -291.000 -289.000
46.000 346.000 350.000 346.000
81.000 -157.000 -172.000 -157.000
-29.000 461.000 -294.000 461.000
334.000 -354.000 -82.000 -354.000
365.000 -52.000 365.000 -398.000
-354.000 65.000 439.000 65.000
77.000 199.000 77.000 87.000
471.000 24.000 -359.000 24.000
-296.000 -20.000 -296.000 35.000
-111.000 216.000 175.000 216.000
292.000 -188.000 292.000 344.000
-302.000 242.000 -302.000 230.000
-208.000 -163.000 -208.000 -321.000
214.000 77.000 214.000 64.000
427.000 -90.000 -405.000 -90.000
7.000 122.000 7.000 390.000
180.000 -90.000 316.000 -90.000
-310.000 -353.000 229.000 -353.000
224.000 227.000 224.000 -81.000
-431.000 32.000 -431.000 -191.000
130.000 310.000 130.000 363.000
145.000 390.000 145.000 131.000
9 34
285.000 -35.000 323.000 -35.000
408.000 -234.000 408.000 284.000
285.000 220.000 394.000 220.000
300.000 215.000 300.000 271.000
285.000 -227.000 472.000 -227.000
343.000 83.000 472.000 83.000
285.000 -247.000 459.000 -247.000
298.000 -308.000 298.000 -70.000
-342.000 -85.000 -342.000 375.000
323.000 -35.000 150.000 -35.000
-306.000 -21.000 174.000 -21.000
-245.000 -216.000 -245.000 -453.000
-367.000 -214.000 -18.000 -214.000
408.000 -234.000 408.000 284.000
-400.000 -437.000 -400.000 -311.000
-350.000 -227.000 -350.000 -437.000
-460.000 129.000 -202.000 129.000
118.000 -150.000 118.000 -420.000
464.000 344.000 -336.000 344.000
-424.000 -146.000 -424.000 53.000
-110.000 220.000 394.000 220.000
-170.000 -491.000 -170.000 386.000
-467.000 12.000 -467.000 -118.000
300.000 215.000 300.000 271.000
-390.000 -26.000 -316.000 -26.000
-474.000 135.000 -180.000 135.000
-443.000 -357.000 -495.000 -357.000
259.000 -451.000 -54.000 -451.000
-6.000 -428.000 -6.000 254.000
-335.000 -227.000 498.000 -227.000
-168.000 262.000 -168.000 -81.000
24.000 -372.000 3.000 -372.000
479.000 83.000 343.000 83.000
-34.000 -247.000 459.000 -247.000
-135.000 -75.000 69.000 -75.000
25.000 -354.000 -392.000 -354.000
-162.000 29.000 -225.000 29.000
129.000 39.000 129.000 -373.000
-104.000 -176.000 -104.000 40.000
272.000 382.000 252.000 382.000
444.000 476.000 219.000 476.000
243.000 -2.000 -403.000 -2.000
298.000 -365.000 298.000 -70.000
27 47
-20.000 -296.000 181.000 -296.000
-336.000 238.000 89.000 238.000
-112.000 -311.000 -112.000 137.000
-242.000 189.000 47.000 189.000
-323.000 -279.000 -7.000 -279.000
160.000 -54.000 160.000 87.000
-282.000 255.000 181.000 255.000
-148.000 -209.000 154.000 -209.000
104.000 -118.000 163.000 -118.000
-357.000 151.000 -310.000 151.000
117.000 74.000 117.000 105.000
-14.000 77.000 -14.000 155.000
-268.000 -298.000 -268.000 -64.000
-146.000 -37.000 181.000 -37.000
6.000 -280.000 6.000 218.000
-20.000 206.000 -20.000 308.000
-357.000 32.000 -310.000 32.000
-161.000 -311.000 -161.000 -32.000
-34.000 -227.000 -34.000 308.000
-357.000 -291.000 117.000 -291.000
-357.000 205.000 -130.000 205.000
-349.000 84.000 -235.000 84.000
-246.000 68.000 -246.000 233.000
-155.000 -300.000 181.000 -300.000
-209.000 -249.000 181.000 -249.000
-221.000 -58.000 -221.000 271.000
-298.000 -130.000 -298.000 365.000
349.000 296.000 434.000 296.000
348.000 424.000 348.000 384.000
200.000 27.000 200.000 -40.000
307.000 -296.000 -20.000 -296.000
-336.000 238.000 89.000 238.000
-112.000 137.000 -112.000 -420.000
60.000 -330.000 60.000 -462.000
486.000 415.000 161.000 415.000
47.000 189.000 -242.000 189.000
-323.000 -279.000 -7.000 -279.000
108.000 499.000 -172.000 499.000
196.000 -342.000 243.000 -342.000
-359.000 -310.000 -359.000 286.000
258.000 208.000 258.000 297.000
160.000 87.000 160.000 -54.000
-282.000 255.000 333.000 255.000
305.000 -492.000 305.000 30.000
-148.000 -209.000 154.000 -209.000
163.000 -118.000 104.000 -118.000
-310.000 151.000 -376.000 151.000
117.000 105.000 117.000 74.000
-14.000 77.000 -14.000 155.000
229.000 -161.000 229.000 219.000
-268.000 -64.000 -268.000 -298.000
-205.000 352.000 -11.000 352.000
315.000 -37.000 -146.000 -37.000
252.000 233.000 252.000 279.000
6.000 -280.000 6.000 218.000
49.000 471.000 199.000 471.000
-20.000 206.000 -20.000 333.000
-465.000 32.000 -310.000 32.000
-161.000 -32.000 -161.000 -342.000
-182.000 -401.000 -407.000 -401.000
-34.000 -227.000 -34.000 406.000
-442.000 -291.000 117.000 -291.000
288.000 -153.000 499.000 -153.000
487.000 -385.000 487.000 361.000
-130.000 205.000 -404.000 205.000
-349.000 84.000 -235.000 84.000
-246.000 68.000 -246.000 233.000
-89.000 499.000 -188.000 499.000
-155.000 -300.000 290.000 -300.000
302.000 -485.000 -397.000 -485.000
348.000 -249.000 -209.000 -249.000
-221.000 -58.000 -221.000 271.000
-102.000 -314.000 -442.000 -314.000
238.000 309.000 65.000 309.000
17 34
-111.000 -53.000 -111.000 309.000
-133.000 -17.000 -133.000 81.000
9.000 -53.000 9.000 -39.000
-314.000 165.000 -314.000 309.000
-302.000 201.000 -2.000 201.000
-323.000 -37.000 34.000 -37.000
-45.000 111.000 -45.000 309.000
-337.000 -53.000 -337.000 309.000
-10.000 -53.000 -10.000 309.000
-444.000 10.000 -9.000 10.000
-303.000 -53.000 -303.000 -14.000
-75.000 -17.000 41.000 -17.000
-146.000 -53.000 -146.000 199.000
-67.000 270.000 41.000 270.000
-432.000 -5.000 41.000 -5.000
-108.000 -53.000 -108.000 205.000
338.000 -285.000 338.000 385.000
122.000 -448.000 205.000 -448.000
451.000 452.000 193.000 452.000
189.000 -46.000 189.000 -268.000
206.000 -261.000 206.000 -154.000
-111.000 -109.000 -111.000 430.000
-133.000 -17.000 -133.000 81.000
9.000 -39.000 9.000 -278.000
-390.000 -115.000 0.000 -115.000
-314.000 462.000 -314.000 165.000
457.000 12.000 457.000 452.000
-302.000 201.000 -2.000 201.000
-323.000 -37.000 34.000 -37.000
-490.000 -261.000 -490.000 -25.000
454.000 -392.000 255.000 -392.000
-45.000 111.000 -45.000 368.000
-337.000 378.000 -337.000 -452.000
-10.000 -215.000 -10.000 385.000
-9.000 10.000 -477.000 10.000
-377.000 -223.000 483.000 -223.000
-299.000 500.000 113.000 500.000
-468.000 379.000 -468.000 -358.000
130.000 -183.000 -59.000 -183.000
-96.000 395.000 -96.000 399.000
-303.000 -14.000 -303.000 -434.000
358.000 -468.000 -179.000 -468.000
272.000 -17.000 -75.000 -17.000
-146.000 199.000 -146.000 -64.000
416.000 119.000 416.000 487.000
387.000 -41.000 387.000 -307.000
-67.000 270.000 200.000 270.000
280.000 -221.000 33.000 -221.000
42.000 -89.000 373.000 -89.000
331.000 -5.000 -432.000 -5.000
-108.000 -84.000 -108.000 205.000
4 31
-36.000 -348.000 -36.000 -264.000
55.000 -363.000 55.000 -264.000
178.000 -299.000 239.000 -299.000
213.000 -359.000 213.000 -264.000
390.000 -417.000 -415.000 -417.000
218.000 -400.000 -32.000 -400.000
-213.000 421.000 -213.000 248.000
8.000 -419.000 133.000 -419.000
-36.000 -348.000 -36.000 473.000
-343.000 477.000 371.000 477.000
55.000 -50.000 55.000 -481.000
-422.000 337.000 -177.000 337.000
-397.000 437.000 -397.000 195.000
-367.000 -201.000 -367.000 -11.000
-303.000 -95.000 -303.000 166.000
-477.000 -364.000 -439.000 -364.000
248.000 293.000 131.000 293.000
-291.000 150.000 431.000 150.000
313.000 404.000 228.000 404.000
178.000 -299.000 239.000 -299.000
-180.000 305.000 -180.000 -51.000
-186.000 227.000 358.000 227.000
343.000 -32.000 57.000 -32.000
-374.000 281.000 -434.000 281.000
213.000 -359.000 213.000 6.000
229.000 467.000 481.000 467.000
-201.000 148.000 -201.000 191.000
111.000 340.000 473.000 340.000
17.000 -90.000 17.000 -131.000
-487.000 139.000 -487.000 -248.000
-217.000 -448.000 338.000 -448.000
78.000 -181.000 -55.000 -181.000
-21.000 -483.000 -230.000 -483.000
-235.000 436.000 -116.000 436.000
-383.000 60.000 -366.000 60.000
