3 3
121.000 -133.000 121.000 -60.000
-60.000 -88.000 411.000 -88.000
116.000 -427.000 116.000 433.000
454.000 260.000 454.000 192.000
121.000 -133.000 121.000 315.000
-60.000 -88.000 435.000 -88.000
2 3
88.000 316.000 302.000 316.000
108.000 169.000 108.000 353.000
33.000 316.000 302.000 316.000
-223.000 -135.000 323.000 -135.000
108.000 160.000 108.000 407.000
3 2
-361.000 -423.000 -361.000 441.000
-403.000 379.000 217.000 379.000
487.000 123.000 487.000 -19.000
-361.000 -423.000 -361.000 458.000
-489.000 379.000 434.000 379.000
2 2
-254.000 77.000 -102.000 77.000
-142.000 74.000 -142.000 300.000
-268.000 77.000 -102.000 77.000
-142.000 -208.000 -142.000 480.000
4 3
57.000 -121.000 411.000 -121.000
286.000 -322.000 286.000 -120.000
293.000 -391.000 293.000 -71.000
75.000 183.000 -352.000 183.000
-430.000 -121.000 440.000 -121.000
286.000 -322.000 286.000 -120.000
293.000 -391.000 293.000 -71.000
3 3
122.000 328.000 261.000 328.000
251.000 -120.000 251.000 340.000
204.000 -120.000 204.000 202.000
122.000 328.000 261.000 328.000
251.000 -472.000 251.000 461.000
204.000 -464.000 204.000 202.000
3 3
-369.000 -407.000 37.000 -407.000
-103.000 -413.000 -103.000 -348.000
197.000 -136.000 197.000 -87.000
-369.000 -407.000 37.000 -407.000
156.000 -216.000 156.000 -316.000
-103.000 -413.000 -103.000 -348.000
2 2
-301.000 89.000 216.000 89.000
-80.000 -36.000 -80.000 471.000
-301.000 89.000 216.000 89.000
-80.000 -161.000 -80.000 471.000
3 3
-229.000 199.000 59.000 199.000
-126.000 -113.000 -126.000 207.000
-327.000 -474.000 -150.000 -474.000
-399.000 199.000 59.000 199.000
-297.000 -498.000 -297.000 248.000
-126.000 -113.000 -126.000 207.000
2 3
-17.000 287.000 178.000 287.000
77.000 176.000 77.000 319.000
330.000 479.000 -456.000 479.000
-17.000 287.000 178.000 287.000
77.000 176.000 77.000 319.000
