8 19
-402.000 -167.000 -402.000 432.000
-286.000 -325.000 -271.000 -325.000
-389.000 -168.000 -389.000 -69.000
-358.000 362.000 -358.000 426.000
-333.000 110.000 -271.000 110.000
-435.000 113.000 -271.000 113.000
-360.000 148.000 -271.000 148.000
-373.000 -411.000 37.000 -411.000
-237.000 360.000 131.000 360.000
-402.000 -167.000 -402.000 432.000
-286.000 -325.000 22.000 -325.000
-389.000 -168.000 -389.000 -69.000
472.000 -387.000 439.000 -387.000
459.000 229.000 459.000 203.000
296.000 430.000 131.000 430.000
171.000 -458.000 329.000 -458.000
-358.000 362.000 -358.000 426.000
497.000 -81.000 497.000 448.000
228.000 -419.000 228.000 -83.000
167.000 110.000 -333.000 110.000
-441.000 467.000 -244.000 467.000
-470.000 113.000 13.000 113.000
340.000 148.000 -360.000 148.000
-468.000 341.000 -468.000 267.000
-24.000 491.000 171.000 491.000
416.000 236.000 -168.000 236.000
429.000 -168.000 292.000 -168.000
3 16
-251.000 -240.000 -251.000 -100.000
-334.000 -234.000 -164.000 -234.000
-130.000 464.000 453.000 464.000
-457.000 369.000 -457.000 -142.000
285.000 -77.000 375.000 -77.000
88.000 395.000 -466.000 395.000
88.000 45.000 88.000 129.000
-251.000 -417.000 -251.000 -100.000
-452.000 0.000 -405.000 0.000
-141.000 437.000 -141.000 -243.000
-348.000 421.000 -348.000 -434.000
73.000 -320.000 384.000 -320.000
-433.000 -245.000 -433.000 112.000
26.000 -234.000 -466.000 -234.000
499.000 -364.000 499.000 -464.000
243.000 -363.000 -188.000 -363.000
-38.000 177.000 -114.000 177.000
-135.000 -378.000 -135.000 117.000
-439.000 1.000 -439.000 -443.000
3 14
-161.000 -136.000 -161.000 316.000
288.000 -143.000 288.000 -84.000
-274.000 -94.000 -91.000 -94.000
-359.000 -194.000 -359.000 -471.000
-161.000 -136.000 -161.000 316.000
458.000 -471.000 -265.000 -471.000
307.000 157.000 486.000 157.000
-162.000 -485.000 -210.000 -485.000
60.000 -444.000 60.000 -447.000
288.000 -167.000 288.000 -84.000
-161.000 -170.000 -75.000 -170.000
377.000 65.000 377.000 46.000
430.000 -249.000 286.000 -249.000
-274.000 -94.000 -91.000 -94.000
476.000 -272.000 476.000 -262.000
-411.000 -190.000 -464.000 -190.000
328.000 -500.000 328.000 144.000
4 19
-466.000 207.000 -408.000 207.000
-441.000 -137.000 -408.000 -137.000
-420.000 -284.000 -420.000 -44.000
-203.000 224.000 -203.000 -96.000
-470.000 207.000 229.000 207.000
69.000 -314.000 292.000 -314.000
323.000 105.000 323.000 -78.000
-118.000 489.000 -108.000 489.000
-212.000 -460.000 159.000 -460.000
179.000 -280.000 179.000 -26.000
-441.000 -137.000 266.000 -137.000
173.000 -179.000 173.000 -129.000
488.000 218.000 488.000 -109.000
-183.000 -319.000 -444.000 -319.000
369.000 -500.000 369.000 497.000
415.000 394.000 415.000 14.000
11.000 -101.000 11.000 -7.000
-311.000 -19.000 -311.000 -330.000
151.000 -440.000 8.000 -440.000
-420.000 -336.000 -420.000 -44.000
79.000 -418.000 79.000 437.000
175.000 184.000 -400.000 184.000
-433.000 -401.000 -112.000 -401.000
8 17
-286.000 -290.000 -286.000 -192.000
-353.000 397.000 -241.000 397.000
-353.000 -6.000 -333.000 -6.000
-251.000 29.000 -251.000 289.000
-353.000 -134.000 -241.000 -134.000
-353.000 -211.000 -241.000 -211.000
-338.000 -50.000 -338.000 410.000
-392.000 140.000 -392.000 -420.000
496.000 316.000 -208.000 316.000
-286.000 -290.000 -286.000 -192.000
-368.000 397.000 -195.000 397.000
284.000 -500.000 284.000 -343.000
-406.000 -6.000 -333.000 -6.000
-224.000 -70.000 439.000 -70.000
-251.000 29.000 -251.000 289.000
-26.000 243.000 -26.000 -323.000
-398.000 -134.000 54.000 -134.000
-116.000 89.000 -116.000 42.000
182.000 242.000 -239.000 242.000
-412.000 -127.000 -412.000 -35.000
-64.000 317.000 -27.000 317.000
-498.000 -211.000 139.000 -211.000
-82.000 -125.000 -82.000 464.000
87.000 -119.000 87.000 380.000
-338.000 -50.000 -338.000 427.000
2 17
-93.000 72.000 -93.000 204.000
-125.000 148.000 60.000 148.000
-343.000 -113.000 -366.000 -113.000
472.000 92.000 472.000 -214.000
291.000 476.000 138.000 476.000
-93.000 -475.000 -93.000 269.000
-192.000 269.000 -192.000 277.000
387.000 26.000 387.000 -229.000
277.000 225.000 -231.000 225.000
-165.000 495.000 -165.000 254.000
-97.000 -294.000 252.000 -294.000
-311.000 178.000 -311.000 146.000
273.000 -232.000 -141.000 -232.000
-450.000 -131.000 -450.000 -87.000
-265.000 -149.000 -265.000 -293.000
247.000 148.000 -153.000 148.000
-232.000 -10.000 -351.000 -10.000
346.000 -178.000 346.000 403.000
-187.000 -49.000 -187.000 479.000
9 14
-271.000 -339.000 341.000 -339.000
-110.000 -266.000 95.000 -266.000
280.000 -233.000 280.000 -41.000
394.000 -441.000 394.000 -41.000
126.000 -282.000 126.000 -244.000
51.000 -284.000 51.000 -41.000
-308.000 -252.000 -165.000 -252.000
-2.000 -316.000 276.000 -316.000
-180.000 211.000 -180.000 270.000
-271.000 -339.000 341.000 -339.000
-110.000 -266.000 95.000 -266.000
280.000 -233.000 280.000 235.000
394.000 -441.000 394.000 468.000
42.000 499.000 -255.000 499.000
185.000 451.000 185.000 210.000
344.000 -32.000 149.000 -32.000
-324.000 271.000 382.000 271.000
126.000 -282.000 126.000 -244.000
51.000 -284.000 51.000 114.000
-165.000 -252.000 -308.000 -252.000
-2.000 -316.000 276.000 -316.000
-479.000 75.000 28.000 75.000
-355.000 220.000 -355.000 285.000
6 18
417.000 156.000 447.000 156.000
459.000 -1.000 459.000 170.000
273.000 -1.000 273.000 375.000
270.000 -1.000 270.000 170.000
249.000 315.000 274.000 315.000
-108.000 287.000 -73.000 287.000
447.000 156.000 417.000 156.000
-23.000 -426.000 -182.000 -426.000
459.000 170.000 459.000 -475.000
204.000 -307.000 204.000 -153.000
-271.000 310.000 -271.000 245.000
273.000 447.000 273.000 -419.000
57.000 -97.000 57.000 -464.000
270.000 -120.000 270.000 170.000
-299.000 62.000 -299.000 -303.000
-235.000 213.000 -235.000 -171.000
-286.000 64.000 -286.000 231.000
-375.000 335.000 -28.000 335.000
176.000 -257.000 -229.000 -257.000
121.000 -192.000 229.000 -192.000
-232.000 -264.000 -232.000 199.000
-75.000 24.000 -75.000 -237.000
129.000 315.000 274.000 315.000
200.000 318.000 200.000 268.000
11 18
32.000 137.000 216.000 137.000
12.000 -186.000 12.000 17.000
-110.000 -133.000 -110.000 72.000
-122.000 -270.000 -86.000 -270.000
39.000 -210.000 216.000 -210.000
-122.000 157.000 216.000 157.000
207.000 -272.000 207.000 -194.000
53.000 -436.000 53.000 281.000
-101.000 -341.000 148.000 -341.000
134.000 60.000 216.000 60.000
189.000 -325.000 216.000 -325.000
32.000 137.000 284.000 137.000
12.000 17.000 12.000 -186.000
309.000 238.000 309.000 -241.000
371.000 0.000 371.000 -264.000
216.000 416.000 216.000 400.000
418.000 -325.000 418.000 395.000
404.000 -437.000 404.000 -252.000
493.000 -405.000 493.000 -307.000
-110.000 -133.000 -110.000 72.000
-86.000 -270.000 -331.000 -270.000
39.000 -210.000 447.000 -210.000
-268.000 157.000 422.000 157.000
207.000 -194.000 207.000 -272.000
-310.000 -246.000 -310.000 126.000
53.000 296.000 53.000 -436.000
-101.000 -341.000 148.000 -341.000
481.000 60.000 134.000 60.000
189.000 -325.000 453.000 -325.000
6 16
-158.000 43.000 -158.000 54.000
-258.000 -250.000 -9.000 -250.000
72.000 -443.000 72.000 54.000
-312.000 -350.000 105.000 -350.000
-127.000 -443.000 -127.000 54.000
-269.000 -256.000 -269.000 -302.000
-102.000 429.000 -102.000 176.000
443.000 275.000 443.000 -23.000
-114.000 136.000 66.000 136.000
-242.000 337.000 -242.000 222.000
-158.000 256.000 -158.000 43.000
124.000 476.000 -201.000 476.000
-9.000 -250.000 -258.000 -250.000
72.000 -476.000 72.000 80.000
342.000 -32.000 434.000 -32.000
-313.000 433.000 29.000 433.000
120.000 -151.000 120.000 334.000
466.000 333.000 249.000 333.000
-329.000 -350.000 492.000 -350.000
145.000 -403.000 145.000 76.000
-127.000 -458.000 -127.000 288.000
281.000 424.000 281.000 -300.000
