6 18
9.000 -405.000 9.000 -54.000
-195.000 -64.000 -195.000 226.000
-281.000 151.000 25.000 151.000
-83.000 28.000 -83.000 246.000
-142.000 -405.000 -142.000 265.000
346.000 6.000 208.000 6.000
9.000 -428.000 9.000 -54.000
-337.000 224.000 -337.000 347.000
478.000 132.000 478.000 -103.000
133.000 267.000 133.000 444.000
375.000 -329.000 496.000 -329.000
-336.000 262.000 -336.000 -105.000
-464.000 98.000 -464.000 -500.000
150.000 53.000 150.000 -311.000
-339.000 276.000 -339.000 -90.000
-332.000 -66.000 -332.000 337.000
389.000 58.000 389.000 267.000
450.000 -291.000 450.000 337.000
-195.000 -64.000 -195.000 226.000
122.000 151.000 -321.000 151.000
-166.000 430.000 310.000 430.000
-83.000 246.000 -83.000 28.000
-142.000 -407.000 -142.000 402.000
96.000 -425.000 134.000 -425.000
9 17
-298.000 -276.000 117.000 -276.000
2.000 -139.000 2.000 177.000
-298.000 230.000 -252.000 230.000
76.000 -135.000 117.000 -135.000
-298.000 -234.000 117.000 -234.000
-6.000 274.000 117.000 274.000
-298.000 -236.000 117.000 -236.000
-226.000 -346.000 -226.000 -193.000
-44.000 31.000 18.000 31.000
371.000 180.000 371.000 327.000
-427.000 -341.000 -427.000 383.000
-134.000 -382.000 105.000 -382.000
373.000 -49.000 373.000 -156.000
175.000 -405.000 357.000 -405.000
256.000 -276.000 -342.000 -276.000
-179.000 385.000 186.000 385.000
2.000 177.000 2.000 -139.000
-252.000 230.000 -423.000 230.000
76.000 -135.000 322.000 -135.000
61.000 322.000 132.000 322.000
-454.000 -109.000 -454.000 339.000
-418.000 -234.000 432.000 -234.000
-497.000 -408.000 -497.000 -439.000
-6.000 274.000 234.000 274.000
156.000 -236.000 -345.000 -236.000
-226.000 -485.000 -226.000 -193.000
7 13
-345.000 -68.000 -345.000 232.000
-187.000 -68.000 -187.000 218.000
-327.000 55.000 -45.000 55.000
-419.000 153.000 -286.000 153.000
-63.000 249.000 33.000 249.000
-361.000 -68.000 -361.000 -24.000
271.000 -254.000 -247.000 -254.000
369.000 -206.000 123.000 -206.000
-417.000 -453.000 448.000 -453.000
272.000 -463.000 272.000 -25.000
-345.000 -374.000 -345.000 232.000
-187.000 218.000 -187.000 -388.000
3.000 -463.000 3.000 -398.000
-327.000 55.000 -45.000 55.000
-486.000 -240.000 -486.000 -133.000
461.000 157.000 461.000 182.000
-490.000 153.000 -286.000 153.000
33.000 249.000 -63.000 249.000
-361.000 -456.000 -361.000 -24.000
-98.000 -465.000 -496.000 -465.000
7 13
-405.000 -268.000 -61.000 -268.000
-297.000 -76.000 -297.000 286.000
-289.000 84.000 -107.000 84.000
-160.000 41.000 -61.000 41.000
-275.000 -26.000 -275.000 286.000
-394.000 41.000 -61.000 41.000
-226.000 -306.000 -61.000 -306.000
-57.000 -413.000 114.000 -413.000
-237.000 450.000 -438.000 450.000
-126.000 -495.000 -377.000 -495.000
292.000 -268.000 -449.000 -268.000
-297.000 -76.000 -297.000 410.000
-107.000 84.000 -289.000 84.000
-160.000 41.000 171.000 41.000
-275.000 407.000 -275.000 -26.000
-394.000 41.000 424.000 41.000
-55.000 110.000 290.000 110.000
145.000 -363.000 292.000 -363.000
288.000 -306.000 -226.000 -306.000
-271.000 -340.000 276.000 -340.000
10 17
-331.000 -137.000 40.000 -137.000
-329.000 -210.000 -329.000 389.000
-306.000 228.000 -216.000 228.000
-331.000 139.000 40.000 139.000
8.000 -234.000 8.000 232.000
-204.000 -234.000 -204.000 320.000
-331.000 63.000 -11.000 63.000
-2.000 -77.000 29.000 -77.000
-203.000 18.000 -203.000 332.000
-382.000 -306.000 -323.000 -306.000
473.000 -163.000 388.000 -163.000
-355.000 -137.000 345.000 -137.000
-329.000 -210.000 -329.000 389.000
-306.000 228.000 -216.000 228.000
-336.000 139.000 418.000 139.000
477.000 -279.000 162.000 -279.000
-440.000 410.000 -440.000 154.000
8.000 232.000 8.000 -269.000
-204.000 -362.000 -204.000 320.000
-11.000 63.000 -476.000 63.000
-424.000 39.000 -500.000 39.000
-414.000 -422.000 -291.000 -422.000
-46.000 457.000 -294.000 457.000
-2.000 -77.000 29.000 -77.000
-490.000 -315.000 -91.000 -315.000
-203.000 332.000 -203.000 18.000
93.000 -98.000 93.000 -221.000
6 13
-396.000 -68.000 -396.000 100.000
-408.000 -56.000 -327.000 -56.000
-459.000 -340.000 -459.000 73.000
-376.000 398.000 -327.000 398.000
-414.000 -254.000 -327.000 -254.000
15.000 -474.000 -245.000 -474.000
-396.000 100.000 -396.000 -68.000
-162.000 -462.000 -162.000 -245.000
23.000 -56.000 -408.000 -56.000
-459.000 -340.000 -459.000 73.000
287.000 -13.000 -265.000 -13.000
235.000 127.000 64.000 127.000
-257.000 -309.000 -257.000 -259.000
-231.000 -169.000 -175.000 -169.000
247.000 -443.000 -207.000 -443.000
-376.000 398.000 -2.000 398.000
248.000 -223.000 115.000 -223.000
-275.000 -376.000 244.000 -376.000
-414.000 -254.000 277.000 -254.000
9 17
167.000 -134.000 167.000 -71.000
248.000 -195.000 248.000 403.000
-2.000 202.000 119.000 202.000
80.000 3.000 80.000 308.000
-280.000 204.000 -13.000 204.000
-15.000 30.000 -15.000 378.000
-250.000 90.000 268.000 90.000
-142.000 -120.000 234.000 -120.000
-178.000 -29.000 -178.000 162.000
478.000 259.000 478.000 491.000
167.000 -134.000 167.000 -71.000
394.000 -459.000 394.000 473.000
53.000 -485.000 -31.000 -485.000
-62.000 -366.000 -41.000 -366.000
226.000 440.000 22.000 440.000
-122.000 -358.000 -122.000 -448.000
-420.000 -335.000 -151.000 -335.000
281.000 264.000 281.000 -342.000
248.000 420.000 248.000 -405.000
-2.000 202.000 119.000 202.000
80.000 308.000 80.000 3.000
-293.000 -427.000 -260.000 -427.000
-13.000 204.000 -280.000 204.000
-15.000 30.000 -15.000 378.000
334.000 90.000 -250.000 90.000
-142.000 -120.000 234.000 -120.000
6 13
-24.000 366.000 217.000 366.000
80.000 431.000 248.000 431.000
85.000 196.000 172.000 196.000
146.000 132.000 146.000 323.000
283.000 -40.000 283.000 433.000
-24.000 301.000 109.000 301.000
-167.000 278.000 -97.000 278.000
217.000 366.000 -334.000 366.000
80.000 431.000 248.000 431.000
-156.000 498.000 -156.000 224.000
85.000 196.000 172.000 196.000
146.000 132.000 146.000 323.000
-345.000 -122.000 -345.000 -70.000
283.000 449.000 283.000 -104.000
-407.000 -443.000 -418.000 -443.000
-280.000 -251.000 484.000 -251.000
109.000 301.000 -404.000 301.000
-51.000 -386.000 -51.000 393.000
264.000 -82.000 -243.000 -82.000
3 10
22.000 -453.000 22.000 -136.000
-96.000 -259.000 409.000 -259.000
-301.000 -154.000 -301.000 -182.000
-249.000 -96.000 -249.000 42.000
22.000 -107.000 22.000 -453.000
-147.000 443.000 -147.000 314.000
-91.000 13.000 -91.000 457.000
-384.000 196.000 -384.000 383.000
-108.000 -259.000 451.000 -259.000
-265.000 -359.000 -265.000 308.000
-399.000 -285.000 -399.000 -303.000
340.000 128.000 263.000 128.000
-182.000 245.000 162.000 245.000
5 12
-312.000 -456.000 176.000 -456.000
-133.000 -326.000 176.000 -326.000
-83.000 -312.000 146.000 -312.000
-23.000 -355.000 -23.000 -278.000
-414.000 16.000 -21.000 16.000
-133.000 194.000 124.000 194.000
202.000 -456.000 -312.000 -456.000
-133.000 -326.000 259.000 -326.000
34.000 81.000 88.000 81.000
146.000 -312.000 -83.000 -312.000
-500.000 -77.000 -320.000 -77.000
337.000 166.000 450.000 166.000
-30.000 -129.000 -410.000 -129.000
-23.000 -355.000 -23.000 -219.000
-360.000 28.000 -82.000 28.000
477.000 -356.000 477.000 210.000
157.000 -138.000 157.000 -93.000
