20 32
-49.000 -257.000 -49.000 -108.000
270.000 -207.000 270.000 60.000
-292.000 59.000 -292.000 322.000
-269.000 207.000 263.000 207.000
-282.000 -35.000 -265.000 -35.000
91.000 -75.000 133.000 -75.000
-319.000 -12.000 120.000 -12.000
-67.000 -49.000 291.000 -49.000
-313.000 -257.000 -313.000 -174.000
-226.000 -83.000 291.000 -83.000
-281.000 -75.000 291.000 -75.000
184.000 -184.000 264.000 -184.000
-309.000 340.000 26.000 340.000
4.000 371.000 291.000 371.000
-319.000 320.000 291.000 320.000
-319.000 60.000 -55.000 60.000
-124.000 127.000 175.000 127.000
-106.000 -257.000 -106.000 408.000
184.000 119.000 184.000 146.000
390.000 364.000 390.000 -448.000
-49.000 -108.000 -49.000 -415.000
58.000 -490.000 413.000 -490.000
270.000 60.000 270.000 -207.000
-292.000 322.000 -292.000 59.000
-429.000 -415.000 -331.000 -415.000
263.000 207.000 -269.000 207.000
-265.000 -35.000 -282.000 -35.000
133.000 -75.000 91.000 -75.000
477.000 -159.000 308.000 -159.000
120.000 -12.000 -364.000 -12.000
391.000 -49.000 -67.000 -49.000
-313.000 -404.000 -313.000 -174.000
-294.000 -417.000 207.000 -417.000
474.000 201.000 474.000 464.000
-226.000 -83.000 485.000 -83.000
482.000 420.000 482.000 -467.000
483.000 456.000 483.000 -83.000
-281.000 -75.000 357.000 -75.000
184.000 -184.000 264.000 -184.000
-309.000 340.000 26.000 340.000
-171.000 -453.000 -285.000 -453.000
367.000 371.000 4.000 371.000
497.000 -360.000 497.000 -226.000
-350.000 -441.000 -456.000 -441.000
345.000 320.000 -359.000 320.000
-403.000 -337.000 143.000 -337.000
-259.000 414.000 224.000 414.000
-55.000 60.000 -472.000 60.000
-124.000 127.000 175.000 127.000
-106.000 -431.000 -106.000 446.000
184.000 119.000 184.000 146.000
-497.000 -475.000 -497.000 -440.000
11 38
-182.000 -160.000 248.000 -160.000
-321.000 -288.000 -321.000 -155.000
-353.000 -288.000 -353.000 -155.000
-52.000 -216.000 -52.000 -155.000
21.000 -260.000 416.000 -260.000
81.000 -194.000 282.000 -194.000
201.000 -288.000 201.000 -155.000
-186.000 -288.000 -186.000 -155.000
442.000 -288.000 442.000 -155.000
88.000 -288.000 88.000 -155.000
226.000 297.000 226.000 346.000
423.000 492.000 -440.000 492.000
78.000 -130.000 98.000 -130.000
-114.000 -341.000 84.000 -341.000
-60.000 16.000 151.000 16.000
196.000 457.000 182.000 457.000
256.000 484.000 25.000 484.000
-182.000 -160.000 248.000 -160.000
-321.000 -458.000 -321.000 251.000
-353.000 -426.000 -353.000 246.000
-52.000 -216.000 -52.000 166.000
-277.000 275.000 304.000 275.000
176.000 141.000 -232.000 141.000
372.000 -137.000 372.000 304.000
181.000 141.000 181.000 -128.000
-428.000 59.000 -278.000 59.000
21.000 -260.000 416.000 -260.000
282.000 -194.000 81.000 -194.000
-225.000 -67.000 -225.000 67.000
-484.000 -44.000 437.000 -44.000
201.000 -297.000 201.000 447.000
331.000 84.000 141.000 84.000
-186.000 -499.000 -186.000 448.000
345.000 349.000 345.000 185.000
-382.000 232.000 -382.000 379.000
442.000 -445.000 442.000 143.000
158.000 -353.000 -268.000 -353.000
475.000 -62.000 475.000 26.000
-245.000 463.000 -245.000 247.000
88.000 138.000 88.000 -442.000
-365.000 -479.000 388.000 -479.000
-63.000 -38.000 -198.000 -38.000
193.000 32.000 -200.000 32.000
-104.000 -39.000 -388.000 -39.000
246.000 186.000 297.000 186.000
255.000 223.000 255.000 393.000
-458.000 -100.000 -458.000 228.000
-362.000 -131.000 -474.000 -131.000
-329.000 30.000 66.000 30.000
9 37
-369.000 74.000 -369.000 147.000
-360.000 90.000 406.000 90.000
-31.000 74.000 -31.000 165.000
-135.000 74.000 -135.000 122.000
-172.000 116.000 88.000 116.000
-222.000 82.000 285.000 82.000
-258.000 155.000 385.000 155.000
-150.000 74.000 -150.000 165.000
-447.000 -219.000 191.000 -219.000
-219.000 -17.000 -219.000 -296.000
7.000 -366.000 495.000 -366.000
-94.000 -39.000 -255.000 -39.000
166.000 -139.000 -190.000 -139.000
-369.000 -414.000 -369.000 147.000
318.000 325.000 318.000 346.000
448.000 425.000 -280.000 425.000
-360.000 90.000 406.000 90.000
-452.000 -416.000 273.000 -416.000
-31.000 32.000 -31.000 188.000
-352.000 -473.000 -352.000 25.000
74.000 -113.000 434.000 -113.000
-135.000 122.000 -135.000 -366.000
-131.000 -313.000 -3.000 -313.000
110.000 -42.000 -411.000 -42.000
136.000 375.000 301.000 375.000
88.000 116.000 -172.000 116.000
-347.000 -491.000 472.000 -491.000
-388.000 -70.000 -388.000 -359.000
-365.000 191.000 -82.000 191.000
315.000 356.000 315.000 266.000
307.000 -326.000 124.000 -326.000
409.000 -30.000 327.000 -30.000
468.000 -47.000 468.000 261.000
-207.000 -415.000 -207.000 -473.000
-483.000 -173.000 -157.000 -173.000
320.000 -153.000 320.000 -258.000
-207.000 -76.000 -207.000 -213.000
285.000 82.000 -222.000 82.000
-21.000 -248.000 -21.000 -484.000
353.000 -176.000 353.000 -442.000
42.000 318.000 -267.000 318.000
-382.000 -422.000 274.000 -422.000
-258.000 155.000 385.000 155.000
61.000 326.000 167.000 326.000
155.000 181.000 207.000 181.000
-150.000 468.000 -150.000 -21.000
10 38
-139.000 90.000 241.000 90.000
-139.000 156.000 69.000 156.000
172.000 9.000 172.000 292.000
-14.000 146.000 -14.000 319.000
-32.000 9.000 -32.000 319.000
-139.000 131.000 241.000 131.000
-139.000 226.000 183.000 226.000
-139.000 208.000 173.000 208.000
-139.000 264.000 241.000 264.000
-191.000 107.000 -191.000 339.000
-337.000 90.000 298.000 90.000
-278.000 -238.000 -278.000 301.000
-3.000 -275.000 106.000 -275.000
456.000 -166.000 456.000 -139.000
69.000 156.000 -160.000 156.000
172.000 -316.000 172.000 292.000
-337.000 492.000 -337.000 -308.000
-14.000 146.000 -14.000 414.000
469.000 -466.000 23.000 -466.000
-32.000 392.000 -32.000 -185.000
145.000 473.000 -234.000 473.000
-109.000 381.000 -289.000 381.000
-464.000 -442.000 -464.000 269.000
58.000 -495.000 58.000 -53.000
-341.000 -165.000 -389.000 -165.000
-238.000 21.000 -238.000 -224.000
-110.000 -59.000 -110.000 -247.000
363.000 131.000 -416.000 131.000
-397.000 226.000 183.000 226.000
396.000 78.000 396.000 -421.000
-451.000 -405.000 -18.000 -405.000
-433.000 208.000 173.000 208.000
1.000 -458.000 41.000 -458.000
-420.000 180.000 -420.000 178.000
-280.000 -149.000 191.000 -149.000
-219.000 -191.000 -219.000 -158.000
294.000 347.000 294.000 132.000
228.000 -71.000 233.000 -71.000
401.000 -104.000 401.000 70.000
261.000 92.000 261.000 452.000
476.000 430.000 -283.000 430.000
-310.000 -268.000 470.000 -268.000
-42.000 -282.000 225.000 -282.000
406.000 264.000 -212.000 264.000
-127.000 371.000 -428.000 371.000
-312.000 154.000 -335.000 154.000
-470.000 -326.000 426.000 -326.000
-260.000 3.000 -242.000 3.000
15 36
-260.000 -381.000 400.000 -381.000
-105.000 -268.000 171.000 -268.000
75.000 -446.000 75.000 29.000
-260.000 -447.000 -38.000 -447.000
-189.000 -33.000 -189.000 -32.000
341.000 -396.000 341.000 29.000
50.000 -181.000 50.000 29.000
341.000 -460.000 341.000 -167.000
-257.000 -349.000 68.000 -349.000
79.000 -276.000 79.000 29.000
102.000 -270.000 102.000 -147.000
-260.000 -65.000 0.000 -65.000
-155.000 -332.000 -155.000 -326.000
-260.000 -47.000 -128.000 -47.000
-194.000 -391.000 -78.000 -391.000
285.000 173.000 285.000 230.000
-376.000 327.000 -261.000 327.000
-281.000 161.000 -277.000 161.000
-416.000 185.000 -416.000 -439.000
474.000 -381.000 -487.000 -381.000
-154.000 232.000 331.000 232.000
-387.000 -112.000 -387.000 275.000
171.000 -268.000 -105.000 -268.000
-323.000 -229.000 -323.000 -147.000
-128.000 135.000 431.000 135.000
75.000 -446.000 75.000 127.000
-399.000 -186.000 -399.000 -424.000
-424.000 56.000 -424.000 81.000
-418.000 -447.000 -38.000 -447.000
105.000 362.000 56.000 362.000
-31.000 466.000 -31.000 459.000
255.000 380.000 255.000 332.000
466.000 130.000 466.000 -252.000
-319.000 -356.000 -319.000 -239.000
-189.000 -33.000 -189.000 -32.000
341.000 113.000 341.000 -396.000
-294.000 -444.000 -294.000 -73.000
-417.000 -258.000 -417.000 16.000
413.000 253.000 413.000 262.000
50.000 -181.000 50.000 387.000
341.000 -167.000 341.000 -487.000
-251.000 47.000 492.000 47.000
-315.000 421.000 -212.000 421.000
68.000 -349.000 -257.000 -349.000
79.000 -276.000 79.000 492.000
102.000 -270.000 102.000 -147.000
0.000 -65.000 -358.000 -65.000
-155.000 -332.000 -155.000 -326.000
-128.000 -47.000 -358.000 -47.000
439.000 403.000 112.000 403.000
-194.000 -391.000 -78.000 -391.000
3 42
-201.000 208.000 72.000 208.000
-95.000 204.000 -95.000 216.000
-33.000 124.000 -310.000 124.000
57.000 310.000 -286.000 310.000
-207.000 -183.000 -207.000 -369.000
109.000 -386.000 -397.000 -386.000
-378.000 -450.000 7.000 -450.000
289.000 398.000 -112.000 398.000
230.000 -141.000 -397.000 -141.000
-49.000 -342.000 -472.000 -342.000
483.000 356.000 483.000 -174.000
-391.000 -458.000 -441.000 -458.000
-159.000 -448.000 252.000 -448.000
-415.000 -346.000 -415.000 248.000
203.000 419.000 203.000 465.000
167.000 -55.000 -73.000 -55.000
15.000 -314.000 15.000 -231.000
-240.000 208.000 72.000 208.000
307.000 -351.000 307.000 -312.000
-497.000 87.000 -497.000 -210.000
-288.000 -76.000 -288.000 -81.000
277.000 -178.000 -390.000 -178.000
221.000 307.000 -197.000 307.000
-183.000 -31.000 -50.000 -31.000
125.000 370.000 355.000 370.000
-346.000 -474.000 -346.000 -238.000
-263.000 237.000 -263.000 232.000
410.000 321.000 410.000 457.000
-60.000 -490.000 221.000 -490.000
-86.000 -363.000 -86.000 -152.000
469.000 -179.000 469.000 -350.000
-314.000 313.000 -393.000 313.000
-211.000 -69.000 -211.000 0.000
243.000 -31.000 243.000 194.000
101.000 478.000 -231.000 478.000
-186.000 290.000 342.000 290.000
-285.000 252.000 -285.000 -148.000
251.000 -187.000 -473.000 -187.000
-141.000 -397.000 2.000 -397.000
-20.000 16.000 -241.000 16.000
-373.000 -304.000 188.000 -304.000
160.000 83.000 160.000 -34.000
169.000 -178.000 -21.000 -178.000
-95.000 -237.000 -95.000 378.000
-177.000 385.000 -186.000 385.000
11 44
126.000 248.000 351.000 248.000
-78.000 242.000 472.000 242.000
53.000 307.000 273.000 307.000
-78.000 288.000 465.000 288.000
468.000 196.000 468.000 285.000
-78.000 203.000 181.000 203.000
41.000 196.000 41.000 379.000
167.000 196.000 167.000 305.000
215.000 196.000 215.000 352.000
75.000 274.000 75.000 378.000
-278.000 -336.000 69.000 -336.000
256.000 -266.000 177.000 -266.000
19.000 -28.000 19.000 -110.000
349.000 88.000 414.000 88.000
230.000 56.000 230.000 -47.000
-352.000 498.000 -272.000 498.000
-87.000 481.000 -87.000 441.000
121.000 161.000 121.000 10.000
-115.000 -404.000 -356.000 -404.000
-65.000 69.000 -65.000 -260.000
351.000 248.000 126.000 248.000
382.000 40.000 11.000 40.000
485.000 359.000 485.000 -298.000
-217.000 106.000 -217.000 14.000
-327.000 1.000 -327.000 -307.000
74.000 79.000 452.000 79.000
-311.000 -34.000 -311.000 -229.000
-379.000 242.000 474.000 242.000
174.000 -254.000 387.000 -254.000
53.000 307.000 273.000 307.000
465.000 288.000 -344.000 288.000
468.000 285.000 468.000 -268.000
328.000 -308.000 328.000 -85.000
-293.000 424.000 414.000 424.000
-303.000 -112.000 -475.000 -112.000
-450.000 203.000 181.000 203.000
271.000 -224.000 404.000 -224.000
-423.000 -218.000 -423.000 -362.000
289.000 -179.000 480.000 -179.000
136.000 -148.000 -123.000 -148.000
41.000 384.000 41.000 -317.000
392.000 -410.000 158.000 -410.000
43.000 23.000 43.000 109.000
152.000 -96.000 -425.000 -96.000
-12.000 -251.000 -12.000 -346.000
-313.000 98.000 -313.000 191.000
167.000 305.000 167.000 -356.000
215.000 -166.000 215.000 352.000
75.000 274.000 75.000 378.000
-366.000 -348.000 -366.000 60.000
219.000 -394.000 219.000 -269.000
-478.000 178.000 -44.000 178.000
234.000 -83.000 234.000 -369.000
459.000 -173.000 459.000 72.000
-391.000 -341.000 -391.000 -163.000
5 44
327.000 -265.000 390.000 -265.000
376.000 -340.000 376.000 5.000
327.000 -329.000 382.000 -329.000
327.000 -10.000 354.000 -10.000
163.000 55.000 163.000 -237.000
-52.000 348.000 -285.000 348.000
-22.000 -443.000 -22.000 -497.000
390.000 -265.000 -96.000 -265.000
-427.000 -224.000 -427.000 -116.000
280.000 123.000 280.000 -288.000
113.000 231.000 -22.000 231.000
-94.000 -437.000 316.000 -437.000
-95.000 368.000 -478.000 368.000
-242.000 -107.000 -242.000 -207.000
317.000 -234.000 292.000 -234.000
318.000 -27.000 318.000 -184.000
-352.000 -190.000 -352.000 456.000
-293.000 244.000 305.000 244.000
-471.000 -259.000 -471.000 190.000
347.000 152.000 347.000 95.000
-289.000 -425.000 272.000 -425.000
-430.000 415.000 310.000 415.000
376.000 16.000 376.000 -442.000
-262.000 -425.000 -262.000 418.000
382.000 -329.000 -381.000 -329.000
-166.000 449.000 316.000 449.000
-182.000 300.000 -182.000 9.000
-368.000 -22.000 303.000 -22.000
109.000 267.000 -62.000 267.000
-186.000 -249.000 -61.000 -249.000
483.000 242.000 268.000 242.000
374.000 302.000 -177.000 302.000
115.000 45.000 -292.000 45.000
324.000 -341.000 324.000 -46.000
255.000 53.000 -89.000 53.000
354.000 -10.000 -250.000 -10.000
229.000 -234.000 59.000 -234.000
-79.000 -147.000 -79.000 219.000
334.000 334.000 -124.000 334.000
-116.000 83.000 -116.000 -463.000
-236.000 363.000 -236.000 -126.000
-422.000 387.000 -123.000 387.000
160.000 163.000 -134.000 163.000
-226.000 -221.000 -226.000 109.000
38.000 351.000 38.000 400.000
-3.000 315.000 -3.000 -130.000
-65.000 193.000 395.000 193.000
-65.000 -356.000 -65.000 -278.000
-177.000 71.000 -177.000 291.000
16 49
79.000 -209.000 295.000 -209.000
289.000 -345.000 289.000 -21.000
146.000 -268.000 295.000 -268.000
208.000 -345.000 208.000 -21.000
-108.000 -166.000 -108.000 -21.000
-167.000 -345.000 -167.000 -21.000
127.000 -345.000 127.000 -21.000
-201.000 -345.000 -201.000 -21.000
-144.000 -219.000 -144.000 -21.000
-248.000 -135.000 -198.000 -135.000
-91.000 -345.000 -91.000 -21.000
-156.000 -94.000 -156.000 -21.000
149.000 -69.000 149.000 -21.000
-248.000 -129.000 -206.000 -129.000
17.000 -345.000 17.000 -309.000
298.000 36.000 298.000 104.000
406.000 -209.000 79.000 -209.000
-392.000 -10.000 -392.000 -234.000
128.000 -1.000 480.000 -1.000
229.000 279.000 229.000 184.000
92.000 -362.000 -249.000 -362.000
61.000 28.000 431.000 28.000
-292.000 -351.000 -292.000 -378.000
74.000 -427.000 17.000 -427.000
289.000 281.000 289.000 -429.000
-492.000 -125.000 -492.000 -279.000
486.000 -268.000 146.000 -268.000
-457.000 -450.000 -457.000 183.000
208.000 -476.000 208.000 246.000
-329.000 54.000 -329.000 412.000
-108.000 273.000 -108.000 -166.000
-253.000 363.000 -165.000 363.000
225.000 88.000 225.000 280.000
-389.000 129.000 -389.000 -218.000
-83.000 417.000 -83.000 173.000
262.000 350.000 392.000 350.000
-126.000 220.000 -216.000 220.000
-339.000 377.000 343.000 377.000
-167.000 256.000 -167.000 -458.000
475.000 -492.000 475.000 204.000
305.000 325.000 263.000 325.000
149.000 298.000 -442.000 298.000
127.000 -348.000 127.000 215.000
424.000 -262.000 424.000 -196.000
-201.000 462.000 -201.000 -401.000
-144.000 292.000 -144.000 -219.000
-251.000 -135.000 -198.000 -135.000
463.000 -13.000 463.000 -363.000
-91.000 -439.000 -91.000 254.000
-255.000 430.000 500.000 430.000
-156.000 -94.000 -156.000 460.000
-277.000 81.000 251.000 81.000
-494.000 -345.000 -494.000 -280.000
-322.000 395.000 -322.000 331.000
145.000 97.000 -128.000 97.000
102.000 78.000 20.000 78.000
444.000 301.000 -12.000 301.000
149.000 -69.000 149.000 156.000
-446.000 169.000 -446.000 -23.000
248.000 -433.000 -128.000 -433.000
-456.000 -129.000 -206.000 -129.000
-266.000 -155.000 -266.000 -303.000
17.000 -389.000 17.000 -309.000
-298.000 89.000 -298.000 278.000
67.000 447.000 67.000 349.000
3 33
-241.000 -300.000 72.000 -300.000
-241.000 -306.000 -208.000 -306.000
-195.000 -327.000 -195.000 -297.000
424.000 178.000 473.000 178.000
376.000 0.000 68.000 0.000
-371.000 -306.000 -371.000 106.000
-1.000 465.000 -1.000 33.000
426.000 -292.000 426.000 -99.000
-371.000 -250.000 345.000 -250.000
-424.000 -300.000 482.000 -300.000
-171.000 116.000 -20.000 116.000
437.000 -278.000 -307.000 -278.000
367.000 191.000 367.000 315.000
239.000 -294.000 -217.000 -294.000
-483.000 -459.000 -483.000 -473.000
-476.000 184.000 -177.000 184.000
350.000 17.000 252.000 17.000
497.000 359.000 481.000 359.000
8.000 500.000 8.000 171.000
429.000 -307.000 429.000 -313.000
-291.000 -306.000 -208.000 -306.000
258.000 430.000 258.000 186.000
356.000 -194.000 356.000 -450.000
122.000 414.000 -270.000 414.000
-166.000 -23.000 -499.000 -23.000
-394.000 -253.000 -129.000 -253.000
-245.000 474.000 342.000 474.000
-421.000 -412.000 412.000 -412.000
198.000 44.000 -447.000 44.000
-430.000 191.000 -430.000 -165.000
163.000 22.000 343.000 22.000
253.000 -54.000 -314.000 -54.000
-288.000 -395.000 -288.000 233.000
-195.000 -387.000 -195.000 183.000
-344.000 409.000 -19.000 409.000
310.000 480.000 310.000 -227.000
