12 33
220.000 -120.000 220.000 100.000
340.000 -99.000 366.000 -99.000
-7.000 -42.000 316.000 -42.000
226.000 -120.000 226.000 100.000
170.000 -120.000 170.000 100.000
-7.000 82.000 257.000 82.000
-7.000 1.000 366.000 1.000
204.000 -120.000 204.000 100.000
84.000 -102.000 84.000 100.000
39.000 -120.000 39.000 -98.000
-7.000 73.000 366.000 73.000
-452.000 -309.000 -452.000 -435.000
220.000 424.000 220.000 -500.000
467.000 -99.000 340.000 -99.000
-457.000 -42.000 316.000 -42.000
-20.000 422.000 467.000 422.000
164.000 226.000 -182.000 226.000
172.000 419.000 172.000 348.000
-271.000 481.000 112.000 481.000
-168.000 -454.000 -168.000 420.000
260.000 -384.000 260.000 -339.000
226.000 290.000 226.000 -436.000
58.000 107.000 -224.000 107.000
-68.000 271.000 -84.000 271.000
170.000 482.000 170.000 -213.000
257.000 82.000 -458.000 82.000
-256.000 125.000 -256.000 185.000
-262.000 249.000 -262.000 105.000
-326.000 1.000 387.000 1.000
204.000 188.000 204.000 -208.000
84.000 -102.000 84.000 185.000
-275.000 -320.000 -275.000 -310.000
275.000 277.000 275.000 162.000
-341.000 274.000 -341.000 305.000
-142.000 227.000 -142.000 58.000
-484.000 -326.000 -285.000 -326.000
39.000 -171.000 39.000 -98.000
185.000 280.000 214.000 280.000
-420.000 -34.000 -233.000 -34.000
459.000 73.000 -298.000 73.000
472.000 341.000 148.000 341.000
-28.000 -398.000 -28.000 -214.000
-243.000 60.000 -243.000 -370.000
234.000 -460.000 228.000 -460.000
-232.000 -166.000 -232.000 187.000
4 25
-145.000 114.000 -69.000 114.000
-145.000 237.000 -69.000 237.000
-117.000 37.000 -117.000 200.000
183.000 -446.000 183.000 389.000
-280.000 -209.000 -280.000 308.000
414.000 -498.000 414.000 -76.000
-471.000 -270.000 -471.000 -327.000
377.000 -443.000 -500.000 -443.000
205.000 71.000 205.000 33.000
235.000 -491.000 312.000 -491.000
297.000 26.000 -460.000 26.000
-269.000 114.000 445.000 114.000
-460.000 -84.000 -460.000 -422.000
454.000 -260.000 349.000 -260.000
158.000 -195.000 158.000 84.000
-320.000 -481.000 493.000 -481.000
143.000 -464.000 143.000 63.000
258.000 -367.000 258.000 -312.000
-100.000 13.000 370.000 13.000
-304.000 237.000 47.000 237.000
36.000 -38.000 -392.000 -38.000
-41.000 401.000 -41.000 220.000
176.000 -403.000 176.000 -115.000
-47.000 -47.000 -47.000 217.000
150.000 302.000 150.000 -98.000
-385.000 -392.000 -385.000 -315.000
320.000 -141.000 -377.000 -141.000
-57.000 -486.000 115.000 -486.000
-117.000 200.000 -117.000 -445.000
18 37
-151.000 -103.000 -151.000 212.000
-224.000 -33.000 -215.000 -33.000
-224.000 150.000 163.000 150.000
-147.000 -108.000 -147.000 -12.000
-224.000 149.000 163.000 149.000
-175.000 -353.000 -175.000 162.000
-224.000 -197.000 163.000 -197.000
28.000 -144.000 163.000 -144.000
159.000 -257.000 163.000 -257.000
-224.000 92.000 -47.000 92.000
-211.000 -88.000 -211.000 -20.000
-224.000 -320.000 163.000 -320.000
135.000 -333.000 135.000 113.000
-117.000 30.000 163.000 30.000
-107.000 136.000 -107.000 218.000
-224.000 -26.000 163.000 -26.000
17.000 -392.000 17.000 218.000
-489.000 -435.000 -489.000 -473.000
-151.000 212.000 -151.000 -103.000
499.000 196.000 499.000 -272.000
-229.000 3.000 -356.000 3.000
237.000 470.000 237.000 -244.000
-448.000 225.000 -448.000 -41.000
293.000 86.000 271.000 86.000
-215.000 -33.000 -301.000 -33.000
308.000 -324.000 355.000 -324.000
221.000 150.000 -310.000 150.000
-147.000 -108.000 -147.000 -12.000
483.000 273.000 483.000 -250.000
-57.000 432.000 357.000 432.000
-494.000 149.000 472.000 149.000
-175.000 162.000 -175.000 -353.000
438.000 106.000 438.000 -102.000
351.000 -344.000 351.000 -186.000
-427.000 -361.000 -238.000 -361.000
-253.000 -500.000 -191.000 -500.000
334.000 58.000 287.000 58.000
-303.000 -197.000 334.000 -197.000
28.000 -144.000 451.000 -144.000
242.000 -425.000 -127.000 -425.000
425.000 -253.000 425.000 -284.000
363.000 7.000 363.000 -465.000
438.000 -257.000 159.000 -257.000
-254.000 92.000 -47.000 92.000
258.000 381.000 258.000 -45.000
-393.000 178.000 -393.000 302.000
-211.000 -20.000 -211.000 -88.000
436.000 -320.000 -345.000 -320.000
135.000 113.000 135.000 -333.000
-117.000 30.000 185.000 30.000
424.000 -334.000 424.000 130.000
278.000 -490.000 -249.000 -490.000
-107.000 136.000 -107.000 403.000
439.000 -26.000 -289.000 -26.000
17.000 352.000 17.000 -392.000
3 31
-293.000 -336.000 -199.000 -336.000
-280.000 -357.000 -280.000 -246.000
-374.000 -447.000 -9.000 -447.000
0.000 264.000 0.000 39.000
-400.000 -336.000 -176.000 -336.000
-309.000 379.000 -309.000 329.000
210.000 -256.000 210.000 -347.000
-86.000 -147.000 277.000 -147.000
-64.000 -30.000 -192.000 -30.000
288.000 -318.000 288.000 -363.000
-280.000 -246.000 -280.000 -439.000
-450.000 -148.000 -450.000 158.000
346.000 428.000 -211.000 428.000
-399.000 -155.000 -399.000 -230.000
-377.000 306.000 -74.000 306.000
13.000 123.000 -98.000 123.000
429.000 426.000 429.000 -93.000
-477.000 -314.000 -478.000 -314.000
-467.000 -198.000 -467.000 42.000
-386.000 -135.000 -386.000 431.000
-307.000 -443.000 -60.000 -443.000
40.000 4.000 40.000 -38.000
-141.000 -120.000 -141.000 95.000
-146.000 -42.000 -146.000 455.000
185.000 84.000 -333.000 84.000
327.000 31.000 201.000 31.000
220.000 -458.000 316.000 -458.000
-108.000 -204.000 38.000 -204.000
-431.000 -340.000 -431.000 428.000
-427.000 15.000 280.000 15.000
-198.000 207.000 337.000 207.000
52.000 168.000 488.000 168.000
497.000 -210.000 271.000 -210.000
76.000 -441.000 -209.000 -441.000
20 49
-230.000 379.000 7.000 379.000
-202.000 13.000 -8.000 13.000
-186.000 -353.000 -186.000 -134.000
-183.000 -204.000 -183.000 -115.000
-208.000 243.000 7.000 243.000
-195.000 213.000 7.000 213.000
-174.000 362.000 7.000 362.000
-126.000 38.000 7.000 38.000
-230.000 343.000 7.000 343.000
-97.000 232.000 7.000 232.000
-56.000 97.000 -56.000 108.000
-230.000 45.000 -167.000 45.000
-112.000 165.000 -12.000 165.000
-47.000 -320.000 7.000 -320.000
-230.000 -313.000 7.000 -313.000
-144.000 -170.000 -144.000 -12.000
-187.000 254.000 7.000 254.000
-230.000 147.000 -147.000 147.000
-230.000 -317.000 -143.000 -317.000
-203.000 399.000 -360.000 399.000
-329.000 379.000 34.000 379.000
-242.000 476.000 319.000 476.000
135.000 36.000 135.000 157.000
64.000 278.000 64.000 -400.000
-308.000 -312.000 -308.000 -180.000
254.000 97.000 251.000 97.000
425.000 -81.000 425.000 69.000
-8.000 13.000 -202.000 13.000
-186.000 -134.000 -186.000 -353.000
-316.000 447.000 -316.000 156.000
-183.000 -115.000 -183.000 -204.000
430.000 364.000 430.000 115.000
219.000 243.000 -208.000 243.000
57.000 213.000 -195.000 213.000
36.000 493.000 36.000 194.000
472.000 462.000 376.000 462.000
386.000 362.000 -174.000 362.000
-126.000 38.000 378.000 38.000
-462.000 -437.000 -462.000 -257.000
351.000 -152.000 351.000 415.000
235.000 343.000 -398.000 343.000
-257.000 77.000 -257.000 452.000
-284.000 -466.000 -284.000 71.000
-310.000 -52.000 -310.000 -413.000
-97.000 232.000 185.000 232.000
421.000 151.000 421.000 -69.000
-329.000 -180.000 -329.000 143.000
233.000 106.000 233.000 -294.000
-56.000 97.000 -56.000 108.000
-255.000 45.000 -167.000 45.000
-112.000 165.000 -12.000 165.000
293.000 202.000 495.000 202.000
253.000 -411.000 95.000 -411.000
-376.000 -402.000 -376.000 156.000
-47.000 -320.000 427.000 -320.000
486.000 -313.000 -419.000 -313.000
-144.000 -170.000 -144.000 -12.000
232.000 326.000 232.000 -14.000
-187.000 254.000 258.000 254.000
-344.000 -202.000 -247.000 -202.000
101.000 -498.000 480.000 -498.000
258.000 -490.000 258.000 311.000
-301.000 121.000 -301.000 -480.000
193.000 -8.000 193.000 -443.000
-147.000 147.000 -381.000 147.000
-422.000 -232.000 -422.000 -138.000
-143.000 -317.000 -315.000 -317.000
367.000 -305.000 367.000 -323.000
13.000 315.000 492.000 315.000
4 26
-88.000 -194.000 -65.000 -194.000
-186.000 -232.000 -186.000 -115.000
-215.000 -226.000 -65.000 -226.000
-252.000 -293.000 -252.000 -115.000
270.000 273.000 234.000 273.000
130.000 461.000 130.000 -104.000
281.000 -194.000 -88.000 -194.000
-186.000 -108.000 -186.000 -232.000
-36.000 499.000 250.000 499.000
117.000 102.000 117.000 -282.000
157.000 73.000 500.000 73.000
-16.000 285.000 -16.000 150.000
415.000 -242.000 161.000 -242.000
349.000 462.000 192.000 462.000
474.000 290.000 474.000 54.000
496.000 -6.000 496.000 -75.000
58.000 -159.000 58.000 -444.000
482.000 -226.000 -215.000 -226.000
-477.000 -320.000 -477.000 -138.000
363.000 -284.000 117.000 -284.000
170.000 -34.000 -480.000 -34.000
116.000 130.000 116.000 284.000
-252.000 -33.000 -252.000 -295.000
-417.000 396.000 -417.000 475.000
12.000 -282.000 316.000 -282.000
202.000 259.000 404.000 259.000
-380.000 158.000 -100.000 158.000
-499.000 216.000 362.000 216.000
131.000 -498.000 -57.000 -498.000
-242.000 462.000 -242.000 97.000
10 48
331.000 -69.000 331.000 -37.000
297.000 -130.000 297.000 11.000
107.000 -8.000 389.000 -8.000
107.000 -5.000 151.000 -5.000
107.000 6.000 182.000 6.000
107.000 -73.000 183.000 -73.000
283.000 -101.000 283.000 -99.000
169.000 -130.000 169.000 11.000
231.000 -130.000 231.000 11.000
-308.000 393.000 -308.000 323.000
-477.000 318.000 -477.000 444.000
-200.000 -31.000 -467.000 -31.000
331.000 -37.000 331.000 -69.000
-16.000 103.000 14.000 103.000
-176.000 416.000 232.000 416.000
99.000 415.000 -331.000 415.000
-257.000 489.000 190.000 489.000
-49.000 197.000 -49.000 76.000
297.000 -179.000 297.000 112.000
412.000 -481.000 412.000 -317.000
-214.000 -8.000 411.000 -8.000
-182.000 -5.000 151.000 -5.000
401.000 -318.000 401.000 31.000
409.000 -309.000 409.000 -91.000
18.000 186.000 432.000 186.000
256.000 349.000 256.000 357.000
454.000 486.000 -489.000 486.000
-263.000 5.000 -263.000 141.000
182.000 6.000 -427.000 6.000
183.000 -73.000 -410.000 -73.000
297.000 -179.000 376.000 -179.000
-56.000 358.000 -56.000 449.000
-118.000 172.000 11.000 172.000
283.000 -101.000 283.000 -99.000
489.000 -198.000 489.000 -60.000
413.000 28.000 285.000 28.000
-375.000 132.000 -375.000 -152.000
-8.000 21.000 95.000 21.000
-379.000 -374.000 -465.000 -374.000
140.000 33.000 140.000 87.000
-308.000 -433.000 225.000 -433.000
169.000 -325.000 169.000 257.000
-79.000 401.000 433.000 401.000
-65.000 488.000 -403.000 488.000
-283.000 -252.000 -339.000 -252.000
344.000 -246.000 -264.000 -246.000
38.000 -441.000 38.000 -222.000
-386.000 163.000 -273.000 163.000
-441.000 158.000 -441.000 103.000
444.000 13.000 444.000 -186.000
28.000 104.000 28.000 434.000
-14.000 -153.000 -14.000 -126.000
348.000 -157.000 382.000 -157.000
461.000 375.000 461.000 -309.000
231.000 -457.000 231.000 52.000
-419.000 -36.000 -419.000 319.000
-116.000 455.000 -118.000 455.000
-240.000 73.000 6.000 73.000
16 44
53.000 -27.000 429.000 -27.000
52.000 -210.000 52.000 164.000
-159.000 -15.000 -155.000 -15.000
238.000 -210.000 238.000 201.000
-6.000 -210.000 -6.000 201.000
176.000 -210.000 176.000 -52.000
-112.000 -23.000 -112.000 96.000
110.000 -21.000 110.000 31.000
-176.000 52.000 88.000 52.000
-196.000 184.000 82.000 184.000
228.000 -160.000 228.000 201.000
99.000 119.000 456.000 119.000
-111.000 -210.000 -111.000 65.000
-196.000 34.000 456.000 34.000
341.000 -113.000 341.000 114.000
80.000 480.000 80.000 468.000
429.000 -27.000 53.000 -27.000
166.000 -224.000 444.000 -224.000
-257.000 441.000 -414.000 441.000
107.000 480.000 58.000 480.000
52.000 164.000 52.000 -362.000
-487.000 227.000 -487.000 144.000
-119.000 480.000 -119.000 261.000
-490.000 61.000 -490.000 122.000
-444.000 172.000 -444.000 -99.000
211.000 -425.000 149.000 -425.000
-155.000 -15.000 -159.000 -15.000
223.000 -455.000 223.000 -489.000
238.000 400.000 238.000 -373.000
-6.000 -466.000 -6.000 292.000
-496.000 -145.000 -496.000 102.000
-493.000 322.000 -493.000 -374.000
-99.000 -283.000 -99.000 -397.000
-400.000 281.000 -126.000 281.000
176.000 -52.000 176.000 -345.000
-423.000 203.000 -423.000 -147.000
-312.000 459.000 -312.000 292.000
-343.000 118.000 -343.000 -186.000
-72.000 -448.000 -72.000 -486.000
-112.000 96.000 -112.000 -23.000
-301.000 -125.000 -301.000 -195.000
-20.000 463.000 -315.000 463.000
-62.000 -368.000 240.000 -368.000
-388.000 -484.000 278.000 -484.000
290.000 396.000 -351.000 396.000
-281.000 -220.000 69.000 -220.000
110.000 31.000 110.000 -21.000
-176.000 52.000 88.000 52.000
223.000 -246.000 -101.000 -246.000
-338.000 101.000 -338.000 -294.000
-363.000 184.000 82.000 184.000
-34.000 288.000 153.000 288.000
228.000 -160.000 228.000 203.000
-411.000 -260.000 267.000 -260.000
99.000 119.000 461.000 119.000
-111.000 65.000 -111.000 -278.000
-431.000 34.000 496.000 34.000
-373.000 -294.000 -373.000 -31.000
341.000 114.000 341.000 -113.000
471.000 -270.000 -96.000 -270.000
14 31
-37.000 -240.000 11.000 -240.000
-60.000 -272.000 -60.000 -120.000
59.000 -34.000 59.000 45.000
-372.000 -272.000 -372.000 45.000
367.000 -198.000 367.000 -144.000
-397.000 -264.000 237.000 -264.000
-40.000 -251.000 -40.000 -61.000
277.000 -241.000 277.000 45.000
-151.000 -17.000 -151.000 45.000
-66.000 -9.000 329.000 -9.000
102.000 -220.000 223.000 -220.000
121.000 -272.000 121.000 45.000
-397.000 -264.000 404.000 -264.000
298.000 228.000 -398.000 228.000
484.000 406.000 -432.000 406.000
11.000 -240.000 -37.000 -240.000
-499.000 481.000 -499.000 -219.000
-60.000 -380.000 -60.000 -120.000
244.000 372.000 -449.000 372.000
59.000 130.000 59.000 -34.000
-447.000 375.000 432.000 375.000
-372.000 -360.000 -372.000 412.000
367.000 -198.000 367.000 -144.000
179.000 -275.000 461.000 -275.000
251.000 431.000 263.000 431.000
197.000 -343.000 253.000 -343.000
237.000 -264.000 -427.000 -264.000
-40.000 -251.000 -40.000 -61.000
277.000 468.000 277.000 -241.000
83.000 75.000 83.000 237.000
-151.000 62.000 -151.000 -17.000
329.000 -9.000 -66.000 -9.000
481.000 463.000 401.000 463.000
79.000 191.000 -370.000 191.000
328.000 399.000 222.000 399.000
269.000 -410.000 482.000 -410.000
477.000 175.000 441.000 175.000
-319.000 234.000 -319.000 329.000
-413.000 402.000 332.000 402.000
223.000 -220.000 102.000 -220.000
229.000 176.000 -157.000 176.000
-340.000 243.000 -484.000 243.000
121.000 -418.000 121.000 128.000
-388.000 331.000 -388.000 271.000
447.000 -264.000 -469.000 -264.000
18 47
-82.000 -120.000 129.000 -120.000
107.000 -257.000 107.000 32.000
-82.000 30.000 129.000 30.000
-12.000 272.000 23.000 272.000
-82.000 -209.000 129.000 -209.000
12.000 -22.000 129.000 -22.000
113.000 265.000 129.000 265.000
-38.000 112.000 129.000 112.000
-63.000 -158.000 -63.000 -67.000
61.000 77.000 105.000 77.000
-82.000 120.000 23.000 120.000
-25.000 228.000 129.000 228.000
-45.000 4.000 -16.000 4.000
-82.000 33.000 129.000 33.000
12.000 103.000 12.000 339.000
-44.000 -257.000 -44.000 339.000
-40.000 23.000 129.000 23.000
402.000 146.000 -79.000 146.000
329.000 -316.000 329.000 328.000
-471.000 -134.000 -339.000 -134.000
-104.000 -195.000 -104.000 168.000
-167.000 -120.000 167.000 -120.000
-173.000 -325.000 -173.000 -7.000
-235.000 -356.000 -235.000 -467.000
88.000 -384.000 -272.000 -384.000
269.000 98.000 269.000 112.000
107.000 -350.000 107.000 32.000
234.000 30.000 -295.000 30.000
-12.000 272.000 23.000 272.000
-245.000 232.000 -296.000 232.000
-120.000 -209.000 410.000 -209.000
219.000 -22.000 12.000 -22.000
370.000 32.000 450.000 32.000
11.000 -481.000 11.000 -430.000
-291.000 384.000 -291.000 -197.000
113.000 265.000 415.000 265.000
188.000 210.000 188.000 -331.000
463.000 112.000 -38.000 112.000
342.000 -499.000 -28.000 -499.000
-63.000 -158.000 -63.000 -67.000
-289.000 52.000 -289.000 -404.000
-243.000 -250.000 -243.000 150.000
-236.000 36.000 -236.000 -103.000
61.000 77.000 105.000 77.000
310.000 -433.000 -140.000 -433.000
23.000 120.000 -316.000 120.000
-341.000 55.000 -341.000 -295.000
405.000 228.000 -25.000 228.000
174.000 -381.000 -210.000 -381.000
-468.000 -375.000 -468.000 380.000
-135.000 159.000 -135.000 251.000
-109.000 476.000 347.000 476.000
-281.000 16.000 -281.000 -385.000
-45.000 4.000 -16.000 4.000
365.000 -162.000 365.000 -486.000
234.000 221.000 185.000 221.000
369.000 342.000 369.000 -346.000
-448.000 -45.000 -448.000 427.000
-315.000 33.000 329.000 33.000
-194.000 31.000 -194.000 -131.000
12.000 366.000 12.000 103.000
167.000 225.000 284.000 225.000
216.000 229.000 216.000 -165.000
-44.000 410.000 -44.000 -346.000
200.000 23.000 -40.000 23.000
