6 43
-451.000 -116.000 -135.000 -116.000
-186.000 -211.000 -135.000 -211.000
-419.000 -125.000 -419.000 -75.000
-252.000 -189.000 -187.000 -189.000
-410.000 -72.000 -410.000 -43.000
107.000 53.000 107.000 237.000
-115.000 492.000 110.000 492.000
-403.000 375.000 -403.000 262.000
-261.000 -482.000 286.000 -482.000
-53.000 -156.000 -53.000 132.000
134.000 480.000 -465.000 480.000
-50.000 441.000 83.000 441.000
421.000 -154.000 -33.000 -154.000
255.000 -355.000 444.000 -355.000
-490.000 157.000 -490.000 114.000
-495.000 -172.000 -493.000 -172.000
-451.000 -116.000 469.000 -116.000
-186.000 -211.000 153.000 -211.000
342.000 192.000 342.000 401.000
-419.000 -125.000 -419.000 -75.000
88.000 193.000 88.000 406.000
89.000 -31.000 -156.000 -31.000
374.000 417.000 374.000 202.000
96.000 114.000 96.000 402.000
-171.000 -11.000 -43.000 -11.000
292.000 -166.000 292.000 293.000
449.000 18.000 449.000 -13.000
131.000 -472.000 131.000 -81.000
-187.000 -189.000 -252.000 -189.000
477.000 450.000 -231.000 450.000
274.000 60.000 190.000 60.000
84.000 -254.000 84.000 55.000
357.000 -433.000 -60.000 -433.000
-308.000 223.000 -308.000 390.000
249.000 -119.000 249.000 -435.000
-38.000 234.000 -38.000 283.000
-263.000 -329.000 268.000 -329.000
12.000 -310.000 12.000 5.000
-326.000 -387.000 276.000 -387.000
-255.000 345.000 325.000 345.000
163.000 90.000 163.000 453.000
158.000 -289.000 158.000 499.000
-65.000 114.000 -65.000 -9.000
0.000 -340.000 249.000 -340.000
195.000 480.000 296.000 480.000
-410.000 -72.000 -410.000 143.000
237.000 -252.000 240.000 -252.000
-80.000 100.000 -80.000 289.000
-377.000 -31.000 -293.000 -31.000
17 31
-212.000 1.000 -39.000 1.000
-334.000 334.000 150.000 334.000
-200.000 462.000 150.000 462.000
-66.000 -262.000 -66.000 242.000
-177.000 33.000 150.000 33.000
-274.000 -84.000 150.000 -84.000
-8.000 353.000 150.000 353.000
-154.000 128.000 150.000 128.000
70.000 -116.000 150.000 -116.000
-60.000 -64.000 101.000 -64.000
-210.000 -255.000 150.000 -255.000
91.000 -73.000 91.000 69.000
-2.000 94.000 150.000 94.000
-141.000 49.000 150.000 49.000
-219.000 -155.000 -219.000 128.000
-188.000 -44.000 150.000 -44.000
-269.000 331.000 -269.000 -389.000
-212.000 1.000 -39.000 1.000
-381.000 334.000 375.000 334.000
180.000 462.000 -200.000 462.000
-66.000 242.000 -66.000 -373.000
311.000 33.000 -177.000 33.000
354.000 -296.000 354.000 -294.000
398.000 -20.000 394.000 -20.000
448.000 -84.000 -274.000 -84.000
437.000 268.000 437.000 -76.000
211.000 -264.000 211.000 -462.000
-169.000 -481.000 92.000 -481.000
259.000 353.000 -8.000 353.000
-154.000 128.000 409.000 128.000
70.000 -116.000 343.000 -116.000
101.000 -64.000 -60.000 -64.000
-426.000 496.000 434.000 496.000
-207.000 -274.000 209.000 -274.000
-419.000 -294.000 -242.000 -294.000
372.000 -176.000 161.000 -176.000
-398.000 -302.000 -398.000 356.000
154.000 -107.000 243.000 -107.000
417.000 -255.000 -210.000 -255.000
184.000 72.000 184.000 -177.000
-403.000 -445.000 -403.000 -240.000
91.000 69.000 91.000 -73.000
-2.000 94.000 263.000 94.000
336.000 -308.000 336.000 96.000
262.000 49.000 -141.000 49.000
-219.000 128.000 -219.000 -155.000
426.000 -44.000 -188.000 -44.000
394.000 179.000 175.000 179.000
17 34
-140.000 -440.000 -37.000 -440.000
122.000 -116.000 269.000 -116.000
114.000 -182.000 114.000 -48.000
231.000 -453.000 231.000 -48.000
97.000 -403.000 97.000 -48.000
-140.000 -50.000 262.000 -50.000
-140.000 -385.000 140.000 -385.000
-140.000 -213.000 -18.000 -213.000
-140.000 -271.000 122.000 -271.000
169.000 -485.000 293.000 -485.000
-140.000 -144.000 -35.000 -144.000
-140.000 -275.000 293.000 -275.000
-123.000 -227.000 85.000 -227.000
-140.000 -405.000 206.000 -405.000
-112.000 -211.000 93.000 -211.000
-106.000 -353.000 -106.000 -48.000
-288.000 256.000 484.000 256.000
128.000 276.000 161.000 276.000
289.000 28.000 24.000 28.000
379.000 492.000 379.000 19.000
-491.000 -440.000 -37.000 -440.000
269.000 -116.000 122.000 -116.000
-194.000 467.000 224.000 467.000
114.000 331.000 114.000 -182.000
231.000 -453.000 231.000 9.000
-118.000 365.000 108.000 365.000
-316.000 -216.000 -316.000 -289.000
206.000 13.000 -267.000 13.000
-226.000 106.000 -226.000 391.000
97.000 -403.000 97.000 450.000
262.000 -50.000 -207.000 -50.000
140.000 -385.000 -292.000 -385.000
-484.000 206.000 -484.000 11.000
-18.000 -213.000 -150.000 -213.000
349.000 -300.000 349.000 10.000
122.000 -271.000 -382.000 -271.000
-234.000 -353.000 -234.000 154.000
169.000 -485.000 419.000 -485.000
463.000 -6.000 -34.000 -6.000
-35.000 -144.000 -253.000 -144.000
-299.000 -152.000 -421.000 -152.000
410.000 -275.000 -240.000 -275.000
-488.000 -259.000 -488.000 416.000
-84.000 -12.000 -84.000 26.000
85.000 -227.000 -123.000 -227.000
206.000 -405.000 -399.000 -405.000
93.000 -211.000 -112.000 -211.000
-250.000 276.000 -84.000 276.000
473.000 -80.000 473.000 -174.000
-106.000 -353.000 -106.000 349.000
50.000 58.000 50.000 251.000
10 34
82.000 400.000 217.000 400.000
85.000 449.000 217.000 449.000
108.000 -212.000 217.000 -212.000
113.000 -63.000 217.000 -63.000
64.000 358.000 217.000 358.000
64.000 266.000 217.000 266.000
210.000 -342.000 210.000 239.000
191.000 -271.000 217.000 -271.000
64.000 -2.000 217.000 -2.000
-225.000 132.000 159.000 132.000
-181.000 -289.000 -433.000 -289.000
387.000 61.000 387.000 59.000
-349.000 331.000 -349.000 95.000
-8.000 487.000 -82.000 487.000
312.000 58.000 312.000 -25.000
397.000 400.000 82.000 400.000
12.000 5.000 -277.000 5.000
-6.000 461.000 -347.000 461.000
455.000 449.000 85.000 449.000
20.000 489.000 20.000 -283.000
-481.000 39.000 -481.000 -115.000
292.000 63.000 333.000 63.000
233.000 -212.000 108.000 -212.000
-313.000 -216.000 -313.000 152.000
113.000 -63.000 462.000 -63.000
-457.000 -408.000 -457.000 -458.000
0.000 -348.000 0.000 -26.000
54.000 272.000 54.000 -348.000
-297.000 -450.000 -297.000 347.000
-299.000 358.000 450.000 358.000
-315.000 -154.000 -315.000 -407.000
-12.000 -113.000 -12.000 236.000
428.000 378.000 428.000 -155.000
-416.000 494.000 -335.000 494.000
35.000 90.000 35.000 315.000
-497.000 -457.000 -349.000 -457.000
48.000 -492.000 48.000 -67.000
228.000 266.000 -172.000 266.000
-241.000 -7.000 -354.000 -7.000
276.000 -245.000 276.000 -359.000
210.000 -401.000 210.000 239.000
-284.000 281.000 -284.000 0.000
367.000 -271.000 191.000 -271.000
42.000 -2.000 338.000 -2.000
11 43
-213.000 -220.000 0.000 -220.000
13.000 -197.000 13.000 -150.000
-265.000 -361.000 33.000 -361.000
-240.000 -380.000 -240.000 -150.000
-68.000 -292.000 -68.000 -150.000
-86.000 -296.000 -67.000 -296.000
6.000 -380.000 6.000 -150.000
-258.000 -378.000 -258.000 -150.000
220.000 -169.000 220.000 -150.000
361.000 -356.000 361.000 -150.000
-30.000 352.000 -469.000 352.000
0.000 -220.000 -213.000 -220.000
13.000 -197.000 13.000 -139.000
430.000 -110.000 466.000 -110.000
464.000 98.000 464.000 -225.000
-368.000 381.000 -368.000 -179.000
390.000 211.000 -129.000 211.000
146.000 -90.000 146.000 198.000
-377.000 289.000 275.000 289.000
-265.000 -361.000 33.000 -361.000
-248.000 112.000 -248.000 -65.000
185.000 -8.000 22.000 -8.000
122.000 -468.000 -13.000 -468.000
-261.000 348.000 -261.000 454.000
-478.000 -157.000 -478.000 -183.000
-130.000 190.000 -297.000 190.000
-240.000 -393.000 -240.000 140.000
-301.000 307.000 77.000 307.000
355.000 210.000 355.000 -77.000
356.000 66.000 356.000 224.000
-68.000 -66.000 -68.000 -292.000
177.000 322.000 177.000 427.000
-152.000 424.000 -76.000 424.000
-18.000 146.000 -18.000 404.000
238.000 155.000 183.000 155.000
-133.000 -81.000 -133.000 375.000
-449.000 -387.000 -217.000 -387.000
-423.000 444.000 -11.000 444.000
319.000 211.000 319.000 -77.000
-371.000 284.000 304.000 284.000
-67.000 -296.000 -86.000 -296.000
-396.000 61.000 -396.000 487.000
210.000 447.000 48.000 447.000
-160.000 -22.000 129.000 -22.000
6.000 -483.000 6.000 265.000
256.000 300.000 256.000 248.000
-97.000 482.000 -97.000 466.000
287.000 -5.000 287.000 192.000
-258.000 380.000 -258.000 -378.000
220.000 263.000 220.000 -169.000
498.000 466.000 23.000 466.000
457.000 93.000 290.000 93.000
48.000 380.000 48.000 26.000
361.000 -356.000 361.000 -117.000
15 45
73.000 -161.000 197.000 -161.000
-3.000 54.000 331.000 54.000
-3.000 -13.000 228.000 -13.000
307.000 -224.000 307.000 -182.000
221.000 -25.000 221.000 59.000
330.000 -224.000 330.000 27.000
68.000 -224.000 68.000 -66.000
313.000 -53.000 365.000 -53.000
206.000 -224.000 206.000 -62.000
265.000 -115.000 366.000 -115.000
282.000 -224.000 282.000 59.000
-3.000 -220.000 300.000 -220.000
-3.000 -65.000 366.000 -65.000
-3.000 -115.000 366.000 -115.000
39.000 434.000 39.000 149.000
184.000 119.000 150.000 119.000
-124.000 -490.000 -124.000 -463.000
-351.000 25.000 -351.000 -373.000
73.000 -161.000 197.000 -161.000
331.000 54.000 -123.000 54.000
-27.000 -242.000 -121.000 -242.000
-182.000 396.000 -470.000 396.000
-9.000 441.000 -140.000 441.000
-172.000 -13.000 228.000 -13.000
75.000 498.000 75.000 500.000
406.000 249.000 406.000 287.000
-58.000 -407.000 168.000 -407.000
48.000 405.000 470.000 405.000
-8.000 280.000 -8.000 321.000
-87.000 71.000 -87.000 -99.000
-122.000 -204.000 -122.000 258.000
307.000 -182.000 307.000 -457.000
405.000 148.000 319.000 148.000
221.000 154.000 221.000 -25.000
330.000 27.000 330.000 -230.000
-469.000 323.000 110.000 323.000
68.000 -66.000 68.000 -491.000
313.000 -53.000 365.000 -53.000
330.000 424.000 -75.000 424.000
39.000 481.000 154.000 481.000
206.000 -323.000 206.000 -62.000
265.000 -115.000 442.000 -115.000
466.000 -478.000 100.000 -478.000
-322.000 417.000 -322.000 98.000
-382.000 392.000 347.000 392.000
443.000 277.000 20.000 277.000
73.000 -267.000 73.000 -244.000
-186.000 115.000 -186.000 138.000
498.000 214.000 498.000 -45.000
282.000 -401.000 282.000 402.000
371.000 313.000 -359.000 313.000
-361.000 -430.000 27.000 -430.000
265.000 -295.000 391.000 -295.000
-106.000 -144.000 -12.000 -144.000
-429.000 -220.000 300.000 -220.000
-7.000 83.000 67.000 83.000
241.000 470.000 -114.000 470.000
385.000 -65.000 -147.000 -65.000
483.000 -256.000 483.000 7.000
461.000 -115.000 -492.000 -115.000
5 47
24.000 179.000 56.000 179.000
24.000 -44.000 56.000 -44.000
30.000 -366.000 30.000 215.000
24.000 108.000 56.000 108.000
24.000 -105.000 56.000 -105.000
469.000 23.000 469.000 303.000
493.000 332.000 493.000 -312.000
65.000 -155.000 65.000 -185.000
281.000 353.000 281.000 48.000
282.000 -7.000 265.000 -7.000
476.000 179.000 -164.000 179.000
153.000 -44.000 -34.000 -44.000
-231.000 -64.000 -231.000 294.000
349.000 -479.000 349.000 122.000
-331.000 -186.000 -331.000 -323.000
209.000 398.000 -8.000 398.000
-497.000 -320.000 -288.000 -320.000
30.000 -480.000 30.000 302.000
-326.000 169.000 -326.000 -87.000
-35.000 341.000 -35.000 -464.000
371.000 -460.000 371.000 -250.000
291.000 -220.000 179.000 -220.000
480.000 -314.000 480.000 212.000
486.000 230.000 486.000 -399.000
486.000 436.000 -436.000 436.000
-318.000 -97.000 -318.000 -249.000
-177.000 426.000 -107.000 426.000
255.000 -404.000 493.000 -404.000
227.000 175.000 312.000 175.000
-191.000 -32.000 -58.000 -32.000
-255.000 141.000 -311.000 141.000
68.000 425.000 59.000 425.000
-410.000 448.000 -410.000 -491.000
-426.000 108.000 159.000 108.000
-252.000 389.000 374.000 389.000
119.000 -237.000 119.000 -101.000
-454.000 -188.000 -454.000 -78.000
-202.000 381.000 -26.000 381.000
297.000 131.000 297.000 113.000
-434.000 245.000 -434.000 341.000
400.000 362.000 -145.000 362.000
-370.000 24.000 -370.000 102.000
-240.000 -214.000 -240.000 89.000
93.000 274.000 118.000 274.000
344.000 241.000 252.000 241.000
266.000 441.000 -130.000 441.000
450.000 -105.000 6.000 -105.000
118.000 -449.000 461.000 -449.000
300.000 316.000 300.000 -162.000
150.000 400.000 459.000 400.000
443.000 372.000 500.000 372.000
-232.000 476.000 -396.000 476.000
24 43
-209.000 -213.000 -92.000 -213.000
-198.000 -6.000 217.000 -6.000
170.000 138.000 193.000 138.000
-83.000 -5.000 217.000 -5.000
-209.000 -190.000 163.000 -190.000
-177.000 186.000 -177.000 432.000
-209.000 79.000 202.000 79.000
-190.000 325.000 212.000 325.000
-45.000 103.000 -45.000 227.000
-209.000 -123.000 217.000 -123.000
-192.000 -348.000 -192.000 152.000
7.000 -42.000 7.000 429.000
-209.000 -188.000 217.000 -188.000
137.000 197.000 137.000 391.000
-209.000 420.000 -156.000 420.000
90.000 -245.000 90.000 140.000
-209.000 244.000 192.000 244.000
-131.000 -363.000 -131.000 -330.000
-132.000 277.000 217.000 277.000
46.000 346.000 46.000 380.000
-209.000 41.000 -103.000 41.000
139.000 312.000 139.000 375.000
-209.000 -26.000 217.000 -26.000
-154.000 331.000 -154.000 -356.000
-246.000 -213.000 -92.000 -213.000
-303.000 500.000 -303.000 -340.000
392.000 -6.000 -198.000 -6.000
-264.000 -372.000 191.000 -372.000
170.000 138.000 193.000 138.000
-83.000 -5.000 469.000 -5.000
-417.000 55.000 -417.000 -29.000
-431.000 -190.000 163.000 -190.000
318.000 450.000 -305.000 450.000
-177.000 186.000 -177.000 432.000
202.000 79.000 -322.000 79.000
-190.000 325.000 212.000 325.000
394.000 -325.000 394.000 107.000
-45.000 103.000 -45.000 227.000
257.000 -480.000 257.000 -421.000
-368.000 239.000 -269.000 239.000
-481.000 -123.000 472.000 -123.000
316.000 -149.000 316.000 -448.000
-192.000 152.000 -192.000 -348.000
7.000 -42.000 7.000 429.000
-477.000 -156.000 -477.000 241.000
-429.000 -188.000 237.000 -188.000
-247.000 356.000 -247.000 -228.000
491.000 -214.000 310.000 -214.000
137.000 391.000 137.000 197.000
-228.000 420.000 -156.000 420.000
-41.000 482.000 -93.000 482.000
90.000 -245.000 90.000 140.000
192.000 244.000 -289.000 244.000
344.000 41.000 344.000 457.000
-219.000 -57.000 -219.000 47.000
49.000 -489.000 433.000 -489.000
-131.000 -394.000 -131.000 -330.000
282.000 277.000 -132.000 277.000
262.000 -430.000 -9.000 -430.000
46.000 346.000 46.000 380.000
-103.000 41.000 -265.000 41.000
139.000 375.000 139.000 312.000
-356.000 -31.000 -356.000 5.000
441.000 -124.000 441.000 -159.000
276.000 -26.000 -469.000 -26.000
223.000 -263.000 223.000 -347.000
-490.000 -187.000 -444.000 -187.000
33 45
-33.000 294.000 285.000 294.000
-197.000 -255.000 -158.000 -255.000
236.000 -304.000 236.000 -233.000
-158.000 -304.000 -158.000 39.000
-134.000 233.000 -134.000 491.000
185.000 49.000 285.000 49.000
105.000 191.000 285.000 191.000
145.000 -304.000 145.000 490.000
-48.000 -183.000 63.000 -183.000
239.000 -304.000 239.000 213.000
-116.000 -294.000 -116.000 459.000
-113.000 -262.000 -113.000 104.000
-120.000 287.000 285.000 287.000
-109.000 -304.000 -109.000 -75.000
-403.000 -67.000 285.000 -67.000
-314.000 -304.000 -314.000 275.000
-243.000 131.000 285.000 131.000
-374.000 -80.000 -374.000 142.000
-88.000 148.000 -88.000 270.000
-172.000 -254.000 285.000 -254.000
23.000 -304.000 23.000 339.000
210.000 -23.000 210.000 320.000
-307.000 -282.000 -307.000 192.000
-30.000 -211.000 -30.000 235.000
-135.000 -160.000 -135.000 183.000
113.000 100.000 285.000 100.000
85.000 330.000 85.000 456.000
187.000 -136.000 187.000 45.000
75.000 130.000 75.000 457.000
-426.000 193.000 3.000 193.000
-147.000 119.000 285.000 119.000
-249.000 -36.000 285.000 -36.000
-456.000 -406.000 280.000 -406.000
475.000 294.000 -33.000 294.000
-197.000 -255.000 -158.000 -255.000
236.000 -480.000 236.000 -233.000
-482.000 -355.000 -482.000 144.000
-158.000 39.000 -158.000 -386.000
-134.000 498.000 -134.000 233.000
185.000 49.000 400.000 49.000
-380.000 -441.000 345.000 -441.000
477.000 191.000 105.000 191.000
145.000 -435.000 145.000 490.000
-92.000 -310.000 -67.000 -310.000
63.000 -183.000 -48.000 -183.000
381.000 -496.000 -161.000 -496.000
239.000 213.000 239.000 -355.000
-116.000 -294.000 -116.000 459.000
-113.000 104.000 -113.000 -262.000
-120.000 287.000 354.000 287.000
-109.000 -75.000 -109.000 -398.000
-403.000 -67.000 454.000 -67.000
-314.000 -445.000 -314.000 275.000
190.000 -406.000 -113.000 -406.000
-243.000 131.000 319.000 131.000
-374.000 -80.000 -374.000 142.000
-88.000 270.000 -88.000 148.000
-172.000 -254.000 407.000 -254.000
23.000 -342.000 23.000 339.000
210.000 -23.000 210.000 320.000
-307.000 -282.000 -307.000 192.000
-409.000 -476.000 29.000 -476.000
-30.000 -211.000 -30.000 235.000
-135.000 -160.000 -135.000 183.000
199.000 -483.000 199.000 -360.000
293.000 100.000 113.000 100.000
392.000 333.000 392.000 -236.000
216.000 -342.000 -257.000 -342.000
-477.000 -365.000 -477.000 -308.000
473.000 350.000 473.000 -450.000
358.000 -271.000 358.000 222.000
85.000 456.000 85.000 330.000
187.000 45.000 187.000 -136.000
75.000 457.000 75.000 130.000
-426.000 193.000 3.000 193.000
-147.000 119.000 477.000 119.000
-184.000 -422.000 350.000 -422.000
-249.000 -36.000 422.000 -36.000
7 32
-273.000 -153.000 -93.000 -153.000
-274.000 -243.000 -93.000 -243.000
-176.000 -28.000 -93.000 -28.000
-131.000 -197.000 -93.000 -197.000
-282.000 -218.000 -93.000 -218.000
-210.000 -246.000 -210.000 -232.000
-149.000 -429.000 -149.000 22.000
-273.000 -153.000 190.000 -153.000
232.000 70.000 -102.000 70.000
-42.000 352.000 429.000 352.000
-392.000 -41.000 -392.000 398.000
291.000 384.000 -114.000 384.000
366.000 157.000 447.000 157.000
-357.000 -105.000 -357.000 -360.000
-341.000 -255.000 -257.000 -255.000
176.000 470.000 176.000 483.000
475.000 -447.000 52.000 -447.000
81.000 428.000 -493.000 428.000
-53.000 174.000 -53.000 198.000
-13.000 -137.000 -13.000 -254.000
-138.000 488.000 -138.000 183.000
-271.000 -390.000 413.000 -390.000
-373.000 449.000 -168.000 449.000
-320.000 -10.000 -320.000 -492.000
282.000 -313.000 282.000 -290.000
428.000 -243.000 -274.000 -243.000
-467.000 -208.000 -344.000 -208.000
-176.000 -28.000 -25.000 -28.000
-399.000 156.000 -399.000 -494.000
-413.000 456.000 -413.000 -5.000
110.000 -197.000 -131.000 -197.000
-472.000 -218.000 333.000 -218.000
-414.000 322.000 29.000 322.000
130.000 187.000 405.000 187.000
397.000 24.000 397.000 -415.000
-305.000 -462.000 330.000 -462.000
-433.000 -140.000 -433.000 188.000
-210.000 -372.000 -210.000 -232.000
-240.000 290.000 -499.000 290.000
