7 48
44.000 374.000 104.000 374.000
34.000 410.000 171.000 410.000
-191.000 439.000 117.000 439.000
-185.000 373.000 -185.000 459.000
-367.000 398.000 219.000 398.000
-328.000 373.000 -328.000 459.000
-240.000 77.000 -240.000 -113.000
-351.000 300.000 214.000 300.000
-449.000 -128.000 296.000 -128.000
44.000 374.000 104.000 374.000
445.000 274.000 445.000 337.000
490.000 -104.000 490.000 -135.000
60.000 -480.000 60.000 -77.000
-188.000 -477.000 -148.000 -477.000
11.000 -175.000 11.000 -314.000
-53.000 -248.000 113.000 -248.000
34.000 410.000 171.000 410.000
100.000 464.000 -105.000 464.000
110.000 99.000 421.000 99.000
425.000 -171.000 -121.000 -171.000
-299.000 -410.000 -202.000 -410.000
221.000 361.000 -398.000 361.000
117.000 439.000 -191.000 439.000
65.000 -263.000 -184.000 -263.000
139.000 -227.000 51.000 -227.000
336.000 98.000 -48.000 98.000
-167.000 119.000 -249.000 119.000
-356.000 -10.000 -399.000 -10.000
-372.000 -415.000 -306.000 -415.000
490.000 117.000 490.000 160.000
-426.000 -276.000 -426.000 408.000
132.000 -271.000 -442.000 -271.000
278.000 -32.000 222.000 -32.000
494.000 -179.000 494.000 -236.000
204.000 -190.000 204.000 -245.000
-163.000 181.000 -163.000 16.000
-475.000 492.000 -475.000 97.000
-245.000 297.000 458.000 297.000
-185.000 99.000 -185.000 479.000
185.000 121.000 185.000 -394.000
348.000 -38.000 348.000 166.000
-365.000 -166.000 177.000 -166.000
499.000 469.000 499.000 -208.000
-139.000 123.000 -325.000 123.000
-236.000 -210.000 -236.000 -44.000
273.000 62.000 -275.000 62.000
-244.000 -58.000 -244.000 -258.000
113.000 -303.000 113.000 321.000
-11.000 -458.000 33.000 -458.000
-59.000 260.000 70.000 260.000
-465.000 -119.000 -115.000 -119.000
-367.000 398.000 219.000 398.000
-8.000 -486.000 -8.000 357.000
-328.000 -36.000 -328.000 493.000
-413.000 -286.000 -413.000 57.000
7 29
144.000 360.000 265.000 360.000
101.000 253.000 331.000 253.000
101.000 228.000 256.000 228.000
101.000 287.000 356.000 287.000
327.000 196.000 327.000 466.000
381.000 196.000 381.000 356.000
237.000 391.000 -193.000 391.000
-366.000 -181.000 -484.000 -181.000
-331.000 -152.000 34.000 -152.000
-342.000 -478.000 -342.000 483.000
499.000 -120.000 -238.000 -120.000
80.000 242.000 80.000 -238.000
144.000 360.000 265.000 360.000
-273.000 -241.000 422.000 -241.000
-325.000 167.000 -115.000 167.000
-202.000 264.000 -286.000 264.000
-65.000 -278.000 -65.000 -234.000
114.000 -53.000 114.000 -402.000
-277.000 253.000 331.000 253.000
-373.000 -138.000 -373.000 -282.000
-313.000 70.000 434.000 70.000
-83.000 228.000 256.000 228.000
-433.000 287.000 356.000 287.000
-442.000 353.000 -442.000 -119.000
279.000 -256.000 337.000 -256.000
-405.000 -489.000 324.000 -489.000
189.000 -349.000 -36.000 -349.000
92.000 257.000 -492.000 257.000
327.000 490.000 327.000 -255.000
-471.000 -57.000 -431.000 -57.000
312.000 98.000 312.000 146.000
330.000 -445.000 116.000 -445.000
338.000 -294.000 -449.000 -294.000
381.000 356.000 381.000 -45.000
-303.000 -474.000 -303.000 -446.000
-197.000 153.000 -132.000 153.000
7 44
454.000 236.000 454.000 460.000
160.000 343.000 470.000 343.000
444.000 257.000 444.000 305.000
160.000 297.000 473.000 297.000
483.000 269.000 483.000 408.000
260.000 350.000 315.000 350.000
-160.000 -30.000 -306.000 -30.000
388.000 -472.000 388.000 -357.000
-128.000 -136.000 -128.000 -154.000
-339.000 -406.000 -339.000 -131.000
6.000 108.000 -90.000 108.000
-355.000 18.000 -355.000 292.000
-490.000 164.000 363.000 164.000
-338.000 185.000 -338.000 -324.000
161.000 -463.000 6.000 -463.000
201.000 -21.000 17.000 -21.000
448.000 -161.000 -489.000 -161.000
247.000 35.000 247.000 -221.000
-45.000 480.000 -45.000 -382.000
-388.000 -75.000 -388.000 -457.000
-212.000 -125.000 -212.000 238.000
241.000 -137.000 -246.000 -137.000
-123.000 382.000 -285.000 382.000
454.000 -459.000 454.000 494.000
-155.000 -370.000 -155.000 34.000
-25.000 343.000 470.000 343.000
178.000 172.000 407.000 172.000
-438.000 304.000 -438.000 178.000
-137.000 465.000 -137.000 193.000
-253.000 -490.000 77.000 -490.000
212.000 -236.000 -63.000 -236.000
444.000 305.000 444.000 257.000
-51.000 297.000 473.000 297.000
-190.000 -196.000 207.000 -196.000
483.000 269.000 483.000 408.000
315.000 350.000 260.000 350.000
-145.000 -243.000 -145.000 -384.000
-433.000 -318.000 -46.000 -318.000
47.000 -38.000 47.000 235.000
-225.000 -161.000 -225.000 -485.000
115.000 485.000 279.000 485.000
-441.000 -283.000 -441.000 342.000
-175.000 237.000 144.000 237.000
-208.000 274.000 -208.000 141.000
-174.000 486.000 -450.000 486.000
-339.000 419.000 -339.000 -18.000
-264.000 -370.000 -264.000 91.000
161.000 198.000 161.000 -236.000
376.000 222.000 353.000 222.000
336.000 -139.000 336.000 188.000
425.000 186.000 425.000 -208.000
9 30
394.000 -296.000 394.000 67.000
323.000 79.000 393.000 79.000
323.000 95.000 427.000 95.000
323.000 -179.000 427.000 -179.000
323.000 -100.000 363.000 -100.000
400.000 -289.000 400.000 163.000
396.000 -66.000 396.000 388.000
419.000 -319.000 419.000 298.000
236.000 -319.000 236.000 2.000
-494.000 -486.000 -154.000 -486.000
-461.000 -358.000 309.000 -358.000
445.000 -478.000 -398.000 -478.000
-353.000 -340.000 -353.000 -88.000
-235.000 -390.000 -91.000 -390.000
-455.000 451.000 4.000 451.000
-325.000 -386.000 -325.000 457.000
172.000 -128.000 172.000 -492.000
-53.000 401.000 -53.000 -115.000
-427.000 154.000 -427.000 -353.000
394.000 67.000 394.000 -296.000
284.000 149.000 -270.000 149.000
-298.000 -237.000 -298.000 203.000
393.000 79.000 -404.000 79.000
-223.000 290.000 -223.000 -237.000
-95.000 -438.000 -95.000 380.000
495.000 -430.000 495.000 -51.000
-266.000 74.000 -266.000 200.000
73.000 491.000 66.000 491.000
500.000 95.000 253.000 95.000
-99.000 -441.000 -97.000 -441.000
-85.000 -179.000 481.000 -179.000
-318.000 -335.000 476.000 -335.000
363.000 -100.000 -94.000 -100.000
176.000 182.000 176.000 217.000
400.000 -289.000 400.000 163.000
261.000 -148.000 110.000 -148.000
-219.000 227.000 -219.000 72.000
396.000 -66.000 396.000 388.000
419.000 -319.000 419.000 298.000
8 43
-205.000 -16.000 -11.000 -16.000
-205.000 -19.000 -11.000 -19.000
-134.000 9.000 -11.000 9.000
-147.000 8.000 -147.000 176.000
-96.000 -85.000 -11.000 -85.000
-133.000 -94.000 -133.000 176.000
-118.000 -94.000 -118.000 101.000
-403.000 -460.000 -403.000 -182.000
296.000 -176.000 -17.000 -176.000
-239.000 -77.000 -239.000 -292.000
398.000 282.000 398.000 169.000
-420.000 -33.000 -420.000 -448.000
-415.000 456.000 -415.000 -362.000
-7.000 392.000 -7.000 213.000
-193.000 -144.000 -205.000 -144.000
-461.000 -126.000 2.000 -126.000
449.000 -23.000 449.000 -376.000
116.000 319.000 48.000 319.000
-150.000 -400.000 -150.000 -392.000
478.000 -384.000 210.000 -384.000
378.000 -339.000 -2.000 -339.000
-317.000 428.000 -91.000 428.000
128.000 127.000 382.000 127.000
-487.000 -255.000 -487.000 232.000
181.000 -228.000 181.000 -66.000
310.000 -488.000 310.000 -201.000
484.000 -16.000 -300.000 -16.000
162.000 -228.000 162.000 -69.000
-500.000 -19.000 237.000 -19.000
136.000 269.000 25.000 269.000
-134.000 9.000 74.000 9.000
118.000 -217.000 118.000 434.000
-313.000 131.000 -459.000 131.000
285.000 384.000 178.000 384.000
-147.000 218.000 -147.000 8.000
394.000 -463.000 -144.000 -463.000
-420.000 454.000 300.000 454.000
380.000 159.000 380.000 -459.000
375.000 -166.000 118.000 -166.000
-373.000 291.000 -373.000 -444.000
497.000 -465.000 -291.000 -465.000
479.000 -459.000 479.000 137.000
-96.000 -85.000 200.000 -85.000
223.000 418.000 332.000 418.000
-102.000 -259.000 -102.000 -294.000
-208.000 274.000 385.000 274.000
455.000 -296.000 73.000 -296.000
-133.000 -497.000 -133.000 346.000
114.000 34.000 216.000 34.000
-118.000 -274.000 -118.000 101.000
-500.000 195.000 -500.000 251.000
11 37
-85.000 -51.000 414.000 -51.000
-30.000 -64.000 -30.000 46.000
107.000 219.000 146.000 219.000
406.000 -64.000 406.000 228.000
352.000 87.000 352.000 228.000
-85.000 185.000 249.000 185.000
-85.000 89.000 414.000 89.000
298.000 -64.000 298.000 228.000
336.000 22.000 336.000 228.000
327.000 -64.000 327.000 228.000
48.000 -343.000 -307.000 -343.000
454.000 -51.000 -251.000 -51.000
-453.000 394.000 -453.000 245.000
-149.000 -309.000 -149.000 -457.000
-30.000 -262.000 -30.000 46.000
-386.000 437.000 -386.000 -142.000
-204.000 -228.000 -131.000 -228.000
106.000 -115.000 106.000 -461.000
-153.000 -167.000 435.000 -167.000
-264.000 -163.000 -333.000 -163.000
-409.000 -214.000 -409.000 -331.000
-305.000 488.000 -305.000 115.000
-275.000 261.000 -275.000 -344.000
-396.000 -18.000 -396.000 314.000
-301.000 -110.000 -301.000 -59.000
107.000 219.000 146.000 219.000
-45.000 -476.000 456.000 -476.000
-176.000 123.000 -176.000 481.000
-373.000 -410.000 -101.000 -410.000
64.000 305.000 309.000 305.000
-228.000 -391.000 -228.000 484.000
-31.000 -218.000 -449.000 -218.000
-22.000 -106.000 -22.000 -291.000
406.000 -384.000 406.000 498.000
-281.000 -231.000 -27.000 -231.000
352.000 87.000 352.000 323.000
-254.000 250.000 -254.000 375.000
182.000 451.000 387.000 451.000
-120.000 185.000 249.000 185.000
439.000 89.000 -265.000 89.000
-262.000 -149.000 93.000 -149.000
-312.000 -276.000 315.000 -276.000
298.000 -246.000 298.000 345.000
-116.000 -312.000 -116.000 -349.000
336.000 253.000 336.000 22.000
409.000 437.000 52.000 437.000
327.000 489.000 327.000 -375.000
414.000 -375.000 -327.000 -375.000
5 30
-447.000 302.000 -365.000 302.000
-413.000 -54.000 -413.000 326.000
-420.000 -29.000 -365.000 -29.000
-423.000 111.000 -423.000 143.000
-182.000 -191.000 -182.000 451.000
35.000 -384.000 -179.000 -384.000
414.000 302.000 -447.000 302.000
457.000 -19.000 457.000 227.000
-280.000 -467.000 -280.000 -119.000
-135.000 -437.000 -135.000 -54.000
-413.000 495.000 -413.000 -466.000
425.000 56.000 473.000 56.000
-259.000 -154.000 -42.000 -154.000
-259.000 -152.000 -259.000 -3.000
-100.000 -244.000 -100.000 -120.000
-237.000 -329.000 -237.000 351.000
-244.000 -237.000 35.000 -237.000
-34.000 -241.000 318.000 -241.000
-420.000 -29.000 253.000 -29.000
-98.000 472.000 -182.000 472.000
-496.000 103.000 -496.000 228.000
-423.000 111.000 -423.000 143.000
-479.000 -186.000 -479.000 -212.000
-292.000 465.000 -292.000 319.000
416.000 -271.000 -213.000 -271.000
-189.000 -136.000 322.000 -136.000
-257.000 -8.000 -118.000 -8.000
-204.000 -147.000 305.000 -147.000
216.000 -96.000 216.000 -446.000
87.000 -307.000 46.000 -307.000
120.000 187.000 120.000 389.000
137.000 -462.000 137.000 -101.000
303.000 328.000 303.000 -46.000
469.000 -194.000 469.000 97.000
363.000 -440.000 363.000 335.000
7 42
-230.000 68.000 16.000 68.000
-136.000 223.000 -1.000 223.000
-230.000 186.000 -154.000 186.000
-89.000 46.000 -89.000 174.000
-141.000 58.000 16.000 58.000
-123.000 298.000 16.000 298.000
-75.000 46.000 -75.000 205.000
366.000 -217.000 -201.000 -217.000
170.000 -81.000 170.000 241.000
229.000 147.000 229.000 -137.000
307.000 -257.000 -160.000 -257.000
258.000 -343.000 342.000 -343.000
-471.000 -297.000 456.000 -297.000
291.000 -425.000 -125.000 -425.000
-247.000 288.000 -247.000 -490.000
443.000 -283.000 443.000 -417.000
-297.000 68.000 486.000 68.000
-55.000 -124.000 -306.000 -124.000
-1.000 223.000 -136.000 223.000
-154.000 186.000 -232.000 186.000
397.000 209.000 397.000 233.000
103.000 253.000 103.000 300.000
-211.000 -376.000 210.000 -376.000
-342.000 442.000 -342.000 137.000
-423.000 -146.000 256.000 -146.000
-484.000 190.000 -328.000 190.000
-89.000 174.000 -89.000 -274.000
478.000 479.000 478.000 -176.000
-492.000 -272.000 395.000 -272.000
-136.000 -143.000 -136.000 -169.000
-182.000 -328.000 -182.000 -247.000
-444.000 366.000 -444.000 -322.000
-304.000 10.000 -140.000 10.000
-419.000 -52.000 398.000 -52.000
134.000 -25.000 417.000 -25.000
-464.000 294.000 -464.000 357.000
-141.000 58.000 61.000 58.000
-48.000 24.000 273.000 24.000
124.000 -494.000 -488.000 -494.000
-368.000 -79.000 418.000 -79.000
346.000 -134.000 346.000 -302.000
465.000 298.000 -123.000 298.000
141.000 -338.000 141.000 15.000
-106.000 -56.000 410.000 -56.000
495.000 -411.000 495.000 384.000
435.000 -116.000 96.000 -116.000
101.000 121.000 101.000 221.000
393.000 -231.000 393.000 -33.000
-75.000 -63.000 -75.000 205.000
10 48
-237.000 163.000 -179.000 163.000
161.000 132.000 161.000 381.000
19.000 132.000 19.000 428.000
-257.000 431.000 227.000 431.000
-257.000 359.000 -60.000 359.000
-257.000 403.000 -159.000 403.000
-257.000 214.000 227.000 214.000
69.000 212.000 227.000 212.000
-192.000 166.000 227.000 166.000
404.000 433.000 404.000 -400.000
452.000 111.000 171.000 111.000
-237.000 163.000 -179.000 163.000
430.000 80.000 458.000 80.000
120.000 -35.000 -46.000 -35.000
164.000 -357.000 164.000 -175.000
-346.000 -132.000 -497.000 -132.000
-138.000 114.000 -399.000 114.000
480.000 -228.000 480.000 466.000
161.000 381.000 161.000 108.000
-155.000 -481.000 385.000 -481.000
19.000 428.000 19.000 -157.000
436.000 -49.000 -371.000 -49.000
-60.000 -423.000 -250.000 -423.000
-452.000 330.000 -452.000 338.000
-328.000 -14.000 -328.000 53.000
193.000 117.000 193.000 -9.000
53.000 -461.000 183.000 -461.000
306.000 -477.000 -248.000 -477.000
-492.000 -258.000 -492.000 -87.000
-175.000 -421.000 -307.000 -421.000
-383.000 -83.000 -383.000 148.000
-289.000 21.000 -289.000 112.000
-416.000 -319.000 -416.000 -498.000
320.000 282.000 320.000 411.000
-11.000 -137.000 -11.000 12.000
-188.000 -59.000 -188.000 130.000
383.000 431.000 -309.000 431.000
-491.000 47.000 275.000 47.000
279.000 323.000 426.000 323.000
424.000 14.000 268.000 14.000
-60.000 359.000 -341.000 359.000
-408.000 457.000 -408.000 192.000
16.000 -73.000 16.000 54.000
-473.000 -323.000 195.000 -323.000
-159.000 403.000 -433.000 403.000
-472.000 214.000 446.000 214.000
-332.000 285.000 -438.000 285.000
-477.000 -161.000 -477.000 -282.000
471.000 212.000 69.000 212.000
297.000 -299.000 297.000 10.000
-430.000 -129.000 -430.000 342.000
-100.000 -170.000 -434.000 -170.000
-322.000 -73.000 -322.000 -491.000
414.000 137.000 414.000 217.000
181.000 -410.000 -93.000 -410.000
-192.000 166.000 319.000 166.000
-436.000 -210.000 382.000 -210.000
273.000 70.000 273.000 -256.000
12 40
-413.000 210.000 -413.000 274.000
-77.000 210.000 -77.000 404.000
-165.000 210.000 -165.000 327.000
-66.000 327.000 -66.000 343.000
-257.000 210.000 -257.000 322.000
-325.000 210.000 -325.000 350.000
-221.000 212.000 -93.000 212.000
50.000 210.000 50.000 409.000
-196.000 335.000 88.000 335.000
-263.000 210.000 -263.000 253.000
62.000 210.000 62.000 376.000
-219.000 -405.000 487.000 -405.000
-87.000 -20.000 -270.000 -20.000
-413.000 -230.000 -413.000 274.000
302.000 -420.000 302.000 -495.000
164.000 -344.000 316.000 -344.000
228.000 -243.000 333.000 -243.000
-364.000 87.000 -357.000 87.000
321.000 287.000 430.000 287.000
-283.000 -157.000 257.000 -157.000
-35.000 -495.000 200.000 -495.000
394.000 86.000 272.000 86.000
-61.000 -283.000 457.000 -283.000
-77.000 404.000 -77.000 -484.000
-382.000 -325.000 332.000 -325.000
40.000 -421.000 -378.000 -421.000
-143.000 173.000 -111.000 173.000
453.000 -377.000 338.000 -377.000
373.000 442.000 373.000 476.000
380.000 -280.000 380.000 -194.000
490.000 -72.000 -157.000 -72.000
90.000 444.000 -263.000 444.000
296.000 203.000 296.000 104.000
296.000 -109.000 -276.000 -109.000
-165.000 327.000 -165.000 -444.000
-66.000 343.000 -66.000 327.000
125.000 4.000 91.000 4.000
-257.000 322.000 -257.000 -419.000
58.000 -130.000 58.000 -269.000
-356.000 165.000 206.000 165.000
-334.000 -173.000 -42.000 -173.000
-325.000 -405.000 -325.000 350.000
-116.000 -220.000 377.000 -220.000
-93.000 212.000 -221.000 212.000
50.000 423.000 50.000 74.000
95.000 389.000 95.000 224.000
-408.000 154.000 -408.000 -321.000
98.000 335.000 -196.000 335.000
451.000 -11.000 451.000 -96.000
-78.000 -88.000 -78.000 86.000
-263.000 253.000 -263.000 -213.000
62.000 -445.000 62.000 376.000
