14 33
-312.000 380.000 21.000 380.000
-260.000 -283.000 -260.000 42.000
-187.000 -285.000 21.000 -285.000
-312.000 367.000 21.000 367.000
-14.000 148.000 -14.000 360.000
-110.000 -210.000 21.000 -210.000
-312.000 -133.000 -220.000 -133.000
-9.000 -225.000 21.000 -225.000
-165.000 -344.000 -165.000 452.000
-187.000 89.000 -72.000 89.000
-312.000 -86.000 21.000 -86.000
-302.000 -9.000 -302.000 260.000
11.000 -107.000 11.000 -35.000
-122.000 226.000 12.000 226.000
401.000 268.000 401.000 -422.000
100.000 -196.000 23.000 -196.000
-331.000 -498.000 -331.000 382.000
-355.000 380.000 106.000 380.000
-260.000 42.000 -260.000 -283.000
-187.000 -285.000 287.000 -285.000
421.000 -430.000 421.000 360.000
-329.000 307.000 -352.000 307.000
452.000 367.000 -368.000 367.000
458.000 134.000 458.000 235.000
69.000 -132.000 69.000 242.000
244.000 -136.000 244.000 -468.000
-14.000 360.000 -14.000 148.000
69.000 -210.000 -110.000 -210.000
135.000 -219.000 464.000 -219.000
-481.000 482.000 -481.000 67.000
-312.000 -133.000 -220.000 -133.000
48.000 -152.000 363.000 -152.000
-395.000 -392.000 -395.000 38.000
271.000 297.000 271.000 471.000
-315.000 -223.000 -315.000 -226.000
-9.000 -225.000 143.000 -225.000
-497.000 -37.000 -497.000 178.000
98.000 -270.000 98.000 -183.000
181.000 421.000 181.000 -11.000
-165.000 -344.000 -165.000 463.000
238.000 88.000 63.000 88.000
404.000 92.000 404.000 -402.000
-187.000 89.000 -72.000 89.000
-371.000 -86.000 384.000 -86.000
-302.000 -9.000 -302.000 260.000
-459.000 -104.000 -459.000 22.000
11.000 -35.000 11.000 -107.000
7 48
216.000 449.000 310.000 449.000
135.000 442.000 319.000 442.000
275.000 475.000 319.000 475.000
269.000 182.000 269.000 253.000
200.000 357.000 319.000 357.000
233.000 182.000 233.000 460.000
111.000 -235.000 111.000 -347.000
216.000 449.000 310.000 449.000
-188.000 333.000 -188.000 496.000
-173.000 31.000 469.000 31.000
372.000 442.000 -94.000 442.000
-416.000 195.000 -416.000 279.000
491.000 250.000 491.000 192.000
135.000 -369.000 191.000 -369.000
-5.000 -446.000 -5.000 377.000
400.000 200.000 400.000 -191.000
326.000 475.000 275.000 475.000
-14.000 -310.000 -477.000 -310.000
165.000 -50.000 344.000 -50.000
269.000 253.000 269.000 -477.000
-500.000 -420.000 -475.000 -420.000
-213.000 -197.000 -63.000 -197.000
-177.000 452.000 -177.000 225.000
-496.000 -295.000 -496.000 -236.000
457.000 -40.000 457.000 389.000
330.000 357.000 200.000 357.000
-415.000 344.000 -61.000 344.000
-52.000 -272.000 -52.000 484.000
-284.000 166.000 447.000 166.000
407.000 257.000 407.000 204.000
93.000 355.000 -465.000 355.000
392.000 239.000 332.000 239.000
453.000 16.000 453.000 335.000
115.000 443.000 116.000 443.000
-424.000 450.000 -424.000 -256.000
133.000 -316.000 -309.000 -316.000
428.000 470.000 428.000 10.000
2.000 -177.000 2.000 -118.000
212.000 489.000 -450.000 489.000
-455.000 -87.000 -455.000 -114.000
233.000 -391.000 233.000 460.000
-368.000 -5.000 -368.000 -360.000
-256.000 158.000 397.000 158.000
-308.000 490.000 158.000 490.000
-88.000 -100.000 -88.000 120.000
412.000 -30.000 412.000 -450.000
-216.000 286.000 -372.000 286.000
-310.000 -114.000 -310.000 78.000
112.000 117.000 228.000 117.000
-263.000 371.000 -263.000 -380.000
-104.000 239.000 -104.000 442.000
266.000 150.000 379.000 150.000
-415.000 -401.000 -415.000 327.000
35.000 210.000 64.000 210.000
284.000 -85.000 -291.000 -85.000
11 26
-248.000 58.000 -248.000 297.000
-327.000 78.000 -327.000 130.000
-260.000 173.000 -141.000 173.000
-57.000 62.000 -57.000 297.000
-39.000 274.000 -18.000 274.000
-207.000 210.000 -18.000 210.000
-365.000 144.000 -123.000 144.000
-304.000 286.000 -304.000 297.000
-345.000 125.000 -18.000 125.000
-43.000 263.000 -18.000 263.000
46.000 -152.000 46.000 -498.000
465.000 -458.000 465.000 -374.000
448.000 128.000 448.000 -155.000
-84.000 -235.000 241.000 -235.000
157.000 24.000 -422.000 24.000
-248.000 -354.000 -248.000 398.000
-327.000 130.000 -327.000 78.000
-141.000 173.000 -260.000 173.000
214.000 -182.000 227.000 -182.000
-185.000 -56.000 -185.000 -397.000
-198.000 -136.000 -369.000 -136.000
-327.000 -315.000 -327.000 -191.000
265.000 253.000 265.000 -269.000
115.000 -126.000 -229.000 -126.000
-472.000 -30.000 471.000 -30.000
-57.000 380.000 -57.000 62.000
-409.000 206.000 -409.000 392.000
210.000 274.000 -39.000 274.000
205.000 327.000 430.000 327.000
369.000 246.000 369.000 360.000
94.000 -420.000 -287.000 -420.000
-207.000 210.000 343.000 210.000
-441.000 144.000 -123.000 144.000
-304.000 286.000 -304.000 482.000
80.000 125.000 -345.000 125.000
-429.000 -198.000 -136.000 -198.000
-43.000 263.000 499.000 263.000
9 28
-105.000 -235.000 -105.000 -67.000
-163.000 -213.000 -163.000 -67.000
-64.000 -280.000 -64.000 -163.000
51.000 -144.000 229.000 -144.000
-358.000 -395.000 114.000 -395.000
-282.000 -357.000 -282.000 -67.000
-357.000 -372.000 -357.000 -112.000
87.000 -401.000 87.000 -162.000
-69.000 -48.000 -471.000 -48.000
-227.000 436.000 -227.000 369.000
459.000 278.000 459.000 103.000
-105.000 298.000 -105.000 -235.000
385.000 -71.000 438.000 -71.000
376.000 122.000 376.000 483.000
320.000 126.000 470.000 126.000
277.000 213.000 277.000 150.000
-163.000 31.000 -163.000 -213.000
-64.000 -163.000 -64.000 -280.000
51.000 -144.000 394.000 -144.000
321.000 -171.000 321.000 -457.000
259.000 367.000 196.000 367.000
114.000 -395.000 -489.000 -395.000
196.000 416.000 458.000 416.000
-485.000 -252.000 -417.000 -252.000
71.000 365.000 71.000 68.000
-282.000 269.000 -282.000 -357.000
122.000 -460.000 55.000 -460.000
-48.000 46.000 -48.000 415.000
38.000 -426.000 38.000 -437.000
206.000 -459.000 -173.000 -459.000
-357.000 -372.000 -357.000 -112.000
68.000 476.000 315.000 476.000
-380.000 -404.000 -170.000 -404.000
427.000 -65.000 427.000 -362.000
-418.000 -218.000 -418.000 -346.000
87.000 -496.000 87.000 -162.000
-341.000 74.000 -341.000 160.000
12 44
-205.000 -189.000 -205.000 -134.000
-246.000 -156.000 75.000 -156.000
71.000 -189.000 71.000 -134.000
459.000 -189.000 459.000 -134.000
-96.000 -189.000 -96.000 -134.000
325.000 -180.000 373.000 -180.000
-150.000 -189.000 -150.000 -134.000
-146.000 -189.000 -146.000 -134.000
92.000 -189.000 92.000 -134.000
111.000 -189.000 111.000 -134.000
324.000 -189.000 324.000 -134.000
163.000 -292.000 163.000 292.000
313.000 -268.000 -43.000 -268.000
309.000 368.000 324.000 368.000
202.000 -92.000 305.000 -92.000
-205.000 -353.000 -205.000 -67.000
328.000 152.000 -309.000 152.000
280.000 306.000 -424.000 306.000
-222.000 154.000 -222.000 97.000
75.000 -156.000 -371.000 -156.000
71.000 -318.000 71.000 389.000
112.000 138.000 112.000 268.000
-301.000 197.000 -301.000 369.000
-199.000 -223.000 193.000 -223.000
-80.000 164.000 -80.000 454.000
-338.000 182.000 -338.000 -334.000
484.000 -344.000 -91.000 -344.000
-226.000 327.000 -255.000 327.000
-66.000 471.000 443.000 471.000
442.000 -18.000 442.000 229.000
459.000 78.000 459.000 -374.000
247.000 478.000 247.000 292.000
-96.000 -391.000 -96.000 466.000
-254.000 335.000 -254.000 -7.000
-455.000 402.000 -262.000 402.000
-350.000 210.000 242.000 210.000
-452.000 -192.000 -452.000 -38.000
178.000 447.000 -308.000 447.000
189.000 -123.000 189.000 499.000
-207.000 264.000 -191.000 264.000
-296.000 -127.000 -296.000 -94.000
105.000 226.000 93.000 226.000
-449.000 339.000 -449.000 -289.000
373.000 -180.000 325.000 -180.000
-150.000 -456.000 -150.000 -6.000
-146.000 -93.000 -146.000 -222.000
92.000 379.000 92.000 -392.000
439.000 7.000 439.000 373.000
32.000 63.000 164.000 63.000
-32.000 143.000 -32.000 343.000
111.000 -443.000 111.000 423.000
324.000 46.000 324.000 -429.000
326.000 -481.000 326.000 -472.000
132.000 36.000 -352.000 36.000
-344.000 -499.000 -344.000 -210.000
-372.000 84.000 -22.000 84.000
10 36
258.000 193.000 316.000 193.000
258.000 -273.000 316.000 -273.000
258.000 217.000 283.000 217.000
258.000 163.000 316.000 163.000
258.000 361.000 316.000 361.000
291.000 -143.000 291.000 188.000
282.000 -316.000 316.000 -316.000
258.000 -211.000 308.000 -211.000
258.000 -275.000 316.000 -275.000
-65.000 376.000 -280.000 376.000
-195.000 -163.000 244.000 -163.000
-106.000 -389.000 -10.000 -389.000
230.000 193.000 359.000 193.000
253.000 -174.000 253.000 82.000
57.000 318.000 -475.000 318.000
-243.000 132.000 -243.000 248.000
337.000 -273.000 -464.000 -273.000
283.000 217.000 15.000 217.000
487.000 -80.000 487.000 -312.000
-131.000 52.000 -131.000 96.000
-318.000 163.000 439.000 163.000
-403.000 -433.000 -403.000 219.000
389.000 -273.000 389.000 414.000
-166.000 -115.000 -166.000 -440.000
-63.000 455.000 -63.000 -402.000
-390.000 179.000 -390.000 33.000
-87.000 110.000 -87.000 -214.000
404.000 361.000 217.000 361.000
-492.000 135.000 -492.000 -388.000
291.000 -143.000 291.000 188.000
95.000 -286.000 95.000 -205.000
443.000 -316.000 282.000 -316.000
167.000 -287.000 167.000 -381.000
197.000 -211.000 308.000 -211.000
483.000 -75.000 483.000 -309.000
410.000 -275.000 -30.000 -275.000
340.000 -70.000 340.000 66.000
-167.000 116.000 -412.000 116.000
-42.000 -414.000 -42.000 402.000
-144.000 -47.000 -144.000 -149.000
469.000 482.000 469.000 61.000
6.000 -399.000 -166.000 -399.000
-373.000 463.000 -494.000 463.000
257.000 12.000 -118.000 12.000
104.000 477.000 104.000 -265.000
389.000 295.000 340.000 295.000
14 42
185.000 -83.000 185.000 211.000
88.000 -83.000 88.000 64.000
-45.000 4.000 75.000 4.000
-45.000 -33.000 249.000 -33.000
-45.000 51.000 -33.000 51.000
116.000 179.000 116.000 211.000
83.000 -83.000 83.000 32.000
-45.000 -1.000 247.000 -1.000
-45.000 122.000 249.000 122.000
-10.000 -83.000 -10.000 211.000
-3.000 -83.000 -3.000 211.000
-45.000 -23.000 249.000 -23.000
50.000 -83.000 50.000 196.000
-291.000 65.000 -291.000 -350.000
185.000 -445.000 185.000 340.000
88.000 64.000 88.000 -113.000
-256.000 97.000 -256.000 385.000
-242.000 4.000 75.000 4.000
414.000 420.000 414.000 315.000
-158.000 -75.000 -158.000 418.000
-231.000 449.000 45.000 449.000
-391.000 -279.000 -126.000 -279.000
-135.000 -33.000 263.000 -33.000
292.000 274.000 292.000 84.000
-398.000 51.000 -33.000 51.000
340.000 262.000 -169.000 262.000
445.000 295.000 445.000 38.000
346.000 148.000 401.000 148.000
438.000 -216.000 310.000 -216.000
-261.000 -297.000 -186.000 -297.000
116.000 294.000 116.000 179.000
110.000 -414.000 363.000 -414.000
-300.000 304.000 -341.000 304.000
83.000 -96.000 83.000 32.000
247.000 -1.000 -158.000 -1.000
-180.000 185.000 -180.000 487.000
-25.000 257.000 -25.000 405.000
-324.000 122.000 347.000 122.000
-347.000 -372.000 -347.000 -214.000
-441.000 254.000 215.000 254.000
56.000 -487.000 -128.000 -487.000
500.000 -160.000 500.000 139.000
-204.000 -3.000 -204.000 -167.000
-10.000 -421.000 -10.000 228.000
-448.000 -204.000 -448.000 -217.000
274.000 338.000 -374.000 338.000
-497.000 -452.000 -497.000 66.000
336.000 -154.000 315.000 -154.000
-3.000 -176.000 -3.000 306.000
311.000 93.000 264.000 93.000
434.000 -23.000 -127.000 -23.000
50.000 196.000 50.000 -108.000
-81.000 -183.000 -79.000 -183.000
119.000 -437.000 -271.000 -437.000
-204.000 -151.000 292.000 -151.000
338.000 -419.000 338.000 -271.000
9 35
98.000 -214.000 214.000 -214.000
98.000 -36.000 233.000 -36.000
98.000 -196.000 165.000 -196.000
98.000 -77.000 178.000 -77.000
215.000 -353.000 215.000 -286.000
98.000 -293.000 233.000 -293.000
98.000 -388.000 233.000 -388.000
116.000 -73.000 116.000 105.000
-25.000 343.000 483.000 343.000
371.000 -151.000 371.000 -297.000
336.000 -390.000 268.000 -390.000
214.000 -214.000 -408.000 -214.000
-136.000 327.000 9.000 327.000
334.000 -36.000 -334.000 -36.000
53.000 385.000 211.000 385.000
165.000 -196.000 -362.000 -196.000
9.000 192.000 160.000 192.000
357.000 -65.000 274.000 -65.000
-377.000 -101.000 83.000 -101.000
363.000 -100.000 302.000 -100.000
-55.000 -462.000 -55.000 -219.000
-442.000 400.000 -9.000 400.000
178.000 -77.000 -267.000 -77.000
215.000 -353.000 215.000 -286.000
-179.000 -293.000 328.000 -293.000
-402.000 62.000 -402.000 296.000
62.000 201.000 62.000 -262.000
-81.000 -192.000 -81.000 -35.000
366.000 -388.000 72.000 -388.000
-442.000 411.000 361.000 411.000
-484.000 -153.000 -484.000 -36.000
-65.000 -468.000 -277.000 -468.000
-280.000 402.000 -280.000 315.000
-495.000 450.000 -179.000 450.000
-496.000 -392.000 -496.000 -74.000
491.000 -187.000 491.000 328.000
-204.000 -286.000 -111.000 -286.000
116.000 360.000 116.000 -73.000
274.000 49.000 274.000 -123.000
467.000 9.000 467.000 -121.000
-167.000 -393.000 -222.000 -393.000
-30.000 -188.000 -163.000 -188.000
-287.000 78.000 -362.000 78.000
-39.000 -495.000 333.000 -495.000
18 39
-293.000 -204.000 -293.000 186.000
-320.000 -204.000 -320.000 260.000
-249.000 -204.000 -249.000 252.000
-42.000 121.000 56.000 121.000
-69.000 -37.000 -69.000 145.000
-42.000 -204.000 -42.000 -74.000
-150.000 177.000 -150.000 269.000
-215.000 111.000 -215.000 283.000
-149.000 297.000 65.000 297.000
-238.000 119.000 -238.000 412.000
-209.000 125.000 -209.000 266.000
-331.000 -204.000 -331.000 65.000
-351.000 238.000 65.000 238.000
-160.000 -40.000 -160.000 -31.000
15.000 349.000 65.000 349.000
-351.000 268.000 65.000 268.000
-351.000 -21.000 -226.000 -21.000
-260.000 108.000 65.000 108.000
-293.000 -412.000 -293.000 186.000
-421.000 143.000 -421.000 -155.000
-320.000 260.000 -320.000 -432.000
-249.000 -304.000 -249.000 252.000
232.000 -413.000 309.000 -413.000
-229.000 -232.000 266.000 -232.000
56.000 121.000 -42.000 121.000
-69.000 145.000 -69.000 -37.000
-42.000 -74.000 -42.000 -348.000
223.000 -72.000 395.000 -72.000
-187.000 -331.000 -21.000 -331.000
160.000 -313.000 196.000 -313.000
-369.000 -104.000 -369.000 -325.000
278.000 -397.000 -100.000 -397.000
-150.000 177.000 -150.000 269.000
410.000 -263.000 -475.000 -263.000
176.000 -369.000 -368.000 -369.000
309.000 -315.000 278.000 -315.000
-215.000 111.000 -215.000 283.000
225.000 297.000 -149.000 297.000
362.000 465.000 236.000 465.000
387.000 450.000 387.000 -158.000
209.000 -446.000 209.000 431.000
-238.000 429.000 -238.000 119.000
-472.000 435.000 -28.000 435.000
-209.000 266.000 -209.000 125.000
-331.000 -237.000 -331.000 65.000
259.000 238.000 -483.000 238.000
-160.000 -40.000 -160.000 -31.000
482.000 72.000 453.000 72.000
345.000 -471.000 345.000 0.000
425.000 -253.000 465.000 -253.000
-52.000 -327.000 -482.000 -327.000
15.000 349.000 348.000 349.000
-444.000 268.000 383.000 268.000
232.000 -473.000 69.000 -473.000
-226.000 -21.000 -468.000 -21.000
-398.000 -465.000 -398.000 252.000
231.000 108.000 -260.000 108.000
8 34
195.000 -295.000 195.000 -149.000
-270.000 -194.000 -168.000 -194.000
-460.000 -225.000 -157.000 -225.000
-32.000 -204.000 -32.000 -149.000
-239.000 -178.000 -239.000 -149.000
-207.000 -297.000 -207.000 -149.000
-298.000 -229.000 -298.000 -149.000
-280.000 -119.000 -165.000 -119.000
384.000 253.000 -371.000 253.000
195.000 -295.000 195.000 209.000
479.000 -310.000 479.000 -180.000
-479.000 111.000 -479.000 -254.000
-270.000 -194.000 -168.000 -194.000
162.000 151.000 162.000 259.000
220.000 365.000 220.000 195.000
378.000 67.000 378.000 -261.000
-89.000 -70.000 -376.000 -70.000
47.000 -497.000 124.000 -497.000
498.000 -68.000 164.000 -68.000
-485.000 -225.000 -157.000 -225.000
321.000 -9.000 321.000 -309.000
29.000 409.000 29.000 168.000
394.000 -242.000 394.000 92.000
-32.000 -204.000 -32.000 -57.000
-494.000 103.000 -494.000 -374.000
464.000 455.000 464.000 -343.000
-239.000 187.000 -239.000 -178.000
-382.000 126.000 -382.000 348.000
-207.000 -418.000 -207.000 284.000
-25.000 162.000 -140.000 162.000
-298.000 55.000 -298.000 -229.000
37.000 395.000 37.000 408.000
310.000 272.000 310.000 -71.000
75.000 178.000 75.000 339.000
8.000 -108.000 -186.000 -108.000
358.000 -88.000 358.000 347.000
-327.000 399.000 -459.000 399.000
464.000 -470.000 464.000 161.000
167.000 375.000 53.000 375.000
-156.000 9.000 410.000 9.000
-243.000 104.000 -243.000 -103.000
-354.000 29.000 -354.000 79.000
