1600
575953 -238984 576032 -238995
575972 -239016 576031 -238992
575977 -239038 575973 -238961
576001 -238984 575957 -238962
575967 -239032 576007 -238958
575984 -239033 575985 -238987
576022 -238955 576045 -239050
576041 -238981 575995 -239009
576036 -239047 575997 -238950
575957 -238999 576010 -239032
576031 -239021 575978 -238993
575967 -238953 576009 -238952
576049 -238957 575962 -239037
576038 -239025 576032 -238991
575977 -238978 575973 -238989
575955 -239009 576012 -238958
575978 -238964 575986 -239047
575995 -239025 575959 -238959
575976 -238999 575999 -238989
575954 -238970 575954 -238995
575987 -239049 576044 -239026
576040 -239024 576004 -239021
576033 -239018 576000 -238970
576043 -239024 575975 -238980
576026 -238984 576038 -238967
576019 -239003 575950 -239032
576013 -239034 576040 -239046
576039 -239049 576014 -238994
576003 -238997 576026 -238968
575963 -239038 576013 -238985
575999 -239007 576025 -239024
576007 -239027 576043 -239000
576042 -238980 575994 -238981
575959 -238983 575955 -239027
576025 -238980 575977 -239018
575988 -238952 575969 -239016
575963 -238998 576006 -238999
575989 -238974 575982 -239011
575961 -238952 575969 -239011
575991 -239004 576002 -239015
575980 -238992 576021 -239022
575985 -238992 575981 -239003
575953 -238980 576026 -238986
576026 -238973 575973 -238958
575969 -238960 575992 -238953
576014 -238964 575990 -238998
576014 -239026 575966 -239016
576015 -238972 576001 -238955
576044 -239005 575958 -238952
576025 -239035 575968 -238954
575998 -238971 576003 -238988
576004 -239015 575964 -239037
575976 -238966 576045 -238999
576036 -239040 575994 -239012
576042 -239013 575997 -238969
576009 -239033 576047 -238998
576007 -238971 575999 -239004
575990 -238992 575981 -238969
575975 -239036 575982 -238981
576040 -238979 576021 -239024
576026 -239018 576032 -239036
575978 -238967 575960 -239003
576026 -238956 575958 -239000
576004 -238984 575950 -238950
576007 -238960 576045 -239038
575984 -239047 576011 -238950
576028 -238957 575974 -239032
575984 -238968 575951 -239004
576016 -238964 576032 -239026
576005 -239039 576007 -239028
575996 -238955 576041 -239049
576024 -238992 575967 -239024
575993 -238971 575989 -239021
576020 -239023 575987 -239005
575958 -239035 576032 -239029
575966 -239005 576046 -238999
575992 -239001 576006 -239010
575970 -238969 575952 -238976
575971 -238972 575989 -239050
576002 -239034 576041 -238998
576007 -238982 575957 -239015
575997 -238959 575980 -239018
576042 -238955 575997 -238977
575969 -238988 576014 -238965
575963 -239010 576046 -239039
576019 -238975 575984 -239013
576003 -238950 576024 -239049
575961 -239006 575957 -238963
576016 -238979 576017 -238969
575961 -239044 576021 -239028
575978 -239035 576039 -239040
575984 -239035 575960 -238993
576037 -239007 575965 -238992
575952 -239043 575950 -238990
576024 -238988 575960 -239015
575967 -238959 576006 -238970
576036 -238961 576022 -238998
575994 -238976 575982 -239001
576047 -239008 575984 -238981
576045 -239028 575958 -238966
576039 -238986 575965 -239039
575966 -238990 575985 -239029
576029 -238961 575958 -238958
575977 -239011 576016 -238957
576001 -239030 575961 -238984
575993 -238993 575990 -238969
576043 -239045 576007 -238994
576015 -238952 576029 -239017
576037 -238994 576017 -239022
576041 -238978 575952 -239036
575987 -239024 575968 -238981
575982 -239036 575983 -238963
575957 -239011 575973 -238955
575980 -239021 576031 -238972
575983 -239032 575983 -239013
576018 -238970 575959 -239015
576043 -238990 576036 -238988
576035 -239010 576013 -238980
576008 -239020 576000 -239007
576038 -238953 575971 -239035
576032 -239043 575952 -238964
575984 -238965 576046 -238982
576046 -238984 575976 -239015
576005 -239013 576003 -239045
576021 -239016 575983 -239012
576014 -239000 575965 -239012
576007 -238987 576047 -238969
575997 -239047 575964 -238957
576000 -239004 576024 -239018
575999 -238962 575983 -239050
576012 -238996 575962 -238981
575956 -239036 576010 -238995
575994 -238957 576044 -238976
576028 -239047 575962 -238953
576007 -238995 576039 -239044
575988 -239016 575975 -238982
576013 -238973 576038 -238955
575989 -239043 575991 -238981
576035 -238988 576039 -238954
575959 -239030 576032 -239045
576035 -239032 576050 -238964
576015 -238960 576013 -239001
576030 -238986 575966 -239032
576004 -239032 575980 -239036
575977 -238991 576002 -238978
575968 -238980 575983 -238978
576004 -239007 575966 -239050
576049 -239009 575980 -238976
576003 -238952 575983 -239035
576039 -239033 576038 -238985
576009 -238973 575999 -239037
576040 -238995 575978 -238983
576019 -239033 576038 -238989
576016 -239004 576023 -239012
575962 -239038 575961 -239027
576034 -239026 575963 -239009
576021 -238975 575972 -238964
576011 -239008 575968 -238992
575994 -238965 576015 -239013
575996 -238957 575980 -239015
575953 -238993 576048 -238995
575985 -238981 576011 -239028
575956 -238972 575985 -238979
575976 -239014 575957 -238956
575952 -239010 576021 -239025
575983 -239006 576044 -239039
575995 -239028 575968 -238957
575951 -239017 575989 -239032
576025 -238971 576017 -239011
575955 -238955 576027 -238970
576031 -239046 576021 -238981
575975 -238984 576008 -239007
576014 -239006 575973 -239024
576019 -239012 576005 -239025
576001 -238968 575964 -238988
576020 -239030 575958 -239020
576007 -238986 576013 -238964
575993 -238966 576026 -239027
575984 -238991 575963 -239006
575964 -239047 575966 -238960
576024 -238959 575958 -239042
575970 -238984 575965 -239021
575967 -239028 575961 -238960
576009 -239006 576016 -238950
575988 -238966 575952 -238967
575981 -239022 576022 -239023
576037 -239027 575980 -238974
575979 -238952 575978 -238980
576023 -239020 575963 -239003
575962 -238954 576045 -238984
576016 -239037 576008 -239002
575961 -238978 576015 -239024
575958 -239006 575966 -239035
576018 -239034 575976 -239024
575991 -239047 575998 -239006
575986 -239050 576012 -239005
575978 -239026 576023 -238959
576017 -239049 575988 -239007
575965 -238957 576032 -239049
575952 -239006 576046 -238978
-214036 -425022 -213962 -424989
-214019 -425039 -214008 -424990
-213971 -424953 -214050 -425039
-213953 -425012 -214039 -424991
-214033 -424951 -214027 -425031
-213950 -424955 -213988 -424970
-213985 -424987 -213959 -425001
-214005 -424997 -214032 -425017
-213964 -424999 -214026 -424973
-214046 -425042 -213975 -424959
-214024 -424988 -214047 -425041
-213979 -425013 -213983 -424970
-214005 -425015 -214022 -424951
-214011 -425025 -214031 -425039
-214035 -424983 -214000 -424978
-214044 -425036 -213977 -424994
-213988 -424959 -214017 -424976
-214014 -424963 -214006 -425032
-213966 -424991 -214032 -424970
-214049 -425020 -213985 -425013
-214041 -424990 -213995 -425008
-214018 -425030 -214048 -425005
-213964 -424951 -213958 -424968
-213972 -424961 -213966 -425040
-213953 -425046 -214048 -424954
-214023 -425017 -214009 -424968
-213976 -424986 -214007 -425033
-213988 -424962 -214026 -425016
-214020 -425035 -213999 -425030
-213976 -424965 -213951 -425007
-213953 -424959 -214023 -424979
-213956 -425035 -213999 -424953
-213982 -425043 -213965 -424985
-214048 -425041 -214016 -424997
-214040 -424956 -214045 -425011
-213999 -424957 -214026 -425018
-214041 -424992 -213990 -424971
-214014 -424996 -213965 -424973
-213987 -425022 -214030 -425037
-214012 -424976 -213985 -424952
-214016 -425029 -214032 -424992
-214041 -425043 -214017 -424973
-214005 -424985 -213997 -425022
-213983 -425022 -214028 -424986
-213985 -425034 -214025 -425029
-214025 -425034 -214050 -425013
-213975 -424964 -213995 -425018
-213950 -424953 -213978 -424984
-213995 -424973 -213967 -424980
-213994 -424958 -214050 -425003
-213985 -424998 -214024 -424953
-213967 -424971 -213951 -424965
-214020 -424967 -214032 -425029
-213991 -425039 -214001 -425006
-214003 -425024 -214028 -425005
-214046 -425035 -213953 -424997
-214050 -425009 -213969 -424974
-213971 -424971 -213973 -424976
-214015 -424974 -214017 -425003
-213990 -425025 -213957 -424977
-213971 -425009 -214035 -425050
-213990 -425048 -214018 -425023
-213990 -425023 -213978 -425023
-213976 -425042 -214045 -424995
-214043 -425045 -214042 -425014
-213973 -424971 -214014 -424990
-213997 -424963 -214036 -424960
-214017 -424990 -214048 -425048
-213950 -424994 -214004 -425046
-214004 -425040 -214014 -424964
-213976 -425026 -214038 -425046
-213971 -424969 -214020 -424975
-214021 -425039 -214031 -425017
-213999 -425024 -214027 -424972
-214043 -425033 -213963 -424973
-213999 -425027 -214024 -424960
-214031 -424959 -214016 -425021
-214024 -424977 -213982 -425044
-213957 -425024 -214050 -424967
-213968 -424954 -213961 -424996
-213966 -424976 -214027 -424957
-214045 -424996 -214049 -425011
-213972 -425019 -213999 -424967
-213978 -425021 -213962 -424988
-214043 -425031 -214004 -424982
-213994 -425023 -213980 -425044
-214037 -425025 -214043 -425028
-213981 -424983 -214003 -424975
-214012 -425021 -213955 -424952
-214044 -424968 -213977 -425005
-213965 -425037 -213978 -424967
-214043 -424999 -213971 -424978
-214017 -424951 -213996 -425043
-214038 -424954 -213986 -425039
-213953 -425024 -213992 -425030
-214001 -424961 -213979 -425026
-213964 -425041 -213965 -424998
-213979 -425030 -214030 -425049
-214026 -425026 -213988 -425026
-213969 -425013 -214022 -424974
-214015 -424951 -213951 -424961
-213966 -425030 -214016 -424965
-214014 -424988 -214006 -425034
-214035 -424957 -213957 -425031
-214004 -424984 -214005 -425000
-213952 -425027 -214000 -424991
-214020 -425010 -214037 -425040
-214048 -424993 -214037 -425000
-213985 -425039 -213983 -424957
-214029 -425037 -213992 -424977
-214030 -424974 -213965 -424952
-213966 -425044 -213980 -424964
-214008 -425005 -214043 -424987
-214039 -424994 -214049 -424962
-213968 -424977 -214023 -424993
-213968 -424962 -213996 -424990
-214027 -425008 -214049 -425005
-214048 -425011 -213990 -425039
-214017 -425040 -213967 -424992
-214009 -425001 -214001 -425005
-213964 -424992 -213979 -425041
-214042 -425007 -213985 -425010
-213996 -424974 -214048 -425030
-213962 -424982 -213998 -424994
-213985 -424973 -214015 -424971
-213976 -424980 -213998 -425025
-213973 -424996 -214032 -424966
-214012 -425010 -213991 -425016
-213973 -425015 -214021 -424963
-213986 -424985 -213990 -424973
-213997 -424994 -214013 -424960
-214026 -425035 -213969 -425007
-214018 -425016 -214028 -425048
-214017 -424993 -214008 -424951
-213997 -424991 -214050 -424964
-214036 -425001 -214041 -424976
-213972 -424956 -213976 -425044
-214004 -424977 -213962 -425020
-213963 -425030 -214029 -424992
-214009 -425006 -213979 -424952
-214029 -424956 -213970 -424954
-213951 -425019 -214047 -424978
-213951 -425016 -214021 -424987
-214029 -424982 -213961 -425016
-214006 -425015 -213962 -424950
-214007 -424950 -213967 -424970
-214050 -425004 -213979 -425036
-214024 -425031 -213992 -425032
-213991 -425019 -213972 -424990
-214048 -425037 -213982 -425014
-214005 -424964 -214037 -425049
-213964 -424972 -213979 -424995
-214021 -425002 -214024 -425013
-213970 -425046 -213976 -425033
-214029 -424986 -214034 -424991
-214026 -425014 -214027 -424979
-214035 -424962 -213979 -425005
-214020 -425019 -214033 -425001
-213994 -425006 -214021 -424999
-214000 -425024 -214015 -424988
-213999 -425039 -214050 -424995
-213988 -424986 -214047 -424977
-214018 -424986 -213952 -425018
-213997 -424951 -213960 -425045
-214025 -425019 -214020 -425029
-213993 -424989 -213966 -424960
-213971 -425018 -214019 -425032
-214011 -424973 -213992 -424999
-213998 -425018 -214010 -424981
-213955 -425020 -213969 -424950
-214006 -425047 -213966 -425005
-213986 -424951 -213960 -424957
-214011 -424961 -213969 -425049
-213980 -424951 -214021 -424980
-213998 -424961 -213967 -424956
-214016 -425048 -213954 -425032
-213973 -425024 -214003 -424958
-213960 -425028 -213979 -424967
-214033 -424957 -214025 -424999
-214042 -425016 -214049 -424975
-214003 -425005 -214040 -424966
-213970 -424980 -213974 -425006
-214040 -425001 -213975 -425048
-213974 -424993 -213983 -425040
-214033 -425010 -214049 -425008
-214047 -425023 -213981 -424971
-213955 -425028 -214019 -425050
-213993 -425006 -213988 -425049
-213987 -425006 -214040 -425000
-214045 -425043 -214016 -425030
-213979 -425018 -214031 -424954
-213987 -425044 -214009 -424989
-213953 -424975 -214000 -424974
-213963 -425025 -214018 -425028
-213953 -424973 -214006 -425027
-213962 -425048 -213961 -425014
-213961 -425029 -214019 -425047
-214026 -424954 -214013 -425047
-214003 -424963 -214037 -425042
-214013 -425019 -214024 -425048
-156005 519036 -156041 518955
-155972 518983 -156026 519041
-155951 518984 -156035 518985
-156033 519047 -155957 518969
-156019 518972 -156007 519043
-156003 518998 -155982 519000
-155985 518957 -155983 519032
-156046 519023 -155965 519016
-156025 518989 -155971 518970
-156024 518967 -155986 519022
-156006 519017 -156002 519036
-155968 519019 -155971 519010
-155990 519022 -155968 518987
-156022 518992 -156040 518990
-155985 518988 -156000 519007
-156008 518959 -155976 519006
-156047 519035 -155973 518979
-155980 519008 -156029 519010
-156006 519010 -155978 519045
-156005 518979 -155993 518964
-156036 518974 -155984 519030
-156048 518989 -155956 519041
-156032 519006 -155958 518958
-155981 518950 -155979 519012
-156038 519032 -155970 518994
-155970 518986 -155992 519010
-155951 519045 -156007 518991
-155964 519013 -156008 518989
-156031 519044 -155953 518988
-155981 518968 -155966 519038
-155977 518972 -155954 518975
-155996 518991 -156005 518985
-155970 518988 -155986 518956
-155976 519012 -155970 519039
-156039 518978 -155996 519040
-156032 519011 -156040 519026
-155965 518986 -155960 518996
-155980 519006 -156043 519045
-156025 518999 -156013 518994
-155977 518967 -156050 518965
-156046 518950 -156020 518970
-155999 519013 -156028 518975
-155962 519040 -155951 519032
-155961 519015 -155978 519047
-155958 519046 -155996 519017
-156020 518952 -155976 518951
-156024 518998 -156031 518981
-156036 518953 -156014 519038
-156021 519022 -155983 519000
-156033 518966 -155986 519032
-155959 518977 -156030 518952
-156036 519023 -156009 519021
-155977 519016 -156032 519037
-155984 519019 -155976 519013
-156000 519033 -156016 518990
-155987 519030 -156025 519020
-155955 518958 -155997 518955
-155995 518957 -156045 518965
-155966 518977 -156038 518991
-155965 518972 -155975 519015
-155960 519020 -155980 518982
-156041 518997 -156001 518985
-156026 519002 -155958 518966
-155985 518982 -156032 519007
-155983 518992 -155998 519012
-156025 519043 -155957 518977
-156004 519002 -155966 518987
-155954 519027 -156043 519036
-155973 519025 -155976 519027
-155984 519048 -155956 518985
-156006 518985 -156023 518950
-155988 518960 -156017 518987
-155954 519048 -155973 518976
-155977 518966 -155951 519033
-156022 518977 -155974 518989
-155964 518980 -155973 519008
-155965 519020 -156019 518964
-156020 518998 -156032 518964
-155987 518999 -155962 518960
-156010 519042 -156043 518991
-155964 519015 -155990 519028
-156045 519034 -155993 519050
-155964 518972 -156009 518988
-155996 518966 -155982 518981
-155999 518995 -156024 519036
-155959 518952 -156024 518959
-155976 518965 -156002 519002
-156011 518959 -155950 518993
-155987 519025 -156046 519022
-156025 518988 -155953 518959
-156007 519021 -156010 519040
-156038 519007 -156049 518962
-156009 519010 -155988 519017
-156014 518995 -156000 518983
-155952 518953 -155990 518990
-156026 519036 -156022 519017
-156010 518968 -155992 518976
-155978 519033 -155968 519013
-155954 518973 -155975 518977
-156017 518957 -156038 518951
-155954 519028 -156014 519035
-155982 519011 -155961 518967
-155964 518990 -156030 519011
-155975 518959 -155980 519037
-156019 519024 -155973 519042
-155997 519022 -155976 519036
-155967 519023 -155956 518986
-155971 518985 -155969 518985
-156037 519015 -155972 519048
-155973 519012 -155969 518952
-156042 518965 -155965 519041
-156006 518977 -155963 519050
-156024 519017 -155995 518962
-155974 518957 -155994 518962
-156007 519016 -156024 519041
-155982 519020 -155995 518983
-156016 519014 -155953 519013
-156036 518980 -156039 518987
-155978 518992 -155965 518992
-156012 519041 -156029 519044
-156045 518957 -155991 518956
-155994 519046 -156025 519013
-155985 518999 -155996 519002
-156041 518979 -156050 518972
-156011 518999 -155969 518984
-156008 519005 -155991 518985
-156031 518965 -156019 519021
-156015 519034 -155993 519003
-155959 518962 -156029 519015
-156005 519012 -155971 519011
-156021 519038 -156015 519025
-156040 518968 -156038 519004
-155959 519030 -156012 519003
-156009 519002 -155956 519026
-156014 518982 -155982 518965
-156007 518983 -155980 518985
-156014 518962 -156041 518967
-155986 519033 -155981 518986
-155995 518978 -155988 518968
-156008 519034 -156029 519047
-156042 518995 -156019 519011
-155975 518991 -155954 519031
-156018 519047 -156031 518987
-156049 518954 -155956 518956
-156006 519019 -155976 519008
-156027 519027 -155971 519045
-155985 518990 -155969 519025
-155969 518955 -156027 519022
-155998 518963 -156015 518968
-156013 519033 -155972 519038
-156020 518981 -156030 519019
-155950 519016 -156048 519014
-155971 518999 -155991 518966
-155997 518965 -156011 519037
-155987 519047 -156041 519001
-155954 518986 -156034 519017
-155956 518964 -155970 518961
-156045 518988 -156008 519009
-155982 519048 -155994 518981
-156004 519033 -156002 518978
-155958 518978 -156040 519004
-156017 518970 -156001 518961
-156050 519048 -156027 518987
-156024 519012 -155976 519031
-156035 518971 -155970 519003
-156047 518964 -156004 519050
-156008 519025 -156021 518977
-155989 518966 -156011 518983
-156036 519036 -155993 518973
-156001 519040 -155975 518976
-155983 518986 -156022 518991
-155978 518997 -156045 518975
-156003 519030 -156006 518991
-155984 519032 -155990 518973
-156035 519016 -155978 519008
-156044 519042 -156034 518959
-156017 519030 -155951 519044
-155961 519034 -156004 519034
-156013 518990 -156017 519025
-155963 519013 -155997 518992
-156020 519023 -155999 518986
-155988 518967 -156011 519039
-156014 518983 -156039 518996
-156030 518985 -155973 518961
-155950 518980 -156048 518955
-155989 519050 -156027 519034
-155982 518967 -155983 518960
-156002 519048 -155956 518974
-155958 518995 -155966 518964
-155978 519003 -155979 519036
-156001 518979 -156008 519008
-156023 518969 -155972 519026
-155983 519011 -156016 519043
-155957 518963 -156047 519001
-155954 519013 -156007 518986
-156029 518956 -155993 518967
-156024 519007 -155980 519012
-155980 518972 -156015 519006
-156005 518996 -155979 519029
-155973 519027 -155993 519007
-677031 -993987 -676969 -994003
-677047 -993957 -676964 -994034
-676954 -994024 -677023 -993974
-676992 -993984 -677028 -994037
-676955 -993988 -676964 -994020
-676957 -994012 -676978 -994022
-677000 -993971 -676988 -994008
-677030 -993978 -676993 -993990
-677041 -994033 -676958 -993957
-677022 -994030 -677000 -993956
-677041 -993950 -676977 -994007
-677022 -994049 -677039 -993985
-677022 -993962 -676955 -994010
-677045 -993962 -676980 -994009
-677044 -994050 -676961 -994016
-677008 -994023 -677041 -993971
-676957 -994023 -676967 -993970
-676970 -993998 -676978 -993954
-676981 -993997 -677040 -993985
-676997 -994028 -677035 -994010
-676957 -993978 -677027 -994037
-677011 -993965 -676963 -993973
-677039 -994045 -677014 -994015
-677048 -994036 -677010 -993975
-676951 -993996 -676974 -993955
-676995 -993952 -676964 -993992
-677004 -993979 -677014 -994009
-676992 -993956 -677048 -993976
-676981 -993952 -677002 -993956
-676972 -993959 -676976 -994015
-676961 -993951 -677004 -993968
-677028 -994007 -676967 -993988
-676975 -993952 -676963 -993990
-677015 -994031 -677048 -993990
-677005 -994020 -677018 -994025
-677032 -993982 -677034 -993992
-676985 -994008 -677005 -994016
-676989 -993982 -677050 -994000
-676992 -993983 -676952 -993964
-677001 -994028 -677035 -993984
-676959 -993964 -676996 -993977
-677022 -994014 -677010 -993985
-677016 -993982 -676977 -993956
-676954 -993966 -676963 -993981
-676965 -993957 -677048 -993984
-677008 -993977 -677014 -993981
-676967 -993977 -676961 -993985
-677044 -993979 -676959 -994013
-676962 -993977 -677012 -993952
-676968 -994013 -676977 -993966
-677024 -994025 -676983 -994036
-677045 -993982 -677007 -993953
-676965 -994018 -676998 -993967
-677003 -994004 -676952 -994021
-677043 -993983 -677034 -993967
-676977 -994015 -676962 -993951
-676966 -994013 -677022 -994050
-676966 -994045 -677006 -994026
-677050 -994050 -676950 -994028
-677038 -993976 -676960 -994046
-677039 -993980 -676953 -994050
-677006 -993991 -677037 -993974
-677007 -993964 -676951 -994002
-676957 -993955 -677016 -993966
-677046 -993989 -677013 -993961
-676996 -993996 -677026 -994020
-677009 -993967 -676980 -993999
-677016 -994000 -676986 -993952
-676987 -993996 -677010 -994046
-677003 -993956 -677023 -994044
-676962 -994037 -677012 -993999
-677044 -993967 -676965 -993984
-677040 -993978 -676966 -994031
-677010 -993980 -676994 -994029
-677027 -993959 -677045 -994025
-676995 -993957 -677029 -993967
-677015 -993975 -677018 -994033
-677035 -993977 -677044 -994036
-676973 -993951 -677020 -994046
-677019 -993950 -677013 -993984
-677018 -994037 -677028 -993986
-677039 -994046 -676981 -993960
-676965 -994023 -677022 -993984
-677031 -993970 -677044 -993954
-677045 -993979 -677014 -993993
-677037 -994010 -676975 -994000
-677028 -993968 -677000 -994015
-676974 -993975 -676985 -994004
-676964 -994037 -677009 -994040
-676967 -993956 -676984 -993982
-676972 -994044 -677026 -994013
-677042 -993986 -676958 -994012
-676991 -994042 -677014 -994043
-676967 -994017 -677031 -993963
-677004 -993981 -676955 -993964
-676957 -993950 -677040 -993953
-676951 -994017 -677031 -993999
-676992 -993993 -677000 -993974
-676966 -993997 -677010 -993992
-676969 -993967 -676993 -994017
-677029 -994008 -677039 -994004
-677049 -994014 -676992 -993977
-676987 -993967 -676981 -993993
-677020 -993985 -677012 -994041
-677032 -993997 -677036 -993953
-677017 -994050 -676960 -994007
-677029 -994020 -677019 -994008
-676968 -994040 -677033 -993969
-676982 -994007 -676995 -993995
-677000 -993981 -676989 -993955
-676955 -994013 -676966 -993966
-677036 -994037 -676981 -993956
-677033 -994049 -677044 -994006
-676991 -994037 -676951 -994008
-677036 -994043 -676966 -994022
-676967 -994046 -676972 -993983
-676954 -994005 -677030 -993957
-676965 -993971 -677047 -993976
-677029 -994038 -676951 -993970
-676969 -993985 -676960 -994036
-676977 -993988 -676996 -993959
-677005 -994041 -676994 -993991
-676965 -993972 -677026 -994024
-677036 -994034 -676961 -993958
-677017 -993983 -676965 -994031
-676972 -993967 -676975 -994049
-677019 -993990 -677006 -994045
-677021 -994005 -677050 -994017
-677012 -994029 -677017 -993959
-677038 -994025 -677019 -994030
-677045 -993978 -676979 -994031
-677027 -994036 -676998 -993968
-677032 -994034 -676970 -993987
-677044 -993982 -676972 -994045
-676951 -994041 -676962 -993973
-677000 -993973 -677048 -993966
-676955 -993952 -676966 -993962
-677031 -993964 -676984 -993960
-676967 -993987 -676971 -994047
-677025 -993954 -676966 -994007
-676997 -993974 -677001 -994050
-676983 -993993 -677017 -994027
-677016 -993999 -676994 -994037
-676974 -993954 -676989 -993977
-677005 -993954 -676991 -993953
-677006 -994008 -677030 -994027
-677028 -993969 -676992 -993995
-677038 -993989 -677020 -993988
-676953 -994039 -677003 -993988
-677000 -994035 -677003 -994029
-676997 -993992 -676960 -993964
-676965 -993954 -676985 -993958
-676952 -994008 -677028 -994044
-676957 -993990 -676979 -993974
-677029 -993960 -677009 -994024
-676950 -994019 -676966 -994050
-677024 -994032 -676951 -994031
-676963 -993970 -677005 -994003
-677004 -993960 -676976 -994046
-676979 -993975 -676995 -994038
-676971 -994037 -677019 -993963
-677009 -994048 -676997 -993988
-677022 -994022 -677023 -993986
-676972 -994018 -677004 -994028
-676952 -993985 -676979 -993995
-677031 -994033 -677020 -993970
-677008 -994012 -676969 -994023
-677008 -994005 -676972 -993955
-676976 -993991 -677050 -993951
-677014 -993967 -677013 -993977
-677021 -994025 -676985 -994018
-677024 -993994 -676998 -993977
-677009 -993999 -676995 -994027
-676990 -993973 -676999 -993993
-677030 -994012 -676999 -994048
-677037 -994027 -677041 -994012
-676994 -994048 -676950 -994050
-676957 -993979 -677040 -993973
-677008 -993994 -677038 -994033
-676955 -994008 -677041 -993956
-676992 -993968 -677003 -994048
-676959 -994012 -676967 -994004
-676957 -994003 -676993 -994018
-677009 -994049 -677008 -993979
-677018 -993985 -676950 -993992
-677036 -994025 -677041 -993979
-677048 -994009 -677050 -994040
-676970 -993993 -676968 -993966
-676964 -994021 -677001 -994013
-677020 -993977 -676981 -993986
-677025 -994050 -676952 -993965
-677037 -994005 -676950 -993953
-676987 -993978 -677033 -994021
-677028 -993958 -676990 -994021
-677016 -994050 -677016 -994029
-677039 -994047 -677044 -993959
-676993 -993967 -677016 -994028
-676974 -993963 -677014 -993992
-677050 -993958 -676992 -994050
-677039 -994017 -677000 -994004
363009 -617950 362965 -618039
363006 -617955 363013 -618025
362957 -618027 363015 -618024
362991 -617959 363000 -617990
363030 -618026 362959 -617969
362986 -617950 362960 -618012
363014 -617963 363019 -618031
363047 -618050 363007 -617956
362966 -617979 363010 -618006
363013 -618015 362955 -618020
362958 -617983 363032 -617959
362973 -618021 363024 -618034
363047 -617980 362977 -617971
362995 -617984 362996 -618010
362958 -617995 363008 -617996
363016 -618015 362974 -618001
362957 -617981 362961 -618046
362983 -617979 363043 -617992
363029 -617999 362955 -618026
363033 -617987 363000 -617951
362987 -618007 363030 -617967
363018 -617998 362983 -617966
362955 -617972 363021 -617951
362991 -618037 362962 -618031
363019 -617975 362963 -618046
362999 -617978 363037 -617965
363044 -617961 362993 -618042
363004 -618012 362973 -617963
363011 -618015 363045 -618043
363038 -618019 363018 -618045
362984 -618033 362999 -618035
363020 -618045 363002 -618018
362997 -618014 362991 -617998
363022 -618048 362976 -617996
362980 -617971 363029 -617992
363031 -618020 363035 -618039
363036 -618012 362995 -618001
363034 -618025 362987 -618009
362976 -618014 363002 -617951
362980 -617990 363035 -618024
362989 -617960 362991 -617983
363017 -618039 363012 -618002
362974 -617986 363048 -617999
363032 -617992 362966 -618005
363002 -618032 362972 -617964
363024 -617986 362985 -617950
362967 -618046 363049 -617981
363021 -618007 363035 -617952
363032 -618005 362995 -618023
362971 -617967 362996 -618016
363041 -617963 362976 -617980
362997 -618004 362955 -617979
362978 -618045 362999 -617963
363026 -618038 363042 -617982
363042 -618046 363018 -618047
363013 -618033 363043 -618039
362993 -618040 363022 -617950
363048 -617995 362991 -618024
362970 -617980 362992 -617963
362977 -618044 363003 -617974
363046 -617958 362957 -617960
362962 -617961 363019 -618034
363018 -617982 363048 -618030
363017 -617989 363040 -617980
362962 -618028 363007 -618029
362964 -617980 363044 -617978
362971 -618019 363004 -618034
363020 -617951 362983 -617955
363015 -618037 363040 -618030
363037 -618049 362953 -618009
362978 -618021 363005 -618006
363031 -617993 362991 -617952
363000 -617968 363010 -617964
363025 -617959 362961 -618028
362993 -618024 363020 -617999
363037 -618050 363049 -618017
363046 -618026 363025 -618029
362974 -617983 362997 -618007
363044 -617964 362981 -618046
362990 -618006 362998 -618047
362986 -617971 362963 -617987
362977 -618038 362954 -617975
363034 -618045 362983 -618033
362952 -617964 363014 -618023
362964 -618010 362994 -617976
362984 -618014 363031 -618041
362957 -617955 362977 -617962
362959 -618017 363032 -617957
363007 -618005 362966 -617962
363010 -617978 363033 -618010
362980 -618028 363014 -617978
363013 -618029 362998 -618045
362980 -617978 362986 -617990
362951 -617970 363012 -618007
362992 -618001 363002 -617977
363018 -617987 363041 -617962
363004 -618015 362981 -617953
363012 -617953 362999 -618049
363022 -618040 362964 -617956
363040 -618026 363017 -617958
363031 -617957 363004 -617969
362966 -618020 362975 -617991
362974 -618025 363039 -617963
362996 -618018 362962 -618033
363047 -618037 362954 -618031
362980 -618010 362963 -618012
362961 -618012 363013 -618042
363050 -618006 363009 -618033
363029 -617972 362967 -617995
362954 -618025 363037 -617951
363006 -617967 362989 -617954
362952 -618048 363021 -617975
362996 -618045 362951 -618034
363039 -617997 363002 -617958
363037 -617953 362961 -618033
363010 -617989 363034 -617984
363037 -617980 363020 -618028
363024 -617970 363034 -618022
363004 -617975 362972 -618027
362998 -618015 363042 -617988
363048 -618014 362999 -617973
363023 -618016 362963 -618050
362994 -618032 362986 -617976
363049 -618034 362997 -618023
363044 -617972 363027 -618011
363007 -618016 363045 -617960
363011 -617994 362956 -617960
362958 -618011 363032 -618039
363036 -618016 362950 -618024
363023 -618010 363049 -618003
362975 -617977 363012 -618030
362957 -617997 362958 -617973
363019 -618035 363045 -618039
362954 -617956 362952 -618015
362994 -617957 363029 -617959
362953 -617954 363025 -618049
362978 -618007 363027 -617956
362957 -617977 363029 -618039
363020 -618010 363046 -618035
363043 -617970 363015 -618046
362990 -617961 362960 -618006
362970 -618008 363050 -617991
362977 -618048 363013 -618026
363038 -617979 363050 -618007
362958 -617955 362992 -617994
362990 -617990 362972 -617980
362978 -618049 362987 -618017
363003 -617996 362959 -617959
362950 -617951 363014 -618016
363019 -617997 362988 -618048
363037 -617963 362957 -617951
363049 -618045 362958 -617978
363026 -618032 362991 -618017
363048 -618049 362981 -617981
363016 -617985 362991 -617980
362987 -618033 363038 -617983
362998 -617957 362968 -618004
363002 -617967 362973 -618006
363038 -618018 362984 -617956
362969 -617990 363021 -617986
362967 -618037 362956 -617983
363026 -617991 362988 -618045
362977 -618027 362982 -618031
363015 -618048 362998 -618031
363000 -617985 363032 -617986
362954 -618006 362967 -617959
362951 -617953 362982 -617960
362964 -617954 362956 -617964
363011 -617998 363042 -618038
362970 -617995 363027 -618010
362984 -617952 362986 -617969
363029 -617976 363030 -617978
362967 -618006 362953 -618026
363041 -618011 362966 -617975
362980 -618018 362997 -617963
363035 -618023 362960 -618020
362991 -618019 363040 -618002
362984 -618003 363005 -617970
363005 -618030 363006 -617953
363036 -617988 363019 -617964
363017 -617964 362953 -618037
363048 -618037 363027 -617964
363033 -618017 362990 -617988
362967 -617983 362957 -618008
363025 -617983 362980 -618002
363026 -618004 363017 -618004
363016 -617964 362985 -617966
363017 -618025 362988 -618015
363044 -617987 363011 -618032
363003 -617954 362986 -617984
362987 -617985 362991 -618009
363022 -617977 362967 -617993
362960 -617968 362966 -617992
363009 -617956 362976 -617952
362958 -618037 363022 -618044
363020 -617981 363028 -617993
362952 -618045 362996 -617953
362991 -618003 362960 -617971
362955 -617959 362986 -617985
362950 -618000 362972 -617975
-936030 -895981 -935959 -896024
-936009 -895953 -936017 -896031
-936009 -895994 -936045 -895968
-936021 -895954 -935992 -895981
-935974 -896019 -936041 -896023
-936025 -895954 -936009 -896037
-936028 -896021 -935957 -896007
-936010 -896003 -936049 -895996
-936006 -896044 -936023 -896008
-935956 -895956 -935999 -896026
-936035 -895980 -935965 -896005
-936015 -896044 -936021 -895988
-935979 -895988 -935971 -896012
-935993 -895971 -935983 -896026
-935975 -896004 -936024 -896021
-936019 -896038 -935985 -895991
-935972 -895959 -936046 -896004
-936038 -895988 -936020 -896021
-936029 -896002 -935990 -896009
-936017 -896032 -936013 -895984
-935993 -895963 -935980 -896032
-936038 -895959 -936009 -896034
-936023 -896017 -936021 -895971
-936033 -896005 -935960 -895958
-936020 -895972 -936023 -896038
-935975 -895959 -936010 -896029
-936018 -895969 -935961 -896031
-935978 -895990 -935959 -895968
-935959 -895955 -935977 -895973
-935962 -896028 -936034 -896015
-935954 -895952 -936019 -896030
-935957 -895959 -936034 -896012
-936032 -895959 -935961 -895994
-936022 -896050 -935970 -895978
-936025 -896023 -935956 -895973
-935997 -896029 -935955 -895951
-935990 -895991 -936006 -896046
-935997 -896006 -936008 -895957
-935980 -895993 -935981 -896021
-936029 -896049 -936021 -895980
-935984 -896012 -935964 -896034
-935958 -896043 -936042 -895987
-935982 -896007 -935990 -895979
-935967 -896048 -936029 -896017
-935955 -896022 -935969 -895975
-935957 -896031 -936048 -895984
-935961 -895980 -936046 -895999
-935971 -895981 -935956 -895990
-935950 -896009 -936016 -895953
-936049 -896016 -935964 -895988
-935969 -896045 -936006 -895995
-936024 -896035 -936032 -895982
-936034 -896040 -935994 -896003
-936039 -895980 -935990 -895996
-936012 -896049 -935972 -896011
-936000 -895966 -935981 -896043
-936045 -895965 -935984 -896033
-935987 -896041 -935996 -895952
-936010 -896000 -935984 -896028
-936009 -896013 -936027 -896036
-935951 -895977 -935966 -896035
-935996 -895974 -935979 -895968
-935992 -895962 -936050 -896011
-935986 -896013 -936049 -896032
-936012 -895998 -936022 -896001
-935953 -896021 -936024 -895986
-936022 -896011 -935952 -896000
-935990 -895960 -935977 -895993
-936025 -895985 -936043 -896049
-936017 -895961 -936050 -896029
-935992 -896037 -936012 -896024
-935964 -896020 -936034 -895977
-935982 -895977 -936015 -895954
-936005 -896025 -936009 -895989
-936036 -896012 -936037 -896030
-935964 -896012 -935974 -895954
-935968 -896035 -935958 -895997
-936045 -895980 -935964 -896014
-936042 -896038 -936036 -896042
-935950 -896011 -936046 -896010
-936003 -895995 -936001 -896008
-936018 -895956 -935990 -896038
-936042 -895963 -935954 -895983
-935971 -896005 -935970 -896032
-936027 -895970 -935981 -895957
-936005 -896032 -936019 -896031
-935952 -896012 -936021 -895957
-936037 -896013 -936001 -896033
-936023 -896028 -935965 -896038
-936001 -895995 -936004 -896046
-936002 -895970 -936031 -895963
-935982 -895992 -935995 -896019
-936033 -896010 -936021 -896017
-936009 -896003 -936034 -896042
-936044 -896024 -936015 -895982
-935966 -895975 -936046 -896020
-935957 -895953 -935985 -895963
-935962 -896008 -935950 -895951
-935979 -896049 -936042 -895976
-936047 -896017 -935964 -895990
-936004 -895950 -936007 -895974
-935986 -895956 -935962 -896016
-936023 -895981 -935964 -896044
-936006 -895996 -935962 -895995
-935978 -896043 -936048 -896016
-935989 -896013 -935964 -895989
-935957 -896050 -936007 -895988
-935992 -895992 -936007 -896005
-935967 -896005 -936030 -895966
-935991 -895967 -936001 -896037
-936014 -895957 -935980 -895990
-935983 -896028 -935951 -896009
-936011 -895979 -935957 -895977
-936034 -895991 -935969 -895986
-936008 -896006 -935980 -895951
-936011 -896009 -935962 -895987
-935964 -895967 -936040 -896021
-936000 -895977 -935992 -896021
-936020 -896029 -936038 -895994
-935992 -896038 -935955 -896007
-935992 -896050 -935994 -895977
-936031 -895979 -935990 -896002
-936049 -895959 -935968 -895986
-936016 -896029 -935971 -895960
-936040 -895967 -936023 -896049
-936006 -896015 -935988 -895976
-936005 -896005 -936035 -895989
-936040 -896030 -936026 -895957
-935972 -896042 -935988 -896038
-935987 -895981 -936032 -895980
-936004 -896011 -936035 -896029
-935955 -896038 -935966 -895994
-935986 -895984 -936029 -895994
-935976 -895975 -936023 -896040
-936006 -896040 -936030 -895987
-935951 -896023 -936038 -896004
-936022 -896003 -935986 -896010
-935965 -896033 -936044 -896003
-936021 -895986 -935969 -896050
-936050 -895968 -935972 -896028
-936028 -896047 -936032 -896020
-936023 -895996 -936040 -895988
-935962 -895952 -936014 -895954
-936028 -896019 -936026 -896035
-935996 -895990 -935951 -895952
-936038 -896010 -936037 -895975
-935969 -896033 -935983 -896041
-935957 -896045 -936035 -896003
-936032 -895976 -935978 -895978
-936038 -895967 -936044 -895993
-936037 -895977 -936000 -895990
-935998 -896009 -935987 -896032
-936002 -895955 -935967 -896047
-935966 -895999 -935981 -896018
-936014 -895997 -936024 -896026
-936027 -896040 -936014 -895999
-935972 -895983 -936014 -895991
-935991 -896041 -935957 -895962
-936021 -895993 -935992 -896014
-936010 -895968 -935972 -895977
-935977 -895958 -936025 -895987
-935982 -895986 -936032 -896038
-936010 -896010 -936044 -895952
-936005 -895960 -935999 -895981
-936040 -895965 -935975 -896020
-936030 -895972 -935980 -895960
-935977 -896014 -936030 -896015
-935972 -895979 -935981 -895965
-936022 -895961 -936011 -896037
-935965 -896008 -936027 -896016
-936024 -895994 -936044 -895992
-935963 -896009 -936041 -895983
-935983 -896007 -936042 -896039
-935981 -896049 -936028 -895968
-935956 -895989 -936010 -896005
-936040 -895975 -936023 -895957
-935995 -896007 -936022 -896004
-935993 -895993 -935962 -895973
-935964 -896050 -935972 -896013
-936049 -896004 -935992 -896040
-935954 -896023 -936029 -895981
-936017 -896009 -936038 -896043
-936041 -895977 -935954 -896013
-936048 -896001 -936032 -895979
-936036 -895968 -936016 -896037
-936034 -896024 -936039 -896044
-936027 -895999 -936042 -895992
-935960 -895995 -935993 -896011
-936020 -896033 -936034 -896046
-935966 -895960 -936003 -896002
-936030 -895975 -935996 -896021
-935960 -896038 -936037 -895959
-936021 -895987 -935999 -895984
-935955 -896006 -935961 -895951
-936015 -895972 -936036 -896015
-935975 -895998 -935952 -895999
-935957 -896022 -935983 -895970
-935976 -895974 -936035 -895994
-936029 -895992 -936028 -895950
-936037 -896019 -935982 -895999
784000 50980 783980 50961
783961 50984 784012 50974
783970 50972 784000 50950
784002 50972 783971 51023
784039 50971 783967 50969
784017 51048 783969 50966
783979 51009 784004 51036
783987 50963 783964 51022
784036 50951 784027 51017
784018 51027 783965 50986
784012 51029 784044 50951
784014 50976 783960 51021
783974 50976 783962 50958
784036 51025 783974 51018
783998 51049 784004 50993
784014 51019 784041 50981
784014 51043 783954 50952
783986 50953 783964 50997
784027 51011 783984 50962
784010 51026 784016 50981
783997 51021 784004 50970
783975 51015 784016 50954
783961 51012 784032 50978
783982 50999 784027 51050
784034 50956 783997 51038
783956 50993 784018 50972
784025 51032 783950 50959
784015 51027 784044 51021
783971 51038 784043 50985
783999 51035 783967 51050
784006 51042 783951 51020
784037 51013 783963 51028
784036 50953 784032 50996
784016 51030 783962 50993
783992 50983 783950 50968
783975 50991 783974 50975
783956 51048 783986 51005
783996 50950 784049 51040
784010 50994 783989 51042
783993 51020 784009 51044
783958 51050 784036 51006
784028 51021 784041 50987
783999 51020 784047 50965
784032 50988 783965 50952
784037 50996 783962 51003
784049 51023 784029 50996
783968 50980 783965 50956
783960 50998 784034 51025
783973 50981 783960 51031
784030 50951 783953 50978
784007 50963 783962 51004
783957 50988 783974 50998
784047 51018 784000 51013
784047 51013 784007 50989
783961 51027 783982 50970
784025 50968 784047 51043
783962 51008 784013 51035
783995 50986 784037 50994
784024 51044 784020 50980
783950 51050 784048 51007
784001 51005 784030 50963
783964 51030 784033 50964
783991 51032 783961 51046
784028 50955 784024 50995
783953 51011 784027 51040
784015 50954 783997 51047
783970 50992 784033 51026
783984 50985 783974 51025
783964 50974 784016 51050
783993 50997 783969 51030
783968 51047 783985 50992
784034 50986 783975 51050
784048 50964 783986 50954
784027 51039 784048 51038
783955 50950 784044 51010
783970 51016 783970 51027
783972 51004 784041 51010
783983 51004 784013 51009
784050 51050 784011 50988
783959 50962 784049 51041
784016 51020 784014 51021
784024 50965 784005 51002
784041 50966 784040 51043
783975 50980 783980 51005
784006 50999 783954 50976
784040 51002 783952 50952
783997 50988 784048 51004
784023 51002 784047 51033
784031 51025 783978 50963
784018 50965 783976 51023
783989 51003 783963 51034
783957 50975 783999 50966
784008 51041 783995 51011
784001 50992 784034 50953
783954 50957 783958 51043
784023 50977 783965 51041
784024 51008 784015 50996
783954 50979 783965 50993
783975 51017 783992 51025
784048 51050 784023 50969
783976 50953 783983 51001
784016 50984 783974 50990
784041 51038 783979 50987
784037 51022 784002 51043
783956 51024 784032 51041
784000 51012 784031 50966
783955 51020 783977 51036
784003 51041 783959 51020
784033 51000 783987 50990
784034 51008 783971 51019
784011 51044 783995 51020
783970 51039 784042 51000
784022 51050 783956 51039
784004 50977 784033 50993
783971 51026 783977 50987
783951 50962 784033 50974
783999 50956 783997 50982
783964 51047 784009 51030
784012 50960 783959 50979
784020 51047 784011 50966
783999 51024 783980 51010
784012 50989 783957 51027
784037 51045 784010 51033
784048 50992 783952 50972
784014 50972 783954 50950
783955 51028 784036 50955
783984 51032 784020 51016
784000 51023 783992 51003
784039 51045 783973 50971
783998 50976 784041 50970
784018 51009 784035 50978
783964 50959 783966 50991
784031 51009 783999 50964
784016 50994 783955 51003
784033 50950 784037 51043
784034 50991 783976 50984
783975 51048 784026 51031
784019 51022 784018 51007
784003 51050 784029 50988
783960 50984 784049 50983
783977 51002 783950 51033
784001 51050 784024 51011
783983 50986 784014 51012
783978 51026 784012 50977
784027 51046 783956 50996
783962 51039 783983 51041
783952 50963 783969 51043
784006 51029 784029 51004
784024 51047 784036 50959
784013 51023 783982 51038
783996 50971 784007 51017
783964 51020 784018 51028
783998 51006 784035 50987
783950 50995 783955 51025
783985 51040 784042 50998
783973 51000 784039 51027
783993 50972 783990 50953
783993 50959 784040 51026
783991 51015 783964 51036
783959 50975 783966 51034
783998 50997 784024 50978
783986 51031 783995 50956
783950 51018 784023 50962
784034 50985 784001 50979
783991 51046 784042 50989
784036 51007 784047 51046
783983 51049 784001 51042
784029 50976 783986 51017
784032 50965 783962 51012
784006 51018 784015 51007
784000 51026 783978 51025
783985 50991 783982 50976
784017 50990 783985 51018
783963 50994 783977 51029
784001 50970 783971 50952
784006 50994 784005 51007
784026 51049 783982 51008
784007 51016 783977 50957
783954 51015 784017 50976
784028 51023 783954 50995
783995 50978 783969 50965
783990 50964 783992 51017
784025 51020 784028 50963
784030 50972 784003 50965
784024 51049 784028 50956
783991 51029 783995 50992
784046 50977 783954 50992
783972 51044 784040 50990
783962 50991 784049 50977
783994 51000 783979 50968
784039 51003 784023 51049
783986 51035 784019 50996
783968 51039 784045 50952
784017 51014 783990 50974
783991 51014 783985 51036
784010 51018 784031 50988
783969 50961 783996 51024
783961 51007 784013 50983
783967 51027 783983 51050
784005 50984 783979 50955
-819969 498001 -820032 498008
-819967 498041 -819990 498001
-820009 497988 -820024 498029
-820011 498000 -820003 498040
-819972 498010 -819985 498011
-819961 497965 -820002 498040
-820035 497955 -819999 498006
-819991 498025 -820042 497972
-820004 497982 -820021 497991
-820036 497963 -819971 497993
-820039 498044 -819953 498038
-820030 497986 -819970 497973
-819975 497999 -820004 497980
-819977 497957 -820005 497990
-819983 498043 -819960 497997
-819987 497979 -820037 497961
-819991 497993 -819968 498014
-819987 497991 -819969 497977
-819974 497986 -820005 497975
-819974 497969 -819985 497961
-820032 498025 -819954 498024
-819990 497957 -820047 498022
-820043 497975 -819974 497992
-820020 497977 -819966 498002
-819988 498040 -819973 497998
-819988 498045 -820025 498014
-819959 498049 -819984 497992
-819996 498001 -820043 497997
-819979 497960 -820002 497973
-820016 497951 -819977 498040
-819967 498005 -819996 497991
-819991 497961 -820017 498012
-819996 498026 -819998 498049
-820044 498035 -819967 498008
-820011 497998 -820004 497957
-820028 498032 -819982 498004
-820036 497997 -819993 497963
-820018 498000 -820034 498030
-819967 497994 -820013 497991
-820002 498013 -819974 498046
-820037 497966 -819996 497958
-819968 497976 -819960 498020
-820030 498001 -820048 498037
-819996 498047 -819968 497971
-820044 498005 -820007 498021
-819980 497950 -819982 497984
-820035 497994 -820008 497966
-819978 497999 -820010 498017
-820017 498015 -819995 498024
-820047 498041 -819959 498050
-820020 498046 -819960 497960
-820042 497950 -819961 497983
-820049 498006 -819982 498018
-819975 497971 -819976 498009
-820011 497966 -819953 498003
-820045 497952 -819979 497951
-819993 497954 -819989 498008
-819982 498005 -819987 497986
-820007 498004 -820008 498007
-820032 497970 -820045 497977
-819968 498034 -819998 498020
-820037 497970 -820027 498005
-820020 497978 -820012 498013
-820011 498048 -820012 498005
-819964 497952 -820038 498007
-820020 497970 -820015 498047
-819980 498016 -819955 497994
-820000 497994 -820038 498036
-820020 497964 -819967 498027
-820009 497981 -820011 497992
-819981 498042 -819974 497971
-819993 498049 -820028 497972
-820000 498010 -819991 498015
-820050 497955 -820035 497951
-819950 498044 -820012 497979
-819982 498038 -820026 498004
-819969 497965 -820010 498009
-820046 497954 -820030 497993
-820038 497975 -820011 497987
-820018 498028 -820021 497969
-820040 498008 -819965 497952
-819983 497996 -819998 498012
-819997 497966 -819984 498020
-819989 497970 -820018 498026
-819965 498049 -819953 498029
-819954 497972 -820030 498028
-819996 497955 -820042 497957
-819981 497996 -820018 498012
-820035 498021 -820018 498001
-820027 497952 -820020 497982
-819966 497962 -819992 498008
-819952 498041 -820034 498013
-819955 497950 -819971 498041
-819971 497962 -820010 498026
-820001 498048 -819952 497951
-820032 498046 -820038 497988
-820037 497972 -820041 498007
-820040 498016 -819961 498005
-820044 498000 -820006 497970
-819963 498023 -820020 497990
-820024 497977 -820037 498010
-819963 497975 -819956 497960
-820028 497993 -820000 497954
-819989 497999 -820045 498030
-819987 497992 -819982 497970
-820049 498045 -819993 498016
-820010 498048 -819959 498008
-820014 498007 -820001 497967
-820021 498025 -820008 497981
-820035 497962 -819998 498042
-820006 498000 -820026 497960
-819954 498027 -819997 498037
-820018 498041 -819956 497957
-819978 498015 -819977 497979
-820042 497989 -819958 497970
-820037 498000 -819984 498041
-820022 498037 -820009 497953
-819992 497961 -820004 497968
-820034 497958 -819987 498009
-819979 497991 -819963 498027
-820014 498028 -820006 497999
-819979 497972 -820031 498042
-820044 497993 -819965 497999
-819989 497960 -819967 498022
-819965 497964 -819989 498027
-819980 498042 -820025 497983
-819998 497970 -820034 497953
-819971 497973 -820013 497981
-820013 497973 -819954 498026
-820025 498018 -820008 497997
-820007 497969 -819989 497962
-820007 497951 -819992 497986
-819986 498015 -819977 497985
-819981 498049 -820048 497975
-819953 498013 -819996 498017
-820002 498029 -820012 498027
-819976 498020 -819977 497970
-819957 498037 -819993 498003
-819959 497987 -819986 497969
-820026 498008 -820001 497984
-819982 498010 -819965 498020
-820037 497989 -820026 497964
-819985 498017 -819986 497981
-820004 497988 -820007 497987
-819977 497955 -819954 498004
-820040 497991 -820043 498031
-819957 497998 -820043 498032
-820015 497977 -820048 497983
-820050 497977 -820002 497963
-820041 498016 -820015 498041
-819986 497964 -819992 497967
-819990 498026 -820011 498034
-819950 498013 -819969 497995
-820022 497986 -820044 497983
-820026 498039 -820016 498019
-820021 498037 -820001 497979
-819996 498022 -819963 497976
-819999 497967 -820049 498041
-819961 497976 -820007 498006
-819970 497978 -820042 497961
-820044 497997 -819957 497951
-820037 498048 -819964 498049
-820032 498042 -819974 498043
-819959 498013 -819996 497969
-820035 497972 -819964 497958
-820027 498014 -820017 497959
-819974 498022 -820042 498031
-820008 498003 -819992 498012
-820000 497953 -820007 497983
-819989 497971 -820050 498023
-819966 498006 -820015 498032
-820025 498044 -819980 498041
-820027 497977 -819961 498012
-819966 498039 -820020 498006
-819952 497977 -819990 497986
-819953 498006 -819977 498026
-820015 497956 -819986 498032
-819970 498013 -820027 498010
-819967 497959 -820019 498017
-820006 498039 -819992 497999
-820041 497952 -820019 497979
-820016 497998 -820045 497982
-819986 498038 -820016 497965
-819986 498047 -820025 498013
-820047 497969 -819960 497957
-820002 498031 -820040 498032
-820006 498020 -819965 497977
-819993 497958 -819981 497955
-819995 498004 -820036 497989
-819995 497971 -820022 498006
-820021 497953 -820000 498048
-820019 498042 -819972 497979
-820046 498046 -819999 497993
-819988 498003 -819984 497964
-820026 497998 -820050 497992
-820022 497951 -820004 498026
-819978 498039 -820016 498034
-820010 498042 -819968 497979
-820001 497974 -820043 498035
-819963 498032 -819968 498023
