50
-7 -16 -12 -16
-15 4 -13 -8
-2 -13 19 9
16 19 -9 -4
-11 3 -17 -17
-16 -12 19 -4
10 -10 13 0
-17 -17 16 19
9 10 -7 -16
-20 -7 -4 12
12 -12 -19 9
13 0 -2 15
12 19 5 8
14 0 9 15
-3 0 17 -17
0 -8 -20 -7
-14 9 10 4
-19 9 15 9
-18 -8 13 -7
14 19 -16 18
13 6 10 -10
-9 -4 -15 1
-16 18 -4 19
-13 -6 -5 -12
19 15 12 -12
18 -12 -18 -12
-18 -17 14 19
10 4 18 -12
17 -17 -18 -8
4 4 16 -6
-4 12 -3 0
-18 -12 14 0
19 -4 12 19
-2 15 -15 4
-4 19 -16 -12
-12 -16 13 6
20 18 -18 -17
15 9 -14 9
2 17 -2 -13
13 -7 -10 -10
-5 -12 20 18
2 0 0 -8
-15 1 2 17
-12 -16 19 15
9 15 4 4
19 9 2 0
5 8 9 10
16 -6 -13 -6
-10 -10 -12 -16
-13 -8 -11 3
