50
-30 -1 48 83
86 -82 -76 57
-62 -15 -13 29
-67 4 70 98
57 57 -8 54
-21 -67 -33 71
94 -36 -31 13
55 -98 15 100
55 28 98 -64
-7 -67 32 50
18 68 -1 36
44 13 34 -88
-37 -9 77 49
-78 -30 41 -25
23 0 40 -42
-46 -8 -81 61
33 -81 36 72
41 -37 -29 -5
43 19 -95 36
54 -76 78 -75
-94 67 -20 -79
28 80 10 -77
-16 -26 55 -56
-60 73 55 -23
-77 79 -1 -5
85 37 -8 91
-26 -37 8 41
10 27 -49 55
39 58 78 19
94 77 -7 48
28 58 37 55
-75 68 -13 70
91 -51 -69 -5
-6 -71 -1 -28
57 -25 -52 15
-73 16 -22 -41
-5 -93 -60 12
-51 67 -44 -1
58 43 1 -37
-69 46 15 -6
91 75 -46 -95
5 -40 -51 98
71 -21 16 -47
-89 -26 71 69
95 9 -84 25
20 36 -98 22
99 43 67 17
-17 -96 68 -28
59 -5 -73 75
65 -16 88 -26
