100
89 860 90 859
295 -877 296 -876
-410 -228 -410 -227
773 -899 774 -898
-500 177 -501 178
574 -81 573 -81
-29 175 -28 175
813 8 814 7
948 -600 949 -601
683 413 683 412
508 220 508 221
621 709 620 709
3 257 4 258
-633 602 -632 602
404 61 405 62
-215 -937 -214 -936
886 -203 885 -203
897 -716 896 -717
-972 -742 -973 -742
-184 -47 -185 -47
666 -246 667 -246
-568 -274 -567 -273
151 -458 152 -459
686 -462 686 -461
398 -51 399 -52
60 207 60 208
-863 -535 -864 -536
76 408 76 407
376 751 376 752
-816 -877 -817 -876
515 501 515 502
363 12 362 13
688 -50 689 -51
-815 455 -814 456
-940 386 -941 385
709 -921 710 -920
-129 255 -129 256
-181 -169 -180 -169
734 -858 733 -858
-982 -976 -983 -977
-112 -292 -111 -292
-418 -137 -418 -138
-854 933 -853 934
-213 -819 -212 -819
-328 722 -327 721
153 757 153 758
389 421 389 422
655 -85 656 -84
-513 -857 -513 -858
-743 -195 -744 -194
216 -378 216 -377
839 -134 840 -133
-168 283 -167 282
-181 -309 -180 -310
510 26 511 25
-35 905 -36 904
-611 -751 -611 -750
10 607 11 608
899 -333 900 -332
-849 -77 -849 -76
-996 553 -997 554
-133 -821 -134 -820
998 273 997 272
-467 -425 -468 -426
-491 -621 -490 -620
-109 671 -110 670
-935 -291 -935 -290
656 278 657 278
-968 523 -968 522
-607 -496 -607 -495
-974 -925 -973 -926
-322 -579 -322 -578
-761 546 -762 546
483 -378 482 -377
-226 46 -227 45
235 392 234 393
299 -854 298 -855
11 324 11 323
739 857 738 857
125 618 126 617
816 -600 816 -599
337 -695 336 -695
-968 121 -968 120
890 476 889 477
-251 368 -251 367
-858 770 -857 769
-340 -588 -341 -588
314 623 315 622
-946 -711 -945 -710
-777 -124 -778 -124
297 -561 296 -560
708 -918 707 -919
760 33 760 34
-142 611 -143 610
-698 -339 -699 -338
176 947 177 948
-597 761 -596 762
257 52 258 51
-811 -353 -810 -354
638 -507 637 -506
