200
-6578 -875 -6641 -898
-6512 -970 -6621 -836
-6506 -961 -6639 -977
-6698 -984 -6587 -867
-6551 -987 -6626 -862
-6534 -938 -6654 -937
-6542 -945 -6576 -837
-6574 -897 -6523 -891
-6630 -994 -6635 -883
-6692 -846 -6638 -996
-6665 -826 -6520 -895
-6613 -820 -6582 -870
-6535 -836 -6611 -967
-6700 -865 -6659 -921
-6626 -800 -6677 -883
-6688 -931 -6601 -922
-6583 -881 -6699 -959
-6500 -975 -6647 -862
-6503 -991 -6615 -971
-6624 -868 -6592 -918
-6504 -843 -6644 -976
-6564 -823 -6525 -877
-6626 -819 -6693 -993
-6681 -831 -6684 -965
-6576 -933 -6669 -985
-6573 -890 -6541 -835
-6537 -872 -6654 -861
-6609 -890 -6602 -857
-6513 -800 -6586 -879
-6541 -948 -6589 -822
-6582 -948 -6605 -903
-6570 -939 -6505 -814
-6536 -872 -6624 -899
-6580 -963 -6505 -803
-6669 -829 -6574 -964
-6548 -877 -6675 -857
-6641 -930 -6501 -998
-6598 -829 -6614 -835
-6555 -921 -6646 -828
-6551 -882 -6685 -984
-6517 -864 -6567 -809
-6543 -899 -6528 -840
-6564 -893 -6550 -979
-6519 -814 -6682 -891
-6671 -991 -6642 -866
-6637 -951 -6640 -847
-6553 -875 -6624 -951
-6642 -811 -6507 -898
-6621 -939 -6687 -954
-6638 -916 -6599 -831
-6602 -913 -6533 -967
-6613 -925 -6618 -879
-6543 -894 -6662 -822
-6614 -961 -6548 -898
-6624 -897 -6520 -942
-6609 -885 -6540 -982
-6598 -918 -6646 -837
-6631 -939 -6607 -986
-6659 -949 -6569 -848
-6654 -859 -6698 -940
-6501 -862 -6620 -884
-6619 -931 -6552 -863
-6526 -806 -6682 -914
-6669 -806 -6571 -893
-6564 -908 -6570 -852
-6505 -953 -6503 -814
-6511 -967 -6575 -933
-6687 -995 -6642 -907
-6664 -825 -6581 -958
-6501 -833 -6540 -949
-6572 -936 -6601 -964
-6676 -887 -6568 -896
-6690 -897 -6568 -875
-6609 -819 -6684 -826
-6584 -899 -6668 -964
-6603 -812 -6532 -881
-6651 -922 -6524 -830
-6586 -891 -6562 -808
-6559 -871 -6678 -998
-6628 -934 -6501 -859
-6695 -933 -6563 -816
-6588 -862 -6523 -937
-6685 -850 -6615 -914
-6540 -987 -6584 -875
-6654 -971 -6560 -881
-6524 -944 -6691 -859
-6549 -933 -6578 -949
-6634 -827 -6575 -807
-6500 -940 -6595 -805
-6583 -831 -6547 -964
-6633 -887 -6586 -817
-6527 -877 -6557 -860
-6629 -897 -6689 -924
-6598 -843 -6613 -988
-6693 -929 -6600 -810
-6511 -894 -6551 -892
-6599 -960 -6539 -876
-6550 -880 -6565 -840
-6535 -840 -6679 -835
-6511 -858 -6651 -953
-6500 -957 -6558 -800
-6596 -844 -6672 -851
-6508 -890 -6699 -956
-6553 -874 -6560 -867
-6680 -803 -6693 -988
-6563 -992 -6638 -988
-6572 -934 -6564 -895
-6514 -839 -6565 -952
-6582 -934 -6692 -806
-6680 -998 -6582 -898
-6696 -988 -6602 -834
-6564 -881 -6584 -909
-6622 -870 -6582 -816
-6700 -836 -6569 -939
-6580 -881 -6664 -850
-6616 -990 -6686 -949
-6631 -819 -6526 -876
-6670 -857 -6514 -813
-6580 -959 -6638 -929
-6553 -827 -6687 -866
-6557 -849 -6572 -966
-6642 -995 -6629 -988
-6612 -999 -6542 -948
-6562 -913 -6552 -986
-6522 -810 -6556 -989
-6551 -954 -6524 -946
-6650 -842 -6694 -861
-6580 -989 -6532 -807
-6549 -975 -6660 -834
-6510 -968 -6505 -899
-6621 -806 -6590 -943
-6521 -846 -6564 -817
-6537 -823 -6671 -969
-6564 -861 -6567 -976
-6679 -995 -6636 -871
-6522 -800 -6663 -850
-6664 -998 -6656 -875
-6500 -835 -6621 -839
-6673 -887 -6654 -993
-6668 -868 -6532 -854
-6674 -964 -6638 -912
-6534 -935 -6511 -821
-6574 -943 -6569 -933
-6646 -887 -6542 -989
-6555 -975 -6636 -802
-6520 -883 -6670 -990
-6682 -981 -6591 -846
-6623 -890 -6626 -922
-6596 -894 -6551 -951
-6646 -943 -6538 -991
-6647 -900 -6598 -909
-6514 -851 -6689 -908
-6647 -982 -6668 -969
-6530 -836 -6539 -924
-6518 -972 -6562 -917
-6564 -856 -6679 -933
-6563 -885 -6585 -897
-6525 -900 -6653 -833
-6515 -825 -6601 -815
-6629 -850 -6616 -833
-6589 -854 -6521 -912
-6595 -828 -6633 -832
-6678 -953 -6573 -956
-6699 -818 -6618 -927
-6500 -827 -6640 -955
-6682 -894 -6648 -855
-6554 -988 -6699 -917
-6525 -971 -6644 -812
-6672 -952 -6559 -987
-6567 -831 -6661 -974
-6521 -871 -6619 -801
-6526 -844 -6625 -974
-6642 -833 -6634 -963
-6511 -827 -6504 -876
-6508 -962 -6556 -978
-6523 -804 -6626 -941
-6513 -975 -6686 -910
-6569 -804 -6648 -920
-6521 -837 -6616 -986
-6680 -905 -6560 -893
-6700 -803 -6670 -864
-6610 -945 -6696 -883
-6591 -964 -6627 -973
-6653 -858 -6546 -891
-6676 -819 -6560 -859
-6560 -901 -6686 -984
-6542 -954 -6500 -865
-6583 -866 -6554 -820
-6625 -945 -6653 -871
-6683 -916 -6663 -917
-6500 -864 -6694 -827
-6657 -962 -6664 -915
-6656 -960 -6566 -802
-6618 -860 -6670 -890
-6567 -885 -6570 -913
-6575 -967 -6681 -881
-6603 -849 -6700 -862
-6676 -984 -6545 -899
-6534 -948 -6650 -987
-6688 -886 -6533 -848
