10
42 6
-1 -1 -1 -1 -1 -1
-1 2 -1 -1 -1 -1
-1 -1 -1 -1 -1 -1
-1 -1 -1 -1 -1 -1
-1 -1 -1 -1 -1 -1
-1 -1 4 -1 -1 -1
-1 -1 -1 -1 -1 1
-1 -1 -1 -1 -1 -1
-1 -1 -1 -1 -1 -1
-1 -1 -1 -1 -1 2
3 1 -1 -1 -1 -1
-1 -1 -1 -1 -1 -1
-1 -1 -1 -1 -1 2
3 -1 4 -1 -1 -1
-1 -1 -1 -1 -1 -1
-1 -1 -1 3 -1 -1
-1 -1 -1 -1 -1 1
-1 -1 -1 -1 3 -1
-1 -1 -1 -1 -1 -1
-1 -1 -1 -1 -1 -1
-1 -1 -1 -1 -1 -1
-1 -1 -1 -1 -1 -1
-1 -1 -1 -1 -1 -1
-1 -1 -1 1 -1 -1
-1 -1 -1 2 -1 -1
-1 -1 -1 -1 -1 -1
-1 -1 -1 -1 -1 -1
-1 -1 -1 -1 -1 -1
-1 -1 -1 -1 -1 -1
2 4 -1 -1 -1 -1
-1 -1 -1 4 -1 3
-1 -1 -1 -1 1 -1
-1 -1 -1 -1 -1 -1
-1 -1 -1 -1 -1 1
-1 -1 -1 -1 -1 -1
-1 -1 -1 -1 3 -1
-1 -1 -1 -1 -1 -1
-1 -1 1 -1 -1 -1
1 3 -1 -1 -1 -1
-1 -1 -1 2 -1 -1
-1 -1 -1 -1 -1 -1
-1 -1 3 -1 -1 -1
42 1
-1
-1
-1
-1
-1
-1
-1
-1
1
-1
-1
1
-1
-1
-1
-1
2
1
-1
-1
-1
-1
-1
2
-1
-1
-1
-1
-1
-1
-1
-1
-1
-1
-1
-1
-1
-1
-1
-1
1
-1
3 5
-1 -1 -1 -1 -1
-1 -1 -1 -1 -1
-1 -1 3 3 -1
37 2
-1 -1
-1 -1
1 -1
-1 -1
-1 -1
-1 -1
-1 -1
-1 -1
-1 1
-1 -1
-1 -1
-1 -1
-1 3
-1 -1
-1 -1
-1 -1
-1 -1
-1 1
-1 -1
-1 -1
-1 -1
-1 -1
-1 -1
-1 -1
-1 3
-1 3
-1 -1
-1 -1
-1 -1
-1 -1
-1 -1
-1 -1
1 -1
-1 -1
-1 -1
-1 -1
1 -1
45 4
-1 -1 -1 -1
-1 -1 1 -1
-1 -1 -1 -1
-1 4 -1 2
-1 -1 -1 -1
-1 -1 -1 -1
-1 4 1 -1
-1 -1 -1 -1
-1 -1 4 -1
-1 -1 -1 -1
-1 -1 -1 -1
-1 -1 -1 -1
2 3 -1 -1
-1 -1 -1 -1
-1 1 -1 -1
-1 -1 -1 -1
-1 -1 -1 1
-1 -1 -1 -1
-1 -1 -1 -1
-1 -1 -1 -1
-1 -1 3 -1
-1 2 -1 -1
-1 -1 -1 -1
-1 -1 -1 -1
2 -1 -1 2
-1 3 -1 -1
-1 3 -1 -1
-1 -1 -1 -1
-1 3 -1 1
3 -1 -1 -1
-1 -1 -1 -1
3 -1 -1 2
-1 -1 -1 -1
-1 -1 -1 -1
-1 -1 -1 2
-1 -1 -1 -1
-1 -1 -1 -1
-1 -1 -1 -1
-1 -1 -1 -1
-1 -1 -1 -1
-1 -1 -1 -1
-1 2 -1 -1
-1 -1 -1 -1
-1 -1 -1 -1
-1 -1 3 2
49 2
2 -1
3 -1
-1 -1
3 -1
-1 2
-1 -1
-1 -1
-1 -1
-1 -1
-1 -1
-1 -1
-1 -1
1 2
-1 -1
-1 1
-1 -1
-1 -1
-1 -1
-1 -1
1 -1
-1 -1
-1 -1
-1 1
-1 1
-1 -1
-1 -1
-1 -1
-1 -1
-1 -1
-1 -1
-1 -1
-1 -1
-1 -1
-1 3
-1 -1
-1 -1
1 1
-1 -1
-1 -1
-1 -1
-1 2
-1 3
-1 -1
3 -1
-1 -1
-1 -1
-1 1
-1 -1
-1 -1
19 2
-1 -1
3 -1
-1 -1
-1 -1
-1 -1
3 -1
-1 -1
-1 -1
1 -1
-1 -1
-1 -1
-1 -1
3 -1
-1 -1
2 -1
-1 -1
-1 -1
-1 -1
2 -1
19 6
-1 -1 -1 2 -1 -1
-1 -1 4 -1 -1 -1
-1 -1 -1 -1 1 -1
-1 -1 -1 -1 -1 -1
-1 3 -1 -1 -1 -1
-1 -1 -1 -1 -1 -1
-1 2 -1 -1 1 2
-1 -1 -1 -1 -1 -1
-1 -1 -1 -1 -1 -1
-1 -1 -1 -1 1 3
-1 -1 -1 -1 -1 2
-1 -1 -1 -1 -1 3
-1 -1 -1 -1 -1 3
-1 -1 -1 -1 -1 -1
-1 -1 -1 -1 -1 -1
-1 -1 -1 -1 -1 3
-1 -1 -1 -1 1 -1
-1 -1 -1 -1 -1 -1
-1 -1 -1 -1 -1 -1
26 4
-1 -1 -1 -1
-1 -1 2 -1
-1 -1 -1 -1
-1 3 -1 -1
-1 -1 -1 -1
-1 -1 -1 -1
-1 -1 -1 -1
-1 -1 -1 -1
-1 -1 2 -1
-1 -1 -1 2
2 -1 -1 -1
-1 -1 -1 -1
3 -1 -1 -1
-1 -1 -1 -1
1 -1 -1 1
1 -1 -1 2
-1 -1 -1 -1
-1 -1 -1 -1
-1 -1 2 -1
-1 -1 -1 -1
-1 -1 -1 -1
-1 -1 -1 -1
-1 -1 -1 -1
3 -1 -1 -1
-1 -1 -1 -1
1 -1 -1 2
51 2
-1 -1
-1 -1
3 -1
-1 -1
-1 -1
-1 -1
-1 -1
-1 -1
-1 -1
-1 -1
-1 3
-1 -1
-1 -1
-1 -1
-1 -1
1 -1
1 -1
-1 -1
-1 -1
-1 2
-1 -1
-1 -1
3 -1
-1 -1
-1 3
1 -1
-1 -1
3 -1
-1 -1
-1 -1
-1 -1
-1 -1
-1 -1
-1 -1
-1 2
-1 -1
1 -1
-1 -1
-1 -1
-1 -1
-1 -1
-1 -1
-1 2
-1 -1
-1 -1
-1 -1
-1 -1
-1 -1
-1 -1
-1 2
1 -1
