10
17 4
-1 -1 -1 -1
-1 -1 -1 -1
-1 -1 -1 -1
-1 -1 -1 -1
-1 -1 -1 -1
-1 2 3 -1
-1 -1 -1 -1
-1 -1 2 -1
-1 -1 -1 2
3 -1 -1 -1
-1 -1 -1 3
3 -1 -1 -1
-1 -1 -1 -1
3 -1 -1 -1
-1 -1 -1 -1
-1 -1 4 -1
-1 -1 -1 -1
56 2
2 -1
-1 -1
-1 -1
-1 -1
1 -1
-1 -1
-1 -1
-1 -1
-1 -1
-1 -1
-1 -1
-1 -1
-1 -1
3 -1
-1 2
3 -1
-1 -1
-1 -1
-1 -1
2 -1
-1 -1
-1 -1
-1 -1
-1 -1
-1 2
-1 -1
1 -1
1 -1
-1 -1
-1 -1
-1 -1
-1 -1
-1 -1
-1 -1
-1 -1
-1 -1
1 -1
-1 -1
-1 3
-1 -1
-1 -1
-1 -1
-1 -1
-1 -1
-1 -1
-1 -1
-1 -1
-1 -1
-1 -1
-1 -1
-1 -1
2 -1
-1 -1
-1 -1
-1 -1
-1 -1
8 1
-1
-1
-1
-1
-1
-1
-1
-1
5 3
2 -1 -1
-1 -1 -1
1 -1 -1
-1 -1 -1
1 -1 2
33 6
-1 -1 -1 -1 -1 -1
-1 -1 -1 -1 1 -1
-1 -1 -1 -1 -1 2
-1 -1 -1 -1 3 2
-1 4 2 -1 -1 -1
-1 -1 -1 1 -1 -1
-1 -1 -1 -1 -1 -1
-1 -1 -1 -1 -1 3
-1 2 -1 -1 -1 -1
-1 -1 2 -1 -1 -1
-1 -1 -1 -1 -1 -1
-1 -1 -1 -1 -1 -1
-1 -1 -1 -1 -1 -1
-1 -1 4 -1 -1 2
-1 -1 -1 -1 3 3
-1 2 -1 -1 -1 -1
-1 -1 -1 -1 -1 -1
-1 -1 -1 3 1 -1
-1 -1 -1 -1 -1 -1
-1 2 -1 -1 -1 -1
-1 -1 -1 -1 -1 -1
2 -1 -1 -1 -1 -1
-1 3 -1 -1 -1 -1
-1 -1 1 3 -1 -1
-1 -1 -1 -1 -1 -1
-1 -1 2 1 -1 -1
-1 1 -1 -1 -1 3
-1 -1 -1 -1 -1 -1
-1 -1 -1 -1 -1 -1
-1 2 -1 3 -1 -1
-1 -1 -1 -1 -1 -1
-1 1 -1 -1 -1 -1
-1 -1 -1 -1 -1 -1
23 3
-1 -1 -1
-1 -1 -1
-1 -1 -1
-1 -1 -1
-1 -1 -1
-1 -1 -1
-1 -1 -1
-1 1 -1
-1 -1 -1
-1 -1 1
3 -1 -1
2 -1 1
-1 -1 -1
-1 -1 -1
-1 -1 -1
-1 -1 -1
-1 -1 -1
-1 -1 -1
-1 -1 -1
-1 -1 3
-1 -1 -1
-1 -1 -1
-1 -1 -1
59 2
-1 -1
-1 -1
-1 -1
-1 -1
-1 -1
-1 -1
-1 -1
-1 2
1 -1
-1 -1
-1 -1
-1 -1
1 -1
-1 -1
-1 -1
-1 -1
-1 1
-1 -1
-1 -1
-1 -1
-1 -1
-1 -1
-1 2
-1 -1
-1 -1
-1 -1
-1 -1
-1 2
-1 -1
-1 -1
-1 -1
-1 -1
-1 -1
-1 -1
-1 2
-1 -1
-1 -1
-1 -1
-1 -1
-1 -1
-1 -1
-1 2
-1 1
-1 -1
-1 2
-1 -1
-1 -1
-1 -1
-1 -1
-1 -1
-1 -1
-1 -1
-1 -1
-1 -1
-1 -1
-1 -1
-1 -1
1 1
-1 -1
52 2
-1 -1
-1 -1
-1 -1
-1 -1
-1 -1
-1 -1
-1 -1
-1 -1
-1 -1
-1 -1
-1 -1
-1 -1
-1 -1
-1 3
-1 -1
-1 -1
2 -1
-1 -1
-1 -1
-1 -1
-1 -1
-1 -1
3 2
-1 -1
-1 -1
-1 -1
-1 -1
-1 -1
-1 -1
1 -1
3 -1
-1 -1
-1 1
-1 2
-1 -1
-1 -1
-1 -1
-1 3
-1 -1
-1 -1
-1 -1
1 -1
-1 -1
-1 -1
-1 -1
-1 3
-1 -1
-1 -1
-1 2
-1 -1
-1 2
1 -1
57 6
-1 -1 -1 -1 -1 -1
-1 2 -1 -1 1 -1
3 -1 -1 -1 -1 -1
-1 -1 -1 -1 -1 -1
-1 -1 -1 -1 1 -1
-1 -1 -1 -1 -1 -1
-1 -1 -1 -1 -1 -1
-1 -1 3 -1 -1 -1
-1 -1 -1 -1 -1 -1
-1 -1 -1 -1 4 -1
-1 -1 -1 -1 -1 -1
-1 -1 -1 2 -1 -1
-1 -1 -1 4 -1 1
-1 -1 -1 -1 -1 -1
-1 -1 -1 4 -1 -1
-1 4 -1 -1 -1 -1
-1 -1 -1 -1 -1 -1
-1 -1 -1 1 -1 3
-1 -1 -1 -1 -1 -1
-1 -1 -1 -1 -1 -1
-1 -1 -1 -1 -1 -1
-1 -1 -1 -1 -1 1
-1 -1 -1 -1 -1 3
-1 -1 -1 -1 -1 -1
-1 -1 -1 -1 -1 -1
-1 -1 -1 -1 -1 -1
-1 -1 -1 -1 -1 -1
-1 -1 -1 -1 -1 -1
-1 -1 -1 -1 -1 -1
-1 2 -1 3 -1 1
-1 -1 -1 -1 -1 -1
-1 -1 -1 -1 -1 -1
-1 -1 -1 -1 -1 -1
-1 -1 -1 -1 -1 -1
-1 -1 -1 -1 -1 -1
-1 -1 -1 -1 -1 2
-1 -1 -1 -1 -1 -1
-1 -1 1 -1 -1 -1
-1 -1 1 -1 -1 -1
-1 -1 -1 -1 -1 -1
-1 -1 -1 -1 -1 -1
-1 -1 -1 -1 -1 -1
-1 3 -1 4 -1 -1
-1 -1 -1 -1 -1 -1
-1 -1 -1 4 4 -1
-1 -1 1 -1 4 -1
-1 -1 -1 -1 -1 -1
1 -1 -1 -1 -1 -1
2 -1 -1 -1 -1 -1
-1 -1 -1 -1 -1 1
1 -1 -1 -1 -1 -1
-1 -1 1 -1 -1 -1
-1 2 -1 -1 -1 -1
-1 -1 -1 -1 3 -1
-1 -1 -1 -1 -1 -1
-1 1 4 -1 -1 -1
-1 2 -1 -1 2 -1
59 2
-1 -1
-1 -1
-1 -1
-1 -1
-1 -1
1 -1
-1 -1
-1 -1
-1 -1
-1 1
-1 -1
-1 -1
-1 -1
-1 -1
-1 1
-1 -1
1 -1
-1 -1
-1 -1
-1 -1
-1 -1
-1 -1
-1 -1
-1 -1
-1 -1
-1 -1
-1 -1
-1 -1
-1 -1
-1 -1
-1 -1
-1 -1
-1 -1
2 -1
-1 2
-1 -1
-1 -1
-1 -1
-1 -1
-1 -1
-1 -1
-1 -1
-1 -1
-1 -1
-1 -1
-1 -1
-1 -1
-1 -1
-1 -1
-1 -1
-1 -1
-1 -1
-1 -1
2 -1
-1 -1
-1 -1
-1 -1
1 1
-1 -1
