10
24 3
-1 -1 -1
-1 -1 -1
-1 -1 3
-1 -1 -1
-1 -1 -1
-1 -1 -1
2 -1 -1
2 -1 -1
-1 -1 -1
-1 -1 -1
-1 3 -1
-1 -1 -1
-1 -1 -1
-1 3 -1
-1 -1 -1
-1 -1 -1
-1 -1 -1
-1 -1 -1
-1 -1 -1
-1 -1 -1
-1 -1 -1
-1 4 -1
1 -1 3
-1 -1 -1
35 3
-1 -1 -1
-1 -1 -1
-1 -1 -1
-1 -1 -1
-1 -1 -1
-1 -1 -1
3 -1 -1
-1 -1 2
-1 -1 3
-1 -1 -1
-1 -1 -1
-1 -1 -1
-1 -1 -1
-1 -1 -1
-1 -1 -1
-1 -1 -1
2 -1 -1
-1 -1 -1
-1 -1 -1
3 -1 -1
3 -1 -1
-1 -1 -1
-1 -1 3
-1 -1 -1
-1 -1 -1
-1 -1 -1
-1 -1 -1
-1 -1 -1
-1 -1 -1
-1 -1 -1
-1 -1 -1
3 -1 -1
-1 -1 -1
-1 -1 1
-1 -1 -1
6 6
-1 -1 -1 -1 -1 -1
-1 -1 -1 -1 -1 -1
-1 -1 -1 -1 -1 -1
-1 -1 3 1 -1 -1
2 -1 -1 -1 -1 -1
-1 1 -1 -1 -1 1
32 3
-1 1 -1
-1 -1 -1
-1 -1 -1
-1 4 -1
-1 -1 -1
1 -1 -1
-1 -1 -1
-1 1 -1
-1 -1 -1
-1 -1 -1
-1 -1 1
1 -1 -1
-1 -1 -1
2 -1 -1
-1 -1 -1
-1 -1 -1
-1 -1 -1
-1 -1 -1
-1 -1 -1
-1 -1 -1
1 4 1
-1 -1 -1
-1 -1 -1
-1 -1 -1
3 -1 -1
-1 -1 -1
-1 -1 -1
-1 -1 -1
-1 4 1
-1 4 2
-1 -1 -1
-1 -1 -1
26 1
-1
-1
-1
1
-1
-1
-1
-1
-1
-1
-1
-1
-1
-1
-1
-1
-1
-1
2
-1
1
-1
-1
-1
2
-1
34 1
-1
-1
-1
1
-1
-1
-1
-1
-1
-1
-1
1
-1
-1
-1
-1
-1
1
-1
-1
-1
-1
-1
-1
-1
-1
-1
-1
-1
-1
-1
-1
-1
-1
49 5
-1 -1 -1 -1 -1
-1 -1 -1 -1 -1
-1 -1 -1 1 -1
-1 -1 -1 -1 -1
-1 -1 -1 -1 -1
-1 -1 3 -1 -1
-1 -1 -1 -1 -1
-1 -1 -1 -1 -1
-1 -1 -1 -1 -1
-1 -1 -1 2 2
-1 -1 -1 -1 -1
-1 3 -1 -1 -1
-1 -1 -1 -1 3
2 3 -1 -1 -1
-1 -1 -1 -1 -1
-1 -1 -1 -1 -1
-1 -1 -1 -1 -1
-1 -1 -1 -1 -1
-1 1 -1 -1 -1
-1 -1 -1 2 3
-1 -1 -1 -1 -1
-1 -1 -1 -1 -1
-1 -1 -1 -1 -1
-1 2 -1 -1 -1
-1 -1 3 2 -1
-1 -1 -1 -1 -1
-1 -1 -1 -1 -1
-1 -1 -1 -1 -1
-1 -1 -1 -1 2
-1 -1 4 -1 -1
-1 -1 -1 -1 -1
-1 3 -1 3 -1
-1 -1 -1 -1 -1
-1 -1 4 -1 -1
-1 -1 -1 -1 -1
-1 1 -1 -1 -1
-1 -1 3 4 -1
1 -1 -1 -1 3
2 1 -1 -1 -1
-1 -1 -1 4 -1
-1 4 1 -1 -1
-1 4 -1 -1 1
2 -1 -1 -1 1
-1 -1 -1 1 -1
-1 -1 -1 -1 -1
-1 -1 4 1 -1
-1 -1 -1 -1 -1
2 -1 -1 -1 -1
2 -1 -1 -1 -1
37 3
1 3 -1
-1 -1 -1
-1 -1 -1
-1 4 -1
-1 -1 -1
-1 -1 -1
-1 -1 -1
-1 -1 -1
-1 -1 -1
-1 -1 -1
-1 2 -1
-1 -1 -1
-1 -1 -1
-1 -1 -1
-1 -1 -1
-1 -1 -1
-1 -1 -1
-1 -1 -1
-1 -1 -1
-1 -1 -1
3 -1 -1
-1 -1 -1
-1 -1 -1
-1 -1 -1
-1 -1 -1
-1 -1 -1
-1 -1 -1
-1 -1 2
-1 -1 -1
-1 -1 -1
-1 -1 -1
-1 -1 -1
-1 -1 -1
-1 -1 -1
-1 -1 -1
-1 -1 -1
-1 -1 -1
25 1
-1
-1
-1
-1
1
-1
-1
-1
-1
-1
-1
-1
-1
-1
-1
-1
-1
-1
-1
-1
-1
-1
1
-1
-1
52 2
-1 -1
-1 1
-1 -1
1 -1
-1 -1
-1 1
2 -1
-1 -1
1 -1
-1 -1
-1 -1
-1 -1
-1 -1
-1 -1
-1 -1
-1 -1
-1 -1
-1 1
-1 -1
-1 1
-1 -1
-1 -1
-1 -1
-1 -1
1 -1
-1 -1
-1 -1
-1 -1
-1 -1
-1 3
-1 -1
-1 -1
-1 -1
-1 -1
-1 -1
-1 -1
-1 -1
-1 -1
-1 -1
-1 -1
-1 -1
-1 -1
-1 -1
-1 -1
-1 -1
-1 2
-1 -1
-1 -1
-1 -1
-1 -1
-1 -1
-1 -1
