10
65 6
-1 3 -1 -1 -1 -1
-1 -1 -1 -1 -1 -1
-1 -1 -1 -1 -1 -1
1 -1 -1 -1 -1 1
-1 -1 -1 -1 -1 -1
-1 -1 -1 -1 -1 -1
-1 -1 4 -1 -1 -1
-1 -1 -1 -1 -1 -1
-1 -1 -1 -1 -1 -1
-1 -1 -1 -1 -1 -1
-1 -1 -1 3 -1 -1
-1 -1 -1 3 -1 -1
2 -1 -1 -1 -1 -1
-1 -1 -1 -1 -1 -1
-1 -1 -1 -1 -1 -1
-1 3 -1 -1 -1 -1
-1 3 -1 -1 -1 -1
-1 -1 -1 -1 2 -1
-1 -1 -1 -1 -1 -1
-1 4 -1 -1 -1 1
-1 -1 -1 4 -1 -1
-1 -1 1 -1 -1 -1
-1 -1 -1 -1 -1 -1
-1 -1 -1 -1 -1 -1
-1 -1 -1 2 -1 -1
-1 -1 -1 -1 -1 -1
-1 -1 -1 -1 -1 -1
-1 3 -1 4 -1 -1
-1 -1 -1 -1 -1 -1
-1 -1 2 -1 -1 -1
-1 -1 -1 -1 -1 -1
-1 -1 -1 -1 -1 -1
-1 4 -1 -1 -1 -1
-1 -1 -1 -1 -1 2
-1 -1 -1 -1 -1 -1
-1 -1 -1 -1 -1 2
-1 -1 -1 -1 -1 -1
-1 -1 -1 -1 -1 3
-1 -1 -1 -1 -1 -1
-1 -1 -1 -1 -1 -1
-1 -1 -1 1 -1 -1
-1 -1 -1 -1 -1 -1
-1 -1 -1 2 -1 -1
-1 -1 -1 -1 -1 -1
-1 -1 4 -1 -1 -1
-1 -1 -1 -1 -1 -1
-1 -1 -1 -1 -1 -1
-1 -1 2 3 -1 -1
-1 -1 4 2 -1 -1
-1 -1 -1 -1 -1 -1
-1 -1 -1 -1 -1 -1
-1 -1 -1 3 -1 -1
-1 -1 -1 -1 -1 1
-1 -1 -1 -1 -1 -1
-1 -1 -1 -1 -1 -1
-1 -1 3 -1 -1 2
2 -1 -1 -1 -1 -1
-1 -1 -1 -1 -1 -1
-1 -1 4 -1 -1 -1
-1 3 -1 -1 -1 -1
-1 -1 -1 4 -1 -1
-1 -1 -1 2 -1 -1
-1 -1 -1 -1 -1 -1
-1 -1 -1 -1 -1 -1
-1 -1 -1 -1 1 -1
63 4
1 -1 -1 2
-1 -1 -1 -1
-1 -1 -1 2
-1 -1 -1 -1
-1 -1 -1 -1
-1 -1 -1 -1
-1 4 -1 3
-1 -1 -1 2
-1 -1 -1 -1
-1 -1 -1 -1
-1 4 -1 2
-1 -1 -1 3
-1 -1 -1 -1
-1 -1 4 -1
2 -1 -1 -1
-1 -1 -1 -1
-1 -1 -1 -1
-1 1 -1 -1
-1 -1 -1 -1
-1 1 -1 -1
-1 -1 -1 -1
-1 -1 -1 -1
-1 -1 2 3
-1 -1 -1 -1
-1 -1 -1 -1
2 -1 -1 2
-1 1 -1 -1
-1 -1 -1 -1
-1 -1 -1 -1
-1 -1 -1 -1
3 2 -1 -1
-1 -1 -1 -1
-1 -1 -1 -1
-1 -1 -1 -1
-1 -1 -1 -1
-1 -1 2 -1
-1 -1 -1 -1
-1 -1 -1 -1
2 -1 -1 -1
-1 -1 -1 -1
-1 -1 -1 2
-1 -1 -1 -1
-1 -1 1 -1
-1 -1 -1 -1
-1 -1 -1 2
-1 4 -1 -1
2 -1 -1 -1
-1 4 -1 -1
-1 -1 -1 -1
-1 -1 -1 -1
1 -1 -1 -1
-1 2 -1 -1
-1 -1 -1 -1
-1 -1 -1 -1
-1 -1 -1 -1
-1 4 -1 -1
-1 3 -1 1
-1 -1 3 -1
-1 -1 -1 -1
-1 -1 -1 -1
1 -1 -1 -1
-1 -1 1 -1
-1 -1 1 1
47 4
-1 -1 -1 -1
-1 -1 -1 2
3 -1 3 2
-1 -1 -1 1
-1 -1 -1 -1
-1 -1 -1 1
-1 -1 -1 -1
-1 -1 -1 2
-1 -1 -1 -1
-1 4 -1 -1
-1 -1 -1 -1
-1 4 -1 -1
-1 -1 -1 -1
-1 -1 -1 -1
-1 -1 -1 -1
-1 -1 -1 -1
3 -1 -1 -1
-1 -1 -1 -1
-1 3 -1 -1
-1 -1 -1 -1
1 -1 -1 -1
-1 -1 -1 -1
-1 -1 -1 -1
-1 -1 -1 -1
-1 -1 -1 1
-1 -1 -1 -1
-1 -1 -1 -1
-1 -1 3 -1
-1 -1 -1 -1
-1 3 -1 -1
-1 -1 -1 -1
-1 -1 -1 -1
-1 -1 -1 -1
-1 -1 -1 -1
-1 -1 -1 -1
-1 -1 -1 -1
-1 -1 -1 2
-1 -1 -1 -1
-1 -1 -1 -1
3 -1 -1 -1
-1 1 -1 -1
1 -1 -1 -1
-1 -1 -1 -1
-1 -1 -1 -1
2 -1 -1 -1
-1 -1 1 3
-1 -1 -1 -1
59 3
-1 -1 -1
-1 -1 -1
1 -1 -1
-1 -1 -1
-1 -1 -1
-1 -1 -1
-1 -1 -1
2 -1 -1
-1 4 2
-1 -1 -1
-1 -1 1
1 -1 1
-1 -1 3
-1 -1 -1
2 1 -1
-1 -1 -1
-1 -1 -1
-1 -1 -1
-1 -1 -1
-1 -1 -1
-1 -1 -1
-1 -1 -1
-1 -1 -1
-1 3 -1
-1 -1 -1
-1 -1 -1
-1 -1 -1
-1 1 -1
-1 -1 -1
-1 -1 -1
-1 -1 -1
-1 -1 -1
-1 2 -1
-1 -1 -1
-1 -1 -1
-1 -1 3
-1 -1 1
-1 -1 -1
-1 1 -1
1 -1 -1
-1 -1 -1
-1 -1 -1
1 -1 -1
-1 -1 -1
-1 -1 3
-1 -1 -1
-1 -1 -1
-1 -1 -1
-1 -1 -1
2 -1 3
-1 -1 -1
-1 -1 -1
-1 -1 -1
-1 -1 -1
-1 -1 -1
-1 -1 -1
-1 -1 -1
3 -1 -1
2 -1 -1
6 6
-1 1 -1 -1 -1 -1
-1 -1 -1 -1 -1 2
-1 -1 -1 -1 -1 -1
-1 -1 1 -1 -1 -1
-1 -1 -1 2 -1 -1
-1 -1 -1 -1 3 -1
42 1
-1
2
-1
-1
-1
-1
-1
-1
-1
-1
-1
-1
-1
-1
-1
-1
-1
-1
-1
-1
-1
-1
-1
-1
-1
-1
-1
1
-1
-1
-1
-1
1
-1
-1
-1
-1
-1
-1
-1
-1
-1
36 5
-1 -1 -1 -1 -1
1 1 2 3 2
-1 -1 -1 3 2
-1 -1 -1 -1 1
-1 -1 -1 -1 -1
-1 -1 -1 -1 1
-1 -1 2 -1 3
-1 -1 -1 -1 -1
-1 -1 -1 -1 2
-1 -1 -1 -1 -1
-1 -1 -1 -1 -1
-1 -1 -1 -1 -1
-1 -1 -1 -1 -1
-1 -1 -1 -1 -1
3 -1 3 -1 2
-1 -1 -1 -1 -1
-1 -1 -1 -1 -1
-1 -1 -1 -1 -1
-1 -1 -1 -1 -1
-1 -1 -1 1 -1
-1 -1 -1 -1 -1
-1 -1 -1 1 -1
-1 -1 -1 -1 -1
-1 -1 -1 -1 -1
-1 -1 -1 -1 -1
-1 3 3 -1 1
-1 -1 3 -1 -1
-1 -1 -1 -1 -1
-1 1 -1 4 -1
-1 4 1 -1 -1
-1 -1 -1 -1 -1
-1 -1 -1 -1 -1
1 3 -1 -1 -1
-1 -1 -1 -1 -1
-1 -1 -1 -1 -1
-1 -1 -1 3 -1
54 1
-1
-1
-1
-1
-1
-1
-1
-1
-1
-1
-1
-1
-1
1
-1
2
1
-1
-1
-1
-1
-1
2
-1
-1
2
-1
-1
-1
-1
-1
-1
-1
1
-1
-1
1
1
-1
-1
-1
-1
-1
-1
-1
-1
1
2
-1
-1
-1
-1
-1
-1
26 6
-1 -1 -1 -1 -1 -1
2 -1 -1 1 1 2
-1 -1 -1 -1 -1 1
-1 -1 -1 -1 -1 -1
-1 -1 -1 -1 -1 -1
-1 -1 -1 -1 -1 -1
3 -1 -1 -1 -1 -1
-1 -1 -1 -1 -1 -1
-1 -1 -1 -1 -1 -1
-1 -1 -1 -1 -1 -1
-1 -1 -1 -1 -1 -1
-1 -1 1 -1 -1 -1
-1 -1 -1 -1 -1 -1
1 -1 2 -1 -1 -1
-1 -1 3 -1 -1 -1
-1 -1 -1 2 -1 2
-1 -1 4 1 -1 -1
-1 -1 -1 3 4 -1
-1 -1 -1 -1 1 -1
-1 -1 -1 -1 -1 -1
-1 -1 3 -1 -1 -1
-1 -1 -1 -1 -1 -1
-1 -1 -1 -1 -1 -1
-1 -1 3 -1 -1 -1
-1 -1 -1 -1 -1 2
-1 -1 2 2 -1 -1
9 3
-1 -1 -1
-1 -1 -1
-1 -1 -1
-1 -1 -1
-1 -1 3
-1 -1 -1
-1 -1 -1
-1 3 -1
-1 -1 2
