10
43 4
-1 -1 -1 -1
-1 -1 -1 1
-1 -1 -1 -1
-1 -1 -1 -1
-1 -1 4 -1
-1 -1 -1 -1
-1 -1 -1 -1
3 -1 -1 -1
-1 -1 -1 -1
-1 3 -1 -1
3 -1 2 2
-1 2 -1 -1
-1 -1 -1 -1
-1 -1 -1 -1
-1 -1 1 -1
3 -1 -1 -1
-1 -1 -1 -1
-1 -1 -1 -1
3 1 -1 -1
-1 -1 -1 -1
3 -1 -1 -1
3 -1 -1 3
-1 -1 -1 -1
-1 4 -1 -1
-1 1 -1 2
-1 -1 -1 -1
-1 -1 -1 -1
1 -1 -1 -1
-1 -1 1 -1
-1 -1 -1 -1
-1 -1 -1 -1
-1 -1 -1 -1
-1 -1 -1 -1
2 -1 -1 -1
-1 -1 2 -1
3 -1 -1 -1
-1 -1 -1 -1
3 -1 -1 -1
-1 -1 -1 -1
-1 -1 -1 -1
-1 3 -1 -1
-1 -1 -1 -1
-1 -1 2 -1
59 4
-1 -1 -1 -1
-1 -1 3 2
-1 3 -1 -1
2 -1 -1 -1
-1 -1 -1 2
-1 -1 -1 2
-1 -1 -1 -1
-1 -1 -1 -1
-1 -1 1 -1
2 -1 -1 -1
-1 -1 -1 2
-1 -1 -1 -1
-1 -1 -1 -1
-1 -1 -1 -1
-1 -1 3 -1
-1 -1 -1 1
-1 -1 2 -1
-1 -1 -1 -1
-1 -1 -1 2
-1 -1 -1 -1
3 3 -1 2
-1 -1 -1 -1
2 -1 -1 -1
-1 -1 -1 -1
-1 -1 -1 -1
-1 -1 -1 -1
-1 -1 4 -1
-1 2 -1 -1
-1 -1 -1 -1
-1 -1 -1 -1
-1 2 4 -1
-1 3 -1 -1
-1 1 -1 -1
-1 -1 -1 -1
-1 -1 -1 1
-1 -1 -1 -1
1 -1 -1 -1
-1 1 -1 -1
-1 -1 -1 -1
-1 1 2 -1
2 1 -1 -1
-1 -1 -1 -1
-1 -1 -1 -1
-1 -1 -1 -1
-1 -1 2 -1
-1 -1 -1 -1
-1 -1 -1 -1
-1 -1 -1 -1
3 -1 2 -1
-1 -1 4 -1
3 -1 -1 2
-1 4 -1 -1
-1 -1 -1 -1
-1 -1 -1 2
-1 3 -1 1
-1 -1 -1 -1
2 -1 -1 3
1 -1 -1 -1
-1 -1 -1 1
56 5
-1 -1 -1 -1 -1
-1 3 -1 -1 3
-1 -1 -1 -1 -1
-1 -1 -1 -1 -1
-1 -1 -1 -1 -1
-1 -1 -1 -1 -1
-1 -1 -1 -1 -1
-1 -1 -1 -1 -1
-1 -1 -1 -1 -1
-1 -1 -1 4 -1
-1 -1 3 -1 -1
-1 -1 -1 -1 -1
-1 -1 -1 -1 -1
-1 -1 -1 -1 -1
-1 -1 -1 -1 -1
-1 2 -1 -1 -1
-1 -1 -1 -1 -1
-1 -1 -1 -1 -1
-1 -1 -1 -1 2
-1 -1 -1 -1 -1
-1 -1 -1 -1 -1
-1 -1 -1 -1 -1
-1 -1 4 -1 -1
-1 -1 -1 -1 2
-1 -1 -1 -1 -1
-1 -1 -1 -1 -1
-1 -1 -1 -1 1
-1 1 -1 -1 -1
-1 -1 -1 1 1
-1 -1 -1 -1 3
-1 -1 -1 -1 -1
2 -1 -1 -1 -1
-1 -1 4 -1 3
2 4 -1 -1 -1
1 -1 -1 -1 -1
-1 -1 4 -1 -1
2 3 -1 -1 -1
2 -1 -1 -1 -1
-1 -1 -1 -1 -1
-1 -1 -1 -1 1
-1 -1 -1 -1 -1
-1 -1 -1 -1 -1
-1 3 -1 -1 -1
2 -1 -1 -1 -1
1 -1 1 -1 -1
1 -1 -1 -1 -1
-1 -1 2 4 -1
-1 -1 -1 -1 2
-1 -1 -1 -1 -1
-1 -1 -1 -1 -1
-1 -1 -1 4 -1
3 -1 -1 2 -1
3 -1 -1 -1 1
-1 2 -1 -1 -1
-1 -1 -1 -1 -1
-1 -1 -1 -1 -1
30 1
-1
-1
-1
-1
-1
-1
-1
-1
-1
-1
-1
2
-1
-1
1
-1
1
-1
-1
-1
-1
-1
-1
-1
-1
-1
-1
-1
-1
1
53 5
-1 -1 -1 -1 -1
-1 -1 1 -1 -1
-1 -1 -1 -1 -1
-1 -1 -1 -1 -1
-1 -1 4 -1 -1
-1 -1 -1 -1 -1
-1 -1 4 -1 -1
-1 -1 -1 -1 -1
-1 -1 -1 -1 -1
1 -1 -1 -1 -1
-1 -1 1 -1 3
3 -1 -1 -1 1
-1 -1 -1 -1 -1
2 -1 1 3 -1
-1 -1 -1 -1 3
-1 -1 -1 -1 -1
-1 -1 -1 -1 -1
-1 -1 -1 -1 1
-1 -1 -1 -1 -1
3 -1 -1 -1 -1
-1 -1 1 -1 -1
-1 -1 3 -1 -1
-1 -1 -1 -1 -1
-1 3 2 -1 -1
-1 -1 -1 -1 2
-1 -1 -1 -1 -1
-1 -1 -1 2 -1
-1 -1 -1 -1 -1
-1 2 -1 2 -1
-1 -1 -1 -1 -1
-1 3 -1 -1 -1
-1 -1 -1 2 -1
-1 -1 3 3 1
-1 -1 -1 -1 -1
-1 4 -1 -1 -1
-1 -1 -1 -1 -1
3 -1 -1 -1 2
-1 -1 -1 -1 -1
-1 -1 -1 -1 -1
-1 -1 -1 -1 -1
-1 -1 -1 -1 -1
-1 -1 -1 -1 3
-1 -1 -1 -1 -1
-1 -1 -1 -1 2
-1 2 -1 -1 3
-1 -1 4 -1 -1
-1 -1 -1 -1 -1
3 -1 -1 -1 -1
2 -1 -1 -1 1
-1 -1 -1 -1 -1
-1 -1 -1 -1 -1
-1 -1 -1 -1 -1
-1 -1 -1 -1 -1
5 1
-1
-1
-1
-1
-1
59 3
-1 3 -1
-1 -1 -1
-1 -1 -1
-1 -1 -1
3 -1 -1
-1 -1 -1
-1 -1 -1
-1 -1 -1
-1 -1 3
-1 -1 -1
-1 1 -1
-1 -1 -1
3 -1 -1
-1 -1 -1
-1 -1 -1
-1 -1 -1
-1 4 -1
-1 4 -1
-1 -1 -1
1 -1 -1
-1 -1 -1
-1 -1 -1
-1 -1 -1
-1 -1 -1
-1 4 -1
-1 3 -1
-1 -1 -1
-1 1 -1
-1 -1 -1
-1 -1 -1
-1 -1 -1
2 -1 -1
-1 -1 -1
-1 -1 -1
2 -1 -1
-1 -1 -1
-1 -1 -1
-1 -1 -1
2 3 -1
-1 -1 -1
-1 -1 -1
-1 -1 3
-1 -1 3
1 -1 -1
-1 -1 -1
-1 -1 2
-1 -1 -1
-1 -1 -1
-1 -1 -1
-1 -1 -1
-1 -1 2
-1 -1 -1
-1 -1 -1
-1 -1 3
-1 -1 -1
2 -1 2
-1 -1 2
-1 -1 -1
-1 -1 -1
6 4
-1 -1 2 -1
-1 1 -1 -1
-1 2 -1 -1
-1 -1 -1 -1
-1 -1 -1 -1
-1 -1 2 -1
3 2
-1 -1
1 -1
-1 -1
41 6
-1 -1 -1 -1 2 1
-1 -1 -1 -1 -1 -1
-1 -1 -1 -1 -1 -1
-1 -1 -1 -1 -1 -1
-1 -1 -1 -1 -1 -1
-1 -1 -1 -1 -1 -1
-1 -1 -1 -1 -1 -1
3 -1 -1 -1 -1 -1
-1 -1 2 -1 -1 -1
-1 -1 -1 2 -1 -1
-1 4 -1 -1 -1 -1
-1 -1 -1 3 1 -1
-1 4 -1 -1 -1 -1
-1 -1 -1 3 -1 -1
-1 -1 -1 3 -1 1
-1 -1 -1 1 -1 -1
-1 2 -1 -1 -1 -1
-1 -1 -1 -1 -1 1
-1 -1 -1 2 -1 2
-1 -1 -1 -1 -1 2
3 -1 -1 -1 -1 -1
-1 -1 4 -1 3 -1
-1 -1 -1 -1 -1 -1
-1 -1 -1 -1 -1 -1
-1 -1 -1 -1 -1 -1
-1 -1 -1 -1 -1 -1
-1 -1 -1 -1 -1 -1
-1 -1 -1 -1 -1 -1
3 -1 1 -1 -1 -1
-1 -1 -1 -1 1 3
-1 -1 -1 3 -1 -1
-1 -1 -1 -1 -1 -1
-1 -1 -1 -1 -1 -1
-1 1 -1 -1 -1 -1
-1 -1 -1 -1 -1 -1
2 -1 -1 -1 4 3
-1 -1 1 -1 2 -1
-1 -1 -1 -1 -1 -1
-1 -1 -1 -1 -1 3
-1 -1 1 -1 -1 -1
-1 -1 -1 -1 3 -1
