10
55 1
-1
1
2
-1
-1
-1
-1
-1
-1
1
-1
-1
2
1
-1
-1
2
-1
-1
-1
2
-1
-1
-1
-1
-1
-1
2
-1
-1
-1
-1
2
-1
-1
-1
-1
-1
-1
-1
-1
-1
-1
-1
-1
-1
-1
-1
-1
-1
2
-1
-1
-1
-1
44 3
-1 -1 -1
-1 -1 2
-1 -1 -1
-1 -1 -1
1 -1 -1
-1 -1 -1
-1 -1 -1
-1 -1 3
-1 -1 -1
-1 -1 -1
-1 2 -1
-1 -1 -1
-1 -1 3
-1 -1 -1
-1 -1 3
-1 -1 -1
-1 -1 -1
-1 -1 -1
-1 -1 -1
-1 2 -1
-1 2 -1
-1 -1 -1
-1 -1 -1
-1 4 -1
-1 -1 -1
-1 -1 -1
-1 -1 -1
-1 -1 -1
3 -1 -1
-1 -1 -1
-1 -1 -1
-1 2 -1
-1 -1 -1
1 -1 -1
-1 -1 -1
-1 -1 -1
-1 -1 -1
-1 -1 -1
-1 -1 -1
-1 -1 -1
-1 -1 -1
-1 -1 -1
-1 -1 -1
-1 -1 -1
44 2
-1 -1
-1 -1
-1 -1
-1 -1
-1 -1
-1 -1
1 -1
-1 -1
-1 1
-1 -1
1 -1
-1 3
-1 -1
-1 -1
-1 -1
-1 -1
-1 -1
-1 -1
-1 -1
-1 -1
-1 -1
-1 -1
-1 -1
-1 3
-1 -1
-1 -1
1 -1
-1 -1
-1 -1
-1 -1
-1 -1
-1 -1
-1 -1
-1 -1
-1 -1
-1 -1
-1 -1
-1 -1
-1 -1
-1 -1
-1 -1
2 -1
-1 2
-1 1
26 5
2 -1 -1 2 -1
-1 -1 -1 -1 -1
1 -1 -1 -1 -1
-1 -1 -1 -1 -1
-1 -1 -1 -1 2
-1 -1 -1 -1 2
1 -1 -1 -1 -1
-1 3 -1 -1 -1
-1 -1 -1 -1 -1
-1 -1 1 -1 -1
2 -1 -1 -1 -1
-1 -1 -1 -1 -1
1 -1 -1 -1 -1
-1 -1 -1 -1 -1
3 -1 -1 -1 -1
-1 -1 -1 -1 -1
-1 -1 -1 3 -1
-1 -1 -1 -1 -1
-1 -1 -1 -1 -1
-1 3 -1 -1 -1
-1 -1 -1 -1 -1
3 -1 -1 -1 2
-1 -1 -1 -1 -1
-1 -1 -1 -1 -1
-1 1 -1 -1 -1
-1 -1 -1 -1 1
46 1
1
-1
-1
-1
-1
-1
-1
-1
-1
-1
1
-1
-1
-1
-1
-1
-1
-1
-1
1
-1
-1
-1
-1
-1
-1
-1
-1
-1
-1
-1
-1
1
-1
-1
-1
-1
-1
-1
1
-1
-1
2
-1
-1
-1
37 3
-1 -1 -1
-1 -1 -1
-1 -1 -1
-1 -1 3
-1 -1 -1
-1 -1 1
-1 1 -1
-1 2 -1
-1 -1 -1
-1 4 -1
1 -1 -1
-1 -1 -1
-1 -1 -1
-1 -1 2
-1 -1 1
-1 -1 -1
-1 -1 -1
-1 -1 -1
-1 -1 -1
-1 -1 -1
3 -1 -1
-1 -1 -1
-1 -1 -1
-1 -1 -1
-1 -1 -1
-1 -1 -1
2 -1 2
-1 -1 -1
-1 -1 -1
-1 -1 -1
-1 -1 -1
-1 -1 -1
-1 -1 -1
-1 3 -1
-1 -1 -1
1 -1 -1
-1 -1 -1
11 1
-1
-1
1
-1
-1
-1
-1
-1
-1
-1
-1
59 2
-1 2
-1 2
-1 -1
-1 -1
-1 -1
-1 -1
-1 -1
-1 -1
-1 -1
-1 -1
-1 -1
-1 -1
-1 -1
-1 -1
-1 -1
1 -1
-1 -1
-1 1
-1 -1
3 1
-1 -1
-1 2
-1 -1
-1 -1
-1 3
1 -1
3 -1
-1 -1
-1 -1
-1 -1
-1 -1
3 -1
-1 -1
-1 -1
-1 -1
-1 -1
-1 -1
-1 -1
-1 -1
-1 -1
-1 3
-1 2
-1 -1
-1 -1
-1 -1
-1 -1
-1 -1
-1 -1
-1 -1
-1 -1
-1 2
3 -1
-1 -1
-1 -1
-1 -1
-1 -1
-1 -1
-1 -1
-1 -1
56 5
1 -1 3 1 -1
-1 -1 -1 -1 -1
-1 1 -1 -1 -1
-1 -1 4 -1 -1
-1 -1 -1 -1 -1
-1 -1 -1 -1 1
-1 4 -1 -1 -1
-1 -1 -1 4 -1
-1 -1 -1 -1 -1
-1 -1 2 -1 -1
-1 2 -1 -1 -1
-1 -1 -1 -1 -1
-1 -1 -1 -1 -1
-1 -1 -1 -1 -1
-1 -1 -1 -1 -1
-1 -1 -1 -1 -1
-1 -1 -1 -1 -1
-1 -1 -1 -1 -1
-1 -1 -1 -1 -1
-1 -1 4 -1 3
-1 -1 -1 2 -1
-1 -1 -1 4 2
-1 -1 -1 -1 -1
-1 2 -1 1 -1
-1 -1 -1 -1 -1
-1 -1 -1 -1 -1
-1 -1 -1 1 -1
-1 -1 -1 -1 3
-1 -1 -1 -1 -1
-1 -1 -1 -1 -1
-1 -1 -1 -1 1
3 -1 -1 -1 -1
1 -1 -1 -1 -1
-1 -1 -1 -1 -1
-1 1 -1 -1 -1
-1 -1 -1 -1 -1
1 -1 -1 -1 -1
3 -1 -1 -1 -1
-1 -1 2 -1 -1
-1 -1 -1 -1 -1
-1 -1 -1 -1 -1
-1 -1 2 -1 -1
3 1 -1 4 -1
-1 -1 -1 -1 -1
-1 -1 -1 4 2
-1 -1 -1 -1 -1
-1 3 -1 -1 -1
-1 -1 -1 -1 -1
-1 -1 -1 -1 -1
-1 -1 -1 -1 2
-1 -1 -1 -1 -1
-1 -1 -1 -1 -1
-1 -1 -1 -1 -1
-1 -1 -1 -1 1
-1 2 -1 -1 2
-1 1 -1 -1 -1
50 2
-1 -1
-1 3
-1 -1
-1 -1
-1 -1
-1 2
-1 -1
-1 2
-1 -1
-1 -1
-1 -1
-1 -1
-1 -1
-1 -1
-1 -1
-1 -1
-1 1
-1 -1
2 -1
-1 -1
-1 -1
-1 -1
-1 -1
-1 -1
-1 -1
-1 -1
3 -1
2 -1
-1 -1
-1 -1
-1 -1
3 -1
1 -1
-1 -1
-1 -1
-1 -1
-1 -1
-1 -1
-1 -1
-1 -1
-1 -1
-1 -1
-1 -1
1 -1
-1 -1
-1 2
-1 -1
-1 -1
-1 -1
-1 -1
