10
27 2
-1 -1
-1 -1
-1 -1
-1 -1
-1 -1
-1 -1
-1 -1
-1 -1
-1 -1
2 -1
-1 -1
-1 -1
-1 -1
-1 -1
-1 -1
3 3
-1 3
-1 -1
-1 -1
-1 -1
-1 -1
-1 -1
-1 -1
-1 2
-1 3
-1 -1
-1 -1
5 6
-1 3 -1 2 -1 -1
-1 -1 -1 -1 -1 -1
-1 -1 -1 3 -1 -1
-1 1 -1 1 -1 -1
-1 -1 -1 -1 -1 -1
13 1
-1
-1
-1
-1
-1
-1
-1
-1
-1
-1
-1
-1
-1
47 2
-1 -1
-1 -1
-1 -1
-1 -1
-1 -1
-1 -1
1 -1
-1 -1
-1 -1
-1 -1
-1 -1
-1 -1
-1 -1
-1 -1
-1 -1
-1 -1
-1 -1
-1 -1
-1 -1
2 -1
1 -1
-1 -1
-1 -1
-1 3
-1 -1
-1 -1
-1 -1
-1 -1
-1 -1
-1 -1
-1 -1
-1 -1
-1 -1
-1 -1
-1 -1
-1 -1
-1 -1
2 -1
-1 -1
-1 -1
3 -1
-1 3
-1 -1
-1 -1
-1 2
-1 -1
-1 2
36 2
-1 -1
-1 -1
3 1
-1 -1
-1 -1
-1 2
-1 1
-1 -1
3 -1
-1 -1
-1 -1
-1 -1
-1 2
-1 -1
-1 -1
-1 2
1 -1
1 -1
-1 1
-1 -1
-1 -1
-1 -1
-1 -1
-1 -1
-1 -1
-1 2
-1 -1
-1 -1
-1 -1
-1 -1
-1 -1
-1 -1
3 -1
-1 -1
-1 -1
-1 -1
66 4
-1 -1 -1 -1
-1 -1 -1 -1
-1 -1 -1 -1
2 2 -1 -1
3 -1 -1 -1
-1 -1 3 -1
-1 4 -1 -1
-1 2 -1 -1
-1 -1 -1 -1
1 -1 -1 -1
-1 -1 -1 1
3 -1 -1 -1
-1 -1 -1 -1
-1 -1 -1 -1
-1 -1 -1 -1
-1 -1 -1 -1
-1 -1 -1 -1
-1 -1 -1 3
-1 4 3 -1
-1 3 -1 -1
-1 -1 -1 -1
-1 -1 -1 -1
-1 -1 4 -1
-1 -1 -1 -1
-1 -1 -1 -1
-1 2 -1 2
2 -1 3 -1
-1 4 -1 -1
2 -1 -1 1
-1 -1 -1 -1
-1 -1 -1 1
-1 -1 2 -1
-1 -1 -1 -1
-1 -1 -1 -1
-1 -1 -1 -1
-1 -1 4 -1
-1 -1 -1 -1
-1 -1 -1 -1
-1 -1 -1 -1
-1 -1 -1 -1
-1 -1 1 -1
-1 -1 -1 -1
-1 -1 -1 1
-1 -1 -1 -1
-1 -1 -1 -1
-1 -1 -1 2
-1 -1 1 3
-1 -1 -1 -1
-1 -1 2 -1
3 -1 -1 -1
-1 -1 -1 -1
-1 -1 -1 -1
-1 -1 -1 -1
2 -1 -1 -1
-1 -1 3 -1
-1 -1 -1 -1
-1 -1 -1 2
-1 -1 2 -1
-1 1 -1 2
-1 -1 -1 -1
-1 1 -1 -1
-1 3 -1 -1
-1 -1 -1 -1
-1 -1 -1 -1
-1 -1 -1 -1
2 -1 -1 -1
6 6
-1 -1 -1 -1 -1 -1
-1 -1 -1 -1 -1 3
-1 -1 -1 -1 -1 1
-1 -1 -1 -1 4 -1
-1 -1 -1 -1 -1 -1
-1 -1 -1 -1 -1 -1
38 3
-1 -1 1
-1 -1 -1
-1 -1 -1
-1 -1 -1
-1 -1 -1
-1 -1 -1
-1 -1 -1
-1 -1 -1
-1 -1 1
-1 -1 -1
-1 -1 -1
-1 3 -1
-1 -1 -1
-1 -1 -1
-1 -1 -1
-1 -1 -1
-1 4 -1
-1 -1 -1
-1 -1 -1
-1 -1 -1
1 -1 -1
2 -1 -1
3 -1 -1
1 -1 -1
-1 -1 -1
-1 -1 -1
2 -1 -1
-1 -1 -1
-1 -1 -1
-1 -1 -1
-1 2 -1
-1 -1 -1
-1 -1 -1
-1 -1 -1
-1 -1 -1
-1 -1 -1
-1 -1 -1
2 -1 -1
51 5
-1 -1 -1 -1 1
-1 -1 -1 1 -1
-1 -1 -1 -1 -1
1 -1 -1 -1 -1
-1 -1 -1 -1 2
-1 2 -1 -1 -1
-1 -1 2 -1 -1
-1 -1 -1 1 -1
-1 -1 -1 -1 -1
-1 -1 -1 -1 -1
-1 -1 -1 -1 -1
3 -1 -1 -1 -1
-1 -1 -1 -1 -1
-1 -1 -1 3 -1
-1 -1 -1 3 3
-1 -1 4 -1 -1
2 -1 -1 -1 1
-1 -1 -1 -1 -1
-1 -1 -1 -1 -1
-1 -1 -1 -1 2
-1 -1 1 -1 -1
-1 -1 -1 -1 -1
-1 -1 -1 -1 -1
-1 -1 -1 -1 -1
-1 -1 -1 -1 -1
-1 -1 -1 -1 -1
-1 -1 -1 -1 3
-1 -1 -1 -1 -1
-1 -1 -1 -1 -1
-1 -1 -1 -1 -1
1 -1 -1 -1 -1
-1 -1 -1 -1 -1
2 -1 -1 -1 -1
-1 -1 -1 -1 1
-1 -1 -1 -1 -1
-1 -1 -1 -1 -1
2 4 -1 -1 -1
-1 -1 -1 -1 3
-1 -1 -1 1 -1
-1 -1 -1 -1 2
1 -1 -1 -1 -1
1 -1 -1 -1 -1
-1 -1 -1 -1 -1
-1 -1 -1 -1 -1
-1 -1 -1 -1 -1
2 2 1 1 -1
-1 -1 -1 1 -1
-1 -1 -1 -1 -1
-1 -1 -1 -1 -1
-1 -1 -1 -1 1
-1 -1 -1 -1 -1
37 4
-1 2 -1 -1
-1 -1 -1 -1
-1 -1 -1 -1
-1 -1 -1 -1
-1 1 -1 -1
-1 2 3 -1
-1 -1 -1 -1
-1 -1 -1 -1
-1 -1 -1 -1
-1 -1 -1 -1
-1 -1 -1 3
-1 3 -1 -1
-1 -1 -1 -1
2 -1 1 -1
-1 -1 2 -1
-1 -1 -1 -1
-1 -1 -1 -1
-1 -1 -1 -1
-1 -1 -1 -1
-1 -1 3 -1
-1 -1 2 2
-1 -1 -1 -1
-1 -1 -1 -1
-1 -1 -1 -1
-1 -1 -1 -1
-1 1 -1 -1
-1 -1 3 -1
-1 -1 2 -1
-1 -1 -1 -1
-1 -1 -1 -1
3 4 -1 1
-1 -1 -1 -1
3 -1 -1 1
-1 -1 -1 -1
-1 -1 -1 -1
-1 -1 -1 -1
-1 -1 -1 -1
