10
50 2
-1 -1
-1 -1
-1 -1
-1 -1
-1 -1
-1 -1
-1 1
-1 -1
-1 1
-1 -1
-1 -1
-1 -1
-1 -1
-1 -1
3 -1
-1 -1
-1 1
-1 -1
-1 -1
-1 -1
-1 -1
-1 -1
-1 1
-1 -1
3 -1
-1 -1
-1 -1
-1 -1
-1 -1
-1 -1
3 -1
-1 -1
-1 -1
-1 -1
-1 -1
-1 -1
-1 3
-1 -1
-1 -1
-1 -1
-1 -1
-1 -1
-1 -1
-1 -1
-1 -1
-1 -1
-1 -1
-1 -1
2 -1
-1 -1
23 1
-1
-1
-1
-1
-1
-1
-1
-1
-1
-1
-1
-1
-1
-1
-1
-1
-1
-1
-1
-1
-1
-1
-1
35 5
-1 2 -1 -1 1
-1 -1 -1 -1 2
-1 -1 -1 -1 -1
-1 -1 -1 -1 -1
-1 -1 -1 -1 -1
-1 -1 -1 -1 3
-1 -1 -1 -1 -1
-1 -1 3 -1 -1
-1 -1 -1 -1 -1
-1 -1 -1 -1 -1
-1 -1 -1 1 -1
-1 -1 -1 -1 -1
-1 -1 -1 3 -1
-1 -1 -1 -1 -1
-1 -1 -1 -1 -1
-1 -1 -1 -1 -1
-1 -1 -1 -1 -1
-1 -1 -1 -1 -1
-1 -1 -1 -1 1
-1 -1 -1 -1 -1
-1 -1 -1 -1 -1
-1 -1 -1 -1 -1
-1 -1 -1 -1 -1
-1 4 -1 -1 -1
-1 -1 -1 -1 -1
-1 -1 -1 -1 -1
-1 -1 -1 -1 -1
-1 2 -1 -1 -1
-1 -1 -1 -1 -1
-1 -1 -1 -1 -1
-1 -1 -1 -1 -1
2 -1 -1 -1 -1
3 -1 -1 -1 -1
-1 -1 -1 -1 -1
-1 1 3 1 2
43 3
2 -1 -1
2 -1 -1
-1 -1 -1
-1 4 -1
-1 -1 -1
-1 -1 -1
-1 -1 -1
-1 -1 -1
-1 -1 -1
-1 -1 -1
-1 -1 -1
-1 -1 -1
-1 -1 -1
-1 -1 -1
-1 -1 -1
-1 -1 -1
-1 -1 -1
2 -1 1
-1 -1 -1
-1 -1 -1
-1 -1 -1
-1 -1 -1
-1 -1 -1
-1 -1 -1
1 -1 1
-1 -1 -1
-1 -1 -1
-1 -1 -1
-1 -1 -1
-1 -1 -1
-1 -1 -1
-1 -1 -1
-1 -1 3
-1 -1 -1
-1 -1 -1
3 1 -1
1 -1 -1
-1 -1 2
2 -1 -1
1 -1 -1
-1 -1 -1
-1 -1 -1
-1 -1 1
61 4
-1 -1 -1 -1
-1 -1 3 -1
-1 -1 -1 -1
2 -1 -1 -1
-1 -1 1 -1
2 -1 -1 -1
-1 -1 -1 -1
-1 -1 -1 -1
3 -1 -1 -1
-1 -1 -1 -1
-1 -1 -1 -1
-1 -1 -1 -1
-1 -1 -1 -1
1 -1 -1 -1
-1 3 -1 1
-1 -1 -1 -1
-1 -1 -1 -1
-1 -1 -1 -1
-1 4 -1 -1
-1 -1 -1 -1
3 3 -1 -1
-1 -1 3 -1
-1 -1 -1 -1
-1 -1 -1 -1
-1 -1 -1 3
-1 -1 -1 -1
-1 -1 -1 -1
-1 -1 -1 -1
-1 -1 -1 -1
-1 -1 -1 -1
-1 -1 -1 -1
-1 -1 -1 -1
-1 -1 3 -1
-1 -1 1 -1
-1 -1 2 -1
-1 -1 -1 3
-1 -1 1 -1
-1 -1 -1 -1
-1 -1 -1 -1
1 -1 -1 -1
-1 -1 -1 1
-1 4 -1 -1
-1 -1 -1 -1
-1 -1 -1 -1
-1 -1 -1 -1
-1 -1 2 -1
-1 -1 -1 -1
-1 -1 -1 -1
-1 -1 -1 -1
-1 -1 -1 -1
-1 -1 -1 3
-1 -1 1 -1
-1 -1 -1 -1
-1 -1 -1 -1
-1 1 -1 -1
1 -1 -1 -1
3 -1 3 3
1 -1 -1 3
3 -1 -1 -1
-1 -1 -1 -1
-1 -1 -1 1
18 3
-1 -1 -1
-1 -1 -1
-1 -1 2
-1 -1 -1
-1 -1 2
-1 -1 3
-1 -1 -1
-1 -1 -1
-1 -1 -1
-1 4 -1
-1 -1 -1
-1 -1 -1
3 -1 -1
-1 -1 -1
-1 -1 -1
-1 -1 -1
-1 3 -1
-1 -1 -1
37 1
-1
-1
-1
-1
-1
2
-1
-1
-1
-1
-1
-1
-1
-1
-1
-1
-1
-1
-1
-1
-1
-1
-1
-1
-1
-1
-1
-1
1
1
-1
-1
-1
-1
-1
-1
-1
51 3
-1 -1 -1
-1 -1 1
-1 -1 -1
-1 -1 -1
2 -1 -1
-1 3 3
-1 -1 -1
-1 -1 -1
-1 -1 -1
-1 -1 -1
-1 -1 -1
-1 -1 -1
-1 -1 -1
-1 -1 1
-1 1 1
-1 -1 -1
-1 -1 -1
-1 -1 -1
-1 -1 -1
-1 -1 -1
-1 3 -1
-1 -1 -1
-1 -1 -1
-1 -1 -1
-1 -1 -1
-1 -1 -1
2 4 -1
-1 -1 -1
-1 -1 1
-1 -1 -1
-1 -1 1
-1 -1 -1
-1 3 3
-1 -1 2
-1 -1 -1
-1 -1 -1
3 -1 -1
-1 -1 -1
3 -1 -1
-1 -1 -1
-1 -1 -1
-1 -1 3
-1 -1 -1
2 3 -1
-1 -1 -1
-1 2 -1
-1 -1 -1
-1 -1 -1
-1 -1 -1
-1 -1 -1
-1 -1 1
20 3
-1 -1 -1
-1 2 -1
-1 -1 -1
-1 -1 -1
-1 -1 -1
-1 -1 2
-1 -1 -1
-1 1 2
-1 -1 -1
-1 -1 -1
-1 -1 -1
-1 -1 -1
-1 -1 2
-1 -1 -1
-1 2 2
-1 -1 -1
-1 -1 -1
-1 -1 -1
-1 -1 -1
2 -1 -1
19 4
-1 1 -1 -1
-1 -1 -1 -1
-1 3 -1 -1
-1 -1 -1 -1
-1 -1 -1 -1
-1 -1 -1 -1
3 -1 -1 -1
-1 -1 -1 -1
-1 -1 -1 -1
-1 -1 -1 -1
-1 -1 -1 -1
-1 -1 -1 1
-1 -1 -1 -1
-1 -1 -1 -1
-1 -1 -1 -1
-1 -1 -1 -1
-1 -1 -1 -1
-1 -1 2 -1
-1 -1 -1 -1
