10
47 2
-1 -1
-1 -1
-1 3
-1 -1
-1 -1
-1 1
-1 -1
-1 -1
-1 2
-1 -1
1 -1
-1 -1
-1 -1
-1 -1
-1 -1
-1 -1
1 -1
-1 -1
3 3
-1 -1
-1 -1
-1 -1
3 -1
-1 -1
-1 -1
-1 -1
-1 -1
-1 -1
-1 -1
-1 -1
-1 -1
2 3
-1 -1
-1 -1
-1 1
-1 -1
-1 1
-1 3
-1 -1
-1 -1
-1 -1
-1 -1
-1 -1
-1 -1
-1 1
-1 -1
-1 -1
29 2
-1 -1
-1 -1
-1 -1
-1 -1
-1 2
-1 -1
-1 -1
2 -1
-1 -1
-1 -1
-1 3
-1 1
-1 -1
-1 -1
-1 -1
-1 -1
-1 -1
-1 -1
-1 -1
-1 -1
-1 -1
1 -1
-1 -1
-1 -1
-1 2
-1 -1
-1 3
3 -1
-1 -1
58 2
-1 2
-1 -1
-1 -1
3 -1
-1 1
-1 -1
-1 -1
-1 -1
-1 -1
-1 -1
-1 -1
-1 -1
-1 -1
-1 -1
3 1
-1 1
-1 -1
-1 -1
-1 -1
-1 2
-1 -1
-1 2
-1 -1
-1 -1
1 -1
-1 -1
-1 -1
-1 -1
-1 -1
-1 -1
-1 -1
-1 -1
-1 -1
-1 -1
-1 2
-1 3
-1 -1
-1 -1
-1 -1
-1 -1
-1 2
2 -1
-1 -1
1 -1
-1 -1
-1 -1
1 -1
3 -1
-1 1
-1 -1
-1 -1
-1 -1
-1 -1
-1 -1
-1 -1
-1 -1
-1 1
-1 -1
11 6
-1 -1 -1 -1 -1 -1
-1 -1 -1 -1 2 -1
-1 -1 -1 -1 -1 -1
-1 -1 -1 -1 2 -1
-1 -1 -1 -1 -1 -1
-1 -1 -1 -1 -1 -1
2 -1 -1 -1 -1 -1
-1 -1 -1 -1 -1 -1
1 1 -1 -1 -1 -1
-1 -1 -1 -1 -1 -1
-1 -1 3 -1 -1 -1
60 5
-1 -1 -1 -1 2
-1 -1 4 -1 -1
-1 -1 -1 -1 -1
-1 4 -1 -1 -1
2 -1 -1 -1 -1
-1 -1 -1 -1 -1
-1 -1 -1 -1 -1
-1 -1 -1 -1 -1
-1 -1 4 -1 -1
-1 -1 -1 -1 -1
-1 2 -1 -1 -1
-1 1 -1 -1 -1
-1 4 -1 -1 -1
-1 -1 -1 -1 -1
-1 -1 -1 2 -1
-1 -1 -1 -1 -1
-1 -1 -1 -1 -1
3 -1 -1 -1 -1
-1 -1 -1 -1 -1
-1 -1 -1 -1 -1
-1 -1 -1 -1 -1
-1 -1 -1 -1 -1
-1 -1 -1 2 -1
-1 -1 -1 -1 -1
-1 -1 -1 -1 -1
-1 4 -1 -1 -1
-1 -1 -1 -1 -1
-1 -1 -1 -1 -1
-1 -1 -1 -1 -1
-1 -1 -1 -1 -1
-1 -1 -1 -1 -1
-1 -1 -1 -1 -1
-1 -1 -1 -1 2
-1 -1 -1 1 -1
-1 -1 -1 -1 -1
-1 -1 -1 -1 -1
-1 -1 -1 -1 -1
-1 -1 -1 2 -1
2 -1 -1 -1 -1
2 -1 -1 -1 -1
-1 -1 -1 -1 -1
-1 -1 -1 -1 -1
-1 -1 -1 -1 -1
-1 -1 -1 -1 -1
-1 -1 -1 -1 -1
-1 -1 -1 -1 -1
-1 -1 -1 -1 -1
-1 -1 -1 -1 -1
-1 -1 -1 -1 -1
-1 -1 -1 -1 -1
-1 -1 3 -1 2
3 -1 -1 4 -1
-1 -1 -1 -1 -1
-1 -1 -1 -1 -1
3 3 -1 -1 -1
-1 -1 -1 -1 3
-1 -1 2 -1 -1
-1 -1 -1 -1 -1
-1 -1 -1 -1 -1
-1 -1 -1 -1 -1
27 1
-1
-1
-1
-1
-1
-1
-1
-1
2
-1
-1
-1
-1
-1
-1
-1
-1
-1
-1
-1
-1
-1
-1
-1
-1
-1
-1
20 6
-1 -1 -1 -1 3 -1
-1 -1 -1 4 2 2
-1 -1 -1 -1 -1 -1
-1 -1 4 -1 3 -1
-1 -1 -1 -1 -1 -1
-1 -1 -1 -1 -1 -1
-1 -1 3 -1 -1 -1
-1 -1 -1 -1 -1 -1
2 -1 -1 -1 -1 -1
-1 -1 3 1 -1 -1
-1 -1 -1 -1 -1 -1
1 -1 -1 -1 1 -1
-1 -1 -1 -1 -1 -1
-1 -1 -1 -1 -1 -1
-1 -1 -1 -1 4 2
-1 -1 -1 -1 -1 -1
-1 -1 -1 -1 -1 -1
-1 -1 -1 -1 -1 -1
-1 -1 3 -1 -1 2
-1 -1 -1 -1 -1 -1
39 2
-1 -1
-1 -1
-1 -1
-1 -1
-1 -1
-1 -1
-1 3
-1 -1
-1 3
-1 -1
-1 -1
-1 1
-1 -1
-1 -1
-1 3
-1 -1
-1 -1
-1 -1
-1 -1
-1 -1
-1 -1
-1 -1
-1 -1
-1 -1
-1 -1
-1 -1
-1 -1
-1 -1
-1 -1
-1 -1
-1 -1
-1 -1
-1 -1
-1 -1
-1 -1
-1 -1
-1 -1
-1 -1
-1 -1
59 1
-1
-1
-1
-1
-1
-1
-1
1
-1
-1
-1
-1
-1
-1
-1
-1
-1
-1
-1
-1
-1
-1
-1
1
-1
-1
-1
-1
-1
2
-1
2
-1
-1
-1
-1
2
1
-1
-1
1
-1
-1
2
-1
-1
-1
-1
-1
-1
-1
-1
-1
-1
-1
-1
-1
-1
-1
13 6
-1 -1 -1 -1 -1 -1
-1 -1 -1 -1 1 -1
-1 -1 4 -1 -1 -1
-1 -1 -1 -1 -1 1
-1 -1 3 -1 3 3
-1 -1 -1 -1 -1 -1
-1 -1 -1 -1 -1 -1
-1 -1 -1 -1 -1 -1
-1 -1 -1 -1 -1 3
-1 -1 2 3 -1 1
-1 -1 -1 1 -1 -1
2 -1 -1 -1 -1 -1
-1 -1 -1 -1 -1 1
