10
11 6
-1 2 -1 -1 -1 -1
-1 -1 3 -1 -1 -1
-1 -1 -1 2 -1 2
-1 -1 -1 -1 4 -1
-1 -1 -1 -1 -1 -1
-1 -1 -1 -1 -1 -1
-1 -1 -1 -1 -1 1
1 -1 -1 -1 -1 -1
-1 -1 -1 -1 -1 -1
-1 -1 -1 3 -1 -1
2 -1 -1 -1 -1 -1
28 2
-1 2
-1 -1
-1 -1
-1 -1
-1 -1
-1 -1
-1 -1
-1 -1
-1 -1
-1 -1
-1 -1
3 -1
1 -1
1 -1
-1 -1
-1 -1
-1 -1
-1 -1
-1 -1
-1 -1
-1 -1
-1 -1
-1 2
-1 -1
-1 -1
-1 -1
-1 1
-1 -1
46 4
-1 -1 -1 -1
2 -1 -1 -1
-1 -1 -1 -1
-1 -1 -1 -1
-1 -1 -1 -1
-1 -1 -1 -1
-1 -1 -1 -1
-1 -1 3 -1
-1 -1 1 -1
-1 -1 -1 1
-1 -1 4 -1
-1 -1 -1 -1
-1 -1 -1 -1
-1 1 -1 -1
-1 -1 -1 -1
-1 2 -1 -1
3 -1 -1 -1
-1 -1 -1 -1
-1 -1 -1 -1
2 -1 -1 -1
-1 -1 -1 -1
-1 -1 -1 -1
-1 1 -1 -1
-1 -1 -1 -1
-1 -1 -1 -1
3 -1 -1 -1
-1 -1 4 -1
-1 -1 -1 -1
-1 1 -1 -1
-1 -1 -1 -1
-1 -1 3 -1
-1 -1 -1 -1
-1 -1 -1 -1
-1 -1 -1 -1
-1 -1 -1 3
-1 -1 -1 2
-1 4 3 -1
-1 -1 2 -1
1 -1 -1 -1
-1 -1 -1 -1
-1 -1 -1 -1
-1 -1 -1 3
-1 -1 -1 -1
-1 1 -1 -1
-1 -1 3 -1
-1 -1 -1 -1
49 5
-1 -1 -1 -1 -1
-1 -1 -1 -1 -1
-1 -1 -1 1 -1
2 -1 -1 3 -1
3 -1 -1 -1 1
-1 -1 1 -1 -1
2 -1 -1 -1 -1
-1 -1 -1 4 -1
-1 1 -1 -1 -1
-1 -1 -1 -1 -1
-1 -1 -1 2 -1
-1 2 -1 -1 -1
-1 -1 -1 -1 -1
-1 -1 -1 4 -1
1 -1 -1 -1 -1
-1 -1 -1 -1 -1
-1 -1 -1 2 -1
-1 -1 -1 -1 -1
-1 1 -1 -1 -1
-1 -1 -1 -1 -1
-1 -1 4 1 -1
-1 -1 -1 -1 -1
-1 -1 -1 -1 -1
2 -1 -1 -1 -1
-1 -1 -1 -1 -1
-1 -1 -1 -1 -1
-1 1 -1 -1 -1
-1 3 -1 -1 -1
-1 -1 -1 -1 -1
-1 -1 -1 -1 1
-1 -1 -1 -1 -1
-1 -1 -1 -1 -1
-1 -1 -1 -1 -1
-1 1 -1 -1 -1
-1 -1 -1 3 -1
-1 -1 1 -1 -1
-1 -1 -1 -1 -1
-1 -1 2 -1 -1
-1 4 -1 -1 3
-1 -1 -1 -1 1
-1 -1 -1 -1 -1
-1 -1 -1 1 -1
-1 4 -1 -1 1
-1 -1 -1 -1 -1
-1 -1 -1 -1 -1
-1 -1 -1 -1 -1
-1 4 2 -1 -1
1 -1 -1 1 -1
-1 -1 -1 1 -1
13 4
-1 -1 2 -1
-1 -1 -1 -1
-1 -1 -1 2
-1 -1 2 -1
-1 -1 -1 3
-1 -1 -1 -1
-1 3 -1 -1
-1 -1 -1 -1
-1 -1 -1 1
-1 -1 -1 -1
3 -1 -1 -1
3 1 -1 -1
-1 -1 -1 -1
52 4
-1 -1 -1 -1
-1 -1 1 1
-1 -1 -1 3
-1 -1 -1 -1
-1 -1 -1 2
-1 -1 -1 -1
-1 -1 -1 -1
-1 3 -1 -1
-1 -1 -1 -1
-1 -1 -1 -1
-1 -1 -1 -1
-1 4 -1 -1
-1 -1 4 -1
1 3 -1 -1
-1 -1 -1 1
2 -1 -1 -1
-1 -1 -1 -1
-1 3 -1 -1
-1 -1 -1 -1
-1 2 -1 -1
-1 -1 -1 -1
-1 -1 3 -1
-1 -1 -1 -1
-1 -1 -1 -1
-1 -1 -1 -1
-1 -1 -1 -1
-1 -1 -1 -1
-1 -1 2 -1
-1 -1 -1 1
-1 -1 -1 -1
-1 -1 -1 3
-1 -1 -1 -1
-1 3 -1 2
-1 -1 -1 -1
-1 -1 -1 -1
-1 -1 -1 -1
-1 -1 -1 1
-1 -1 -1 2
-1 -1 -1 3
-1 -1 -1 -1
-1 -1 -1 -1
-1 -1 4 -1
1 -1 -1 -1
-1 -1 -1 -1
-1 -1 -1 -1
-1 -1 -1 2
-1 -1 -1 -1
-1 -1 -1 -1
-1 -1 -1 -1
-1 -1 1 -1
-1 -1 -1 -1
-1 -1 -1 -1
59 5
-1 -1 -1 -1 -1
1 -1 -1 -1 -1
-1 -1 3 -1 -1
-1 -1 2 -1 -1
-1 -1 -1 -1 -1
1 -1 -1 -1 -1
-1 -1 -1 -1 -1
-1 -1 -1 2 -1
-1 -1 -1 -1 -1
-1 -1 -1 -1 -1
-1 1 -1 -1 -1
-1 -1 -1 -1 -1
-1 -1 -1 -1 1
-1 -1 -1 4 1
-1 -1 -1 3 1
2 -1 -1 -1 2
-1 -1 1 4 -1
-1 -1 -1 -1 -1
-1 -1 -1 -1 -1
-1 -1 3 -1 -1
-1 -1 -1 -1 -1
-1 -1 -1 -1 -1
-1 -1 -1 -1 -1
-1 -1 1 -1 -1
-1 -1 -1 -1 -1
-1 -1 -1 -1 -1
-1 3 -1 -1 -1
-1 -1 -1 -1 -1
-1 -1 2 -1 -1
-1 -1 -1 -1 -1
3 -1 -1 -1 -1
-1 3 -1 -1 -1
-1 -1 -1 -1 -1
-1 4 -1 -1 -1
-1 -1 -1 -1 -1
-1 -1 -1 -1 -1
-1 -1 -1 -1 -1
-1 -1 4 -1 -1
-1 -1 -1 -1 -1
-1 -1 -1 1 -1
-1 -1 -1 -1 -1
-1 -1 -1 -1 -1
-1 -1 -1 -1 -1
-1 -1 -1 2 -1
-1 -1 -1 -1 -1
-1 -1 -1 -1 -1
-1 -1 -1 -1 -1
-1 -1 -1 -1 2
-1 -1 1 -1 -1
-1 -1 -1 -1 3
-1 -1 -1 -1 -1
-1 -1 -1 -1 -1
-1 -1 -1 -1 -1
-1 4 -1 -1 -1
-1 -1 -1 -1 -1
-1 -1 -1 -1 -1
-1 -1 -1 -1 -1
-1 1 -1 -1 -1
-1 -1 -1 -1 -1
28 1
-1
-1
1
-1
-1
1
-1
-1
-1
-1
-1
2
-1
-1
-1
-1
-1
-1
-1
-1
-1
-1
-1
-1
1
1
-1
-1
19 1
-1
-1
-1
-1
-1
-1
1
-1
-1
-1
-1
-1
-1
-1
-1
-1
-1
-1
-1
61 5
-1 -1 -1 3 -1
-1 -1 -1 -1 -1
-1 -1 -1 -1 -1
-1 -1 -1 -1 -1
-1 -1 -1 -1 -1
-1 -1 -1 -1 -1
-1 -1 -1 -1 -1
-1 -1 -1 -1 -1
-1 -1 -1 -1 1
1 -1 -1 -1 -1
-1 -1 -1 -1 -1
-1 -1 -1 4 -1
-1 -1 -1 -1 -1
-1 -1 -1 -1 3
-1 3 -1 4 -1
-1 -1 1 -1 -1
-1 -1 -1 -1 -1
-1 -1 -1 -1 -1
-1 -1 -1 -1 -1
-1 2 -1 2 -1
-1 -1 -1 -1 -1
-1 -1 -1 -1 -1
-1 -1 -1 -1 -1
-1 -1 -1 -1 -1
2 -1 -1 -1 2
-1 -1 -1 -1 -1
-1 -1 -1 -1 1
-1 -1 -1 -1 -1
2 1 -1 -1 -1
-1 -1 -1 -1 -1
-1 -1 -1 -1 -1
-1 -1 -1 -1 -1
-1 -1 -1 -1 -1
-1 1 -1 3 -1
-1 -1 -1 -1 -1
-1 -1 -1 -1 2
-1 2 3 -1 -1
-1 -1 -1 -1 -1
2 -1 -1 -1 -1
-1 -1 -1 -1 -1
-1 1 -1 -1 -1
-1 -1 1 -1 2
-1 -1 -1 -1 -1
-1 -1 -1 -1 -1
1 -1 -1 -1 -1
-1 -1 -1 -1 -1
-1 -1 -1 -1 -1
-1 -1 -1 -1 -1
-1 4 4 -1 -1
3 -1 -1 -1 -1
2 -1 -1 -1 -1
-1 -1 -1 -1 -1
-1 -1 -1 -1 -1
-1 -1 -1 -1 -1
-1 -1 -1 -1 -1
-1 -1 4 -1 -1
2 -1 -1 -1 -1
1 -1 -1 -1 2
-1 -1 -1 -1 2
-1 2 -1 -1 -1
-1 -1 -1 -1 -1
