100 2
819788194069964073 946300224327602676
312251494531013138 604207780911401514
591788420248071150 314818351531720259
389608373558065314 586322534785228222
514438937937650023 138133998747608494
158945541403595594 119753614673973562
695029927528308652 369582773679299102
954836780855944387 716152938070952232
440975510821946903 214340633304766140
582254522986083590 857720402183609168
25705515727866177 343326344643760112
752436980623960396 91853597355564732
898486545573233410 763071812210475877
953462128893563919 242939233425783732
110081516226560628 804000708555573251
991923038187898119 505876968275803073
639993861783116784 661400078996626930
874272420337031469 212252634616781229
374257098072144142 160749147770207901
6858320473836218 592570829987336577
764392500831529129 74474439502884011
962519551990841639 320322724753272964
920792226830954200 334022684842263559
136728655012110638 274359402478904642
824510686544663796 901701453420235224
396201227842313415 857335831258484610
975310987923716503 756705988875025545
290687346883511083 985115396311765069
272587252919328922 438061144862122945
922982622986965203 401554720240835052
440461223980516118 478799640752513130
831539404343574393 446787956437303274
237744055820558180 160098126193704110
967552652549707284 819037138697520909
671416583046433052 286109885434657780
798832102847707359 670387839648494944
972167068820650263 385548645857716966
183613264874862930 41108176819610156
924027960732622192 475750733850554221
131945553371932198 507695224202855929
734386953593317758 497275577329670322
572428482102958933 287169380663298704
800019480880817627 962655785414586142
669670487800566294 768682833312750331
576818304705445984 613103043968631898
811441647916036324 288070776120243074
684932334919752741 620373396960592719
927399159139408759 105500210161349039
557375977747652996 915278100282277926
254134677164589769 63161038084645962
757206484752813590 164487999215192136
98110538294457617 457810363041209181
858446325196407987 651596638276645469
931435450078473674 473402694288357424
425139350432996725 597253084559060560
49836989889062316 277569228632571213
114660036409046453 27906366013773129
220145066528154288 337810088519425660
773770610623463436 434622422874208688
221544997787551759 80874189050351814
531159701076071506 644361812140373808
280740956482971202 316729940279122549
11204091759312801 255283876068803249
612223868416183043 672743505057374994
96060545102533714 283667255973657179
66599316091654474 135917054046110564
798913842031000061 374856876476085657
12917247303315792 369503171173176695
143773228646743420 122411602129982738
761235281071968398 478755848627766417
144810081370726632 502141794286899888
445652131591311806 552042854849518910
686013635462982553 296220718668206493
448137549413098712 871089001271532868
63429192788949546 751720032549105216
55660401535440660 113404397257556910
633486049158696561 5143406943407683
886833405304972014 902619196190236869
692512420934131594 409952218002714767
217609178780352540 787399063180568081
350546465105717708 514495837274668365
960617948823909272 898573291663357531
293428095294996177 943919142857102822
875973776387678108 43643785772873133
548831473200272754 823992475615782147
782362269661549472 248741840377502032
580070346480622023 439506358815256205
205368462020009053 192665663584565196
945196447238356267 552011816368349101
811936568467411917 855208289047156970
943216324820796980 717560669610909388
280662534145913127 503606569765062068
827008646316777662 275124905331202963
738364825188784358 460121822704638066
673616740769541600 887146061593861867
852763868844600514 863850171971947693
488683715813118964 634466454792657661
597951599264996276 542563207545179951
185227179303521939 898377419703008049
795785229603254773 671665676334091777
