100 5
557784309565295889 369103983677872168
22748428317389015 522380157523941413
403314570563694382 945905651134046338
276281201316755656 356515836610572967
625917062407616998 416172718196795857
452476284235025119 575415565767103379
194898125664825504 636380748623140944
538547679094402342 21523996401169347
250446392396636166 76099423535725943
739635063291721446 90770697541058895
198001067551976961 133903248701532159
467363946656522407 378927715388321681
813953687293995450 349866644710765538
880254272541447218 447501318684870434
775004754643082138 276982397539211863
425958674980699281 810744000450229723
987519005339112778 914917716814217689
828415222209598988 477470486166658772
905406459284685235 581573415275466272
513225455189720621 45566759105489511
400555689361765630 901644005703446566
157144743126057916 912796294202807853
974625234905889940 16720266680677922
668827319198496451 818334595564111102
300437408165277469 787295252852530063
397099254679353482 384725987236056821
986040473794346116 897480882244360485
121348151800236955 210844485357949288
669780581183012337 502209944367035613
920689768731337662 978439992155406067
230826546978637261 215936926042968560
386885339404793340 981494929435733869
332111765326426048 653609596810428632
164890957191055519 679092295973761008
512450715220258997 194309003869179724
493829175334667056 341773205589480149
623391181235365587 747844861940471879
525573745839013494 594056608545931188
698662443678509445 624203706909873153
535133623697298557 625949234341823335
166951787908651378 192225107614640115
239378469035454603 285484236365635591
168941152324694148 527225834874631895
115060390946479916 845457413732916460
98137984870715877 846444795387343013
608635046864756262 990720642902136497
367470675845405180 825235220426465942
679766507055492228 911846463037656877
171098935434767987 917056755987187491
893584465094072975 70879111806156153
27355706100305459 339502314988967429
410088770461587919 188909425526906351
97050441519276389 617099243585360949
748774536517651725 340443157073642024
392867950544898418 568180585411601389
552131355008374867 164770118901440765
652475689039196419 953353703462671525
234393397215785194 737101175813252742
549189269145459713 909256325474251542
639793398248009050 779937422346159134
679406664900032405 491217026431080762
582267641555015020 427836051855261787
764332753957693992 437176621180485192
718844721443009066 321919338888775449
531042390930776931 814467970809661115
981994224309181916 150564788270496111
253311291811523631 902990101130187851
676528265499726859 84568555363515831
848095362659808949 288450575575766513
464783925171995010 648704644858908554
637059572094430813 180950246971611110
134766754821264455 708877613493063616
560761906364352466 625930198834500516
20321571686075301 13234946626557043
600794464969314556 598540046094581731
557096738730559525 734686725954943228
439726294809657603 992620225161289883
256533792344136590 10610650531786227
447833919093557330 160406969849091848
142438263258880236 709025214163192114
438081809648214160 678001848575209888
69142190084924550 638270073737074130
440392130553388200 216649488171105310
930762247256556517 749293545197085740
903087819923404993 423800612861398905
88829615583227347 463037531683772888
904824740869646917 571158518101713388
473769583713081944 648367833120375216
917527909547978717 95791346225518319
11827757011636925 281172572612942796
679358092453241203 481195211322625852
58263144399634828 206876248539753863
628749320334229550 236068920870713546
822304012329878158 13124792444391800
444536067994437240 550738368381329108
142121328748032715 240873322985949049
918919815079294970 616444957578901970
792080001422934156 255100878994670754
391084379738370461 612779812307304317
365068608008518491 126717913446171469
