100 53
552061561669226143 566501294999363243
207494124545383180 897418201113382067
164977933563230197 854787832361926622
147888708615623625 192641066230111021
834210226816578112 909251485848969421
751424771469364583 994903322139110398
753493928694338291 763826346245581599
24560183775857615 580115775675383391
4589019700028186 577112664702545264
113318256605350912 846768708445962150
70709538982011630 383482208769682143
211002709860568560 515426296767581538
497419418141726781 898485345163305390
562178306341800969 960310026492059343
56195283849475457 625780002310660758
396449740690315822 626491698780274426
712802335131193974 835296341824507334
36996417958653683 453084549177630018
426910493047342555 846464140043499742
64055100991227534 748025225730937451
121816492736080905 257963629326911650
175805377776147919 820231878061807711
343938734805772664 600837496369973393
461103364316226319 489041199172168238
676593491850894406 810616394065514950
1164255061044226 212656003582926558
353430556934302000 999077734381023379
367788134570726222 944080276874539561
63320231663266681 907869958131442901
6780504396277723 691632431261368614
11833223986883971 256759884202212936
419457821267531751 987189860786585282
50115362818057793 853909621549463074
587602087596423697 631140550020460409
105769385836563040 536338599782916319
391399844253927344 612585952337674020
755942298692748522 992856612048613364
472142397816388286 520286037615801677
543868222341011479 620757518334123199
93661815837908894 234994893347373886
804134670672481057 944600331119654625
377470435051642227 909064026338307821
101168430152504991 996071380762101564
144297875202975426 685258818423825681
803053096611229815 913148918938808594
282903568928541250 417253736387009365
32024260862433811 569683022585212071
415499857313217903 822520164672676915
76725832047208816 922696269172393299
528472262986176782 605234806101204208
458036371092242344 994139952826886814
272785155939519825 284410924190991150
382505101929823853 473838204619526805
56388009883032063 130180605598445259
134476962150955563 870608305082934564
700248545747927688 857036404966191815
779262269393343714 814308827572877697
588447500998173458 780370868014492204
44028482035715796 90245058662981197
95588126361070381 744578480547957686
359223338428732543 567932979308093128
176561990231552155 379266458324636064
89479246219926183 375748340624605592
228925005972534511 457709467251187215
443668930294848984 928138884062279547
235594036238572941 883090776285910363
16085878638189020 850576851845924475
181571725504838174 808399263741576775
180616959589169243 812705989647606598
359336622038332832 610004453066609725
440543145551615638 934121701215792668
641855933734478215 929901100434263812
90647498274726804 921807727014525843
486012448245809369 674053442614021707
193274494576321240 535243033620326006
245615813475250482 260265658096950095
277628034813603622 835850310521655507
555539729672335696 850689381103329713
195134568255860237 528611512450710004
305645846336315134 754606950332909162
109673327596427759 574217739831693728
46871877890219954 925347147740487122
270773830036321151 490933499897663470
698908773972851552 973020868324965249
594115626817896865 616510730188505462
662876028822251514 744160624409056449
182947509129537073 316835875061981217
89825137106696473 877573285270415907
109064909176526925 570130298535432279
63953601156289452 875985480099119770
339546444945624539 869834363300173005
25337747285036302 970792765480962378
308042631797760593 581248668261643885
180078262623679218 593153836837182486
201487709948299011 652394614193469995
473396317599452822 881646737225291325
321246080304171852 966978112044154545
400700894547628920 557116633751581004
239415711430422289 259215402301084878
479032508907065250 795739965672024054
