100 89
712601674968009431 726062823247853208
103321495693325312 42886475917625312
103366554138460150 757773023930941550
507617466913737384 690673805021356348
235670503935012156 148608768045107385
333005008014627464 646880253724684101
882498954900741017 30320349237228473
865434187166340143 512279326473336797
613877154986014527 420301579629841648
741871672237900656 433073008651497508
903557105325449118 974599945884997407
596236097211748186 745982669411208315
328771766389847912 317271864329968711
836482529814671936 967653589973553284
4272608408335502 911097465552731561
503561555979338162 336189509723184927
902462447592370240 598270694091195333
493840469923806849 128330007388834413
168743212050970352 813035146838355549
761250047669724350 317422997472240592
781599524166899790 4669602181891186
632491543256644538 222034096056437736
975443505133139788 189370878464648261
914145864901797382 822983243023794838
453391305748847130 482565984800084823
93412932832342387 91855542988125947
150340125642160683 978286342403346025
771727008652797714 298674711796340601
775769420382409773 291546759910857083
536738089418758964 9544887081001393
683611201015789587 99739263461232591
620284444867329387 618821983605781122
977388857470834958 789835059703149543
992338647691896966 452704430068733455
712223190293028239 233498740866432897
456501763434050200 417701748030134200
104231265342746437 871248937592370081
84181608329067760 434531388469105183
520916091629341476 264481955684444295
755564375511991329 534457299360562980
573423848970785115 965623567800556979
254264344144474107 397446782786275304
658782112939447644 283739313909074407
255461802532234127 567339616720278732
395344769431252439 378480527268801316
867859793800138029 543260793333030258
822264765167240382 141147446422148779
619288732007167592 544808637047453882
728286427898275649 173745396771145981
554311647920526353 278368723716435142
77545736722142674 669203447575573979
773506922412070455 476396659116113654
995034196415616034 952205300670748741
644837476729763884 992771507726795755
533053541345474849 128924521823273597
345748292168142977 907934581778362246
764739583343083265 966398785684336132
956690240763093256 58527584081765609
219929323705537330 541139239450839963
226871095318570704 813914147181905524
754890560340502118 451062636648747843
8574563395643948 53124956902524361
987907533380811917 908874441076331580
456633001307623083 375382547752891336
946623636417625305 177091520318227721
136381002324402976 90068746822111378
279692096782025147 440164290191823721
667620408185942427 531790988340124552
244632374293506275 344322408834233438
493326802089021293 158409737556878156
132504533818499907 879763773570184233
863565279237991719 982120560352236990
372203645892642059 358162581525562954
380261965907846810 336471764215156735
954852649942324653 847692053206013316
88757538187645655 300194341576846961
645593799971577818 159895686006903766
691850409498530863 577983587500235956
748354467073180034 499281750228535938
312029331329083443 149671404704589226
752486210465135575 896797889545120265
140504935001782196 149600533486519155
662401511887668041 750099051178646060
318695053984081604 69756485509410672
974237422024347530 144243250601871852
585426691191481522 969870079500104258
334250318787128202 166898621439639433
489008903143373841 689068117235495883
186299345301620091 791095338668091525
480615895317308081 493216090480462635
877688920753454798 76246494373702049
573526194626775458 510926056247987907
635128712252636211 378532097689218782
320489994022055223 603286226763408437
447767022271886747 339881405662002045
917460579536217344 575511623976046689
160855406221870649 205713243650931199
299510721904915406 719182330275252072
17001717799009404 919163489103055908
682085743388678066 351666980849401004
