106381936
936193659
9777935
366776044
732764069
284326526
740196853
593008986
664426434
191478326
267768209
67263709
487374835
828709906
382988112
631584941
252369287
292735544
863350923
458355878
997951162
532094441
251696342
797220302
236703027
99575917
441771225
104566643
502368385
777905313
317432623
173816671
86261926
305613389
33051804
125390297
691501333
303785602
889228966
724708920
474809313
312554341
319860821
335458804
545261621
620483177
871113863
460389703
2709503
337927987
538318093
700238473
924598566
133378323
283088818
49587016
846119170
416214126
826041925
753059786
294353582
344639479
819487590
28245907
284806178
366899948
478375615
407901777
643062859
538795721
492688564
892997582
653000911
622574768
501581958
23863925
251122113
433893477
385700741
124883782
133983413
696286785
411100028
935185343
510991052
978774888
258938113
168492766
450702263
190533363
31562059
503634603
400657569
245060085
268834428
284520393
482011502
828395858
675283788
552709796
