184447233
348552058
836387277
658396616
649589070
415316536
310290706
337567146
569554340
145868185
375404672
913899426
91376319
864618282
370098055
773966949
568470908
307073219
410311365
930808349
692705654
764723247
541822903
887529644
270747510
640317212
441709747
918504966
170160482
185399459
734488770
20012831
856486688
691247997
662877246
830193187
181770394
187330196
600784880
15367337
353574852
44678504
139520476
66729801
430068326
209210849
971850754
121615109
820715162
179483197
494429988
943315246
500118446
582338868
590023965
916307194
754101541
379731820
189494137
84124341
28876517
945358943
502000933
132171670
469644693
550196063
11807532
262725815
346945424
989318231
81438802
293052544
29460643
862810124
174477567
850286683
746354432
10547673
473123978
337577408
475963637
402348162
854435255
944507520
645581255
300986621
321655372
104786240
487355207
792059535
387862342
924820787
364307090
352776057
305231588
998365909
105884570
142168854
51640805
970884654
