100 5
95 31
64 36
73 94
20 42
19 38
2 94
91 77
88 91
80 96
27 23
35 44
38 14
83 61
39 89
48 3
37 59
32 96
92 84
58 34
91 39
91 3
100 89
14 65
70 55
19 66
99 99
35 51
77 79
63 3
18 18
82 4
8 96
44 41
62 91
4 67
41 10
72 88
6 41
15 68
56 18
2 35
4 91
48 50
44 32
67 54
12 15
59 90
27 90
87 52
82 29
29 47
22 56
2 38
83 26
93 40
46 95
39 98
83 70
76 25
17 38
69 78
30 42
42 30
39 71
25 94
91 35
19 22
69 67
57 9
55 89
10 34
61 62
16 57
8 8
13 56
52 76
52 54
84 63
15 24
67 23
30 43
61 20
8 70
31 18
93 65
52 77
45 62
65 75
24 62
18 18
74 82
58 82
39 72
81 41
90 32
20 80
50 55
29 60
62 61
39 70
