55803599
292329523
611573018
749858511
71000382
52650018
398101244
888335875
777721863
560407531
451140685
102109047
306629400
139429037
837311133
53906066
520338371
577491017
873656888
933104086
429522272
581290352
830419534
281138789
936252141
5253395
665471941
823162329
948949584
872506990
839963503
973328835
572944825
568679341
852897546
814690337
840318444
273420703
336788595
655168120
425341615
144589168
289234966
409008616
599297037
601573856
929747453
821935047
702801938
369997510
366787482
561408948
895913807
866058827
247321863
469862809
663751913
480611956
123965654
383260347
688749643
816062397
312717922
381223835
756060429
537830890
192415960
54842290
797052978
682736168
963494170
24452889
596958264
161007228
647236262
327017231
561201449
612376448
109102584
119791506
398087984
693023854
848974673
453018727
678391536
602145287
348377819
202034458
769178760
514515361
340755106
707068344
91691361
524662962
981658613
180539532
137962810
156912935
955154674
313597163
