895425848
468071315
859931254
325202019
973777951
114331847
953606927
941688278
299662883
327097330
958263635
414594048
891511018
115329858
746660542
60032014
606732527
493865005
199545261
232042598
506260235
895342760
789755702
639524752
674738507
94735062
936578803
516120062
454317500
333966879
20160011
785248090
459943259
787457951
748311666
604413355
684522535
882309548
638244169
557896610
916149526
849073674
222986752
238248671
664535635
395100095
419995620
345212117
240659368
79212506
98647129
186836341
996984152
317683252
973166527
793604692
455912173
789227684
855992156
678792039
876309507
387135829
2704320
744640647
361167509
110471843
210312322
662810791
428130843
11461271
684726079
591579232
663452584
653424500
193201653
184313593
736254113
263994484
800407961
947982303
246818229
76190022
867995763
457534543
524211413
912009492
418674884
770295325
7311592
238015144
611185963
27570636
30925497
640074010
358605743
86375146
123827501
821723916
954125665
860383455
