390895063
5336761
22389128
453707890
656541051
189290165
129358427
437593261
699229411
356765880
346889733
983186012
428204444
697555584
651286822
892463586
478426429
365260167
706067811
895149367
475738755
212635914
66457864
237377510
320134322
533435894
410358473
595760688
205610943
387527261
996689202
175174048
470256753
892179833
828053995
925014159
261604410
276252604
557166035
624657575
313349499
32191629
136515624
913056465
623399403
463213105
849532684
266481507
401006526
857111889
302077322
277862661
755229648
865410897
577093459
889623566
347081247
216530300
226778392
49862262
188882900
407236785
590532166
246546452
911725046
176005283
439585828
359580759
767671500
242214777
14468240
389848057
700530273
268281414
832135528
647144245
386796764
473390977
819751967
700646651
564327538
354128567
798980762
881728766
654461869
959805900
148575294
849790735
665005221
641768173
736980712
464879654
921013630
663562029
47482110
727327804
299194820
471966112
30011014
941553319
