100 59
191724470482004084 501422792177371994
71139966149614550 859175812865092719
758993806182085386 497365855677217291
987477950817381565 367660776678556404
273978153092730865 773820262186563717
873322611911251066 5905496431099694
316198784799611777 19860518909267697
335707459294885892 375911242750125031
489693145097963348 554753322705370808
275471698166569366 202533031456175398
69372403250588227 198672275967332996
205422738298464424 206305433976653879
106160249475387494 153479549406621243
122317596700201459 759444785444443041
628717451704077079 874988708154334985
832981209839505264 536569597799399213
184272718529315055 613514108322016086
488166660322261081 722551317146579941
389098206403919302 402149551165235915
907829064182944037 333350853864746001
791409225858761399 597599124556770897
900695465745537935 978954834275812154
90829957212018201 198198976885121041
688657735204365967 628282209364084267
117871848904070021 279362250950525811
234720461751344735 150718787985883882
597573586674351061 416142379165248802
442473689045294198 410626270784936130
807895832519263522 120366854424824582
816880202209638287 924892523417962556
3691877596342981 826945512190129223
557517907173184418 288028191643206431
628217612934331735 94891414836377936
98988446792511976 53229776806247543
78601025828516528 160048145780601800
100040297125855451 380003826345261195
22597370703787498 241355881099056794
984399591726279730 22727030719651044
163495747769694045 763131865740312045
35279164146609384 94286199028400204
334628113312595107 885975159392796459
53632517197420853 384944429922024139
380995307283689621 165161371147974910
5496564245296274 126403310423602602
360710132932621132 644166503079830349
234064489746743224 756428006721665908
425075278465428000 66880567594721090
553209597122709665 460381821002139631
20870806576189355 418719927503226694
459417448984181381 488685041162983462
218583537583145926 574110744741756674
673179690770443741 368887784169093729
912161255579851658 177974276914283359
233080818512705634 774977403615993386
807995032860963151 964030160527571590
707308130216328461 188447230229963850
83454712811189423 624807445867529184
288301458610224152 319874711092227785
139899035904998018 695100220525725718
227494400420963067 768442052798804208
931890183113018594 527083190692235537
259144246820936815 115882275357998920
390460775724432168 844446328692683258
705189334004146285 468576718975475612
83056730971924973 941023213591996217
901330797070337070 221054258562619634
82422412033745673 447386459709462137
959405850266585644 267641947510096789
509964778657113495 987412870375278242
978897744812274207 427702368116955406
192037061643351533 380570946790369244
590299902342269184 102339509950891045
638572751285726631 299048957376488338
47654589625760008 370315129255194851
594968466566826908 809008047549262956
993459507957684656 974638559694691474
571722080810648550 19613787926711890
447227902971969458 194548065627235770
843904106699493341 185923202216132206
569832191194828038 727136919082720293
534896130196864540 911875929154874154
87474666635985125 111042573395562715
391223559968998010 252899777567869997
844133307054573512 938238096006653478
207089223800260112 696092805702578785
331059159975021416 842029283225788302
589279973016893241 262828869843376112
16694569240953535 697653347147723229
167409987884505484 934557890334240833
216965706343514629 174443229761721115
243233783614019043 533728204609320958
635972713060174515 713194990501251729
671146380991941206 924525937909826832
908087188913200002 407090127062302921
282294707509549632 671410477583636128
808899186156044396 650727168709054348
97072693984788023 357417754173007127
796611005494616744 126852155789152738
88479755876586519 570609248099840542
659802141260994737 795059517099750420
