217208105
239288517
299856371
704699690
760652504
756522641
275242946
998567342
529888083
905189111
505170328
673352597
460253195
983564792
953348707
432907925
949003615
602422251
648543009
805443858
695518178
395825606
471358200
919330317
154166188
447314624
713790287
165209441
996841895
732814569
128052943
33860520
405722315
899905986
861799701
459634688
925396236
378258158
750191960
517877822
660721432
242967696
383360064
146729751
337354567
358441453
3346713
821521484
948068084
501680006
711233300
94665195
110294327
312046645
955710493
210348585
150463470
799604144
152489641
781565347
847520786
872714137
659366878
100824583
929123326
428782875
219209203
403002580
842403081
89162701
376986044
602665683
187164532
585705341
669755364
540272814
628885493
386281857
61920708
615509180
657776059
533990515
724240805
126677009
129407353
272504390
24993608
481420257
303988141
579150719
729137471
480150325
257719173
856013287
73158364
96472829
148471618
588239222
186455695
798051240
