100 2
509295295705797874 372612087921270267
953850607688899546 217993419723984756
796469301560682476 45917922409916623
613235210539827342 230808762334520114
658672738016705867 259333899378447145
29353191628628047 552249277555542821
597474333616128237 725346143541415416
596219956645873178 942374047017423195
410784663917834479 151278776444588137
802873260479182635 403756516295077409
674905075366309295 288465563443161063
824326525259744000 558851209379207171
344562704077965768 307224030741088289
906750566638424917 908529830957044688
575332371211639320 608647545501915907
510556925331192872 102373169758946451
90654894879950269 96867520410226875
803498816564775861 197347964097428378
344069013510313490 106439010596253620
143564519677631098 258967839887984753
886511172732847797 108746877579846813
7911059499408179 66010566751029479
633933390678349188 313166680047112802
40909996371765982 157015681973778695
575257489197044378 371500485039825457
88185589520474295 197162094997340959
148897342597443669 978856309525123957
797494279426547260 917690885222846396
946913194531623763 355556313217895389
994824681150422825 822029948028212650
647041637133279855 70825324904343381
390100050096638332 997867584216246775
503685495990539976 748915482016892939
954404194571812209 59108544692637680
715354358816902073 221271299427034731
848633761644488070 955132872293746978
470599275229826785 904037048390148386
23392477640984183 244887659337164122
323549782941134875 502914780200176925
479216199071043394 905160684080681636
678918370420527494 391093943369614730
87728129800743204 603687048804003150
165004262656079741 983803298940730324
747040834897512344 734172527073775589
789658365624277151 221767221385643946
85910570400839774 131640690939274037
314553719510871495 395316445984274169
840822475571540849 993129340124409421
516114179095265812 848542381415144940
785909481114643214 487933138641102456
900861521619469025 134417655066273522
331579931607325619 451409608572174148
625267461786636237 165413024358490807
8536851384441885 773960755647953533
881779833032673972 368617939236231209
66546321635241288 542005359941662770
265840884404660146 283664436351865972
180984347475790449 532205816631461550
267862364459334950 376630339483826948
275962438613956886 692954131390870143
310078470909596588 979602779798115721
783004485625796852 522582988922558066
122505140819211808 655585460466295789
465720457287185415 219982705084541843
566206366608933281 246685147667639391
124101487160135308 392836928790223152
892393306272462219 472598540496620363
195540016143365890 432878242614625494
341896343620043643 743671009944011614
789571722742486563 339154480947602002
299300451843186509 430344032216157574
406459556664000238 530102287228601265
997662477533794080 123098719586298094
747719205152702112 667798600961173823
895455586855304016 901903247271750406
540370537056578741 480241783382626698
276604286477090426 925758822366318456
242780810374773483 127103328486820191
285648540539843962 925519128245061682
644418205330113854 140135844723456970
198176364246142831 686642965938900322
348885904213959148 459463061132362266
680485894767451573 979676095131118964
596062505337368945 585041176482952154
611585044085105641 382250919209819414
745980570755755659 848498842779858648
567351508805887976 761698350500218675
324620511249055286 554109453810470688
195225429405336015 652977451066793210
613738025936764848 142430400440184577
815511016344267771 409573795390891480
589583238411213941 780411985203758854
679771987875943177 357494145839746936
514135455400728643 407050599862195709
794660833857725909 725326059722259913
979630493812285718 662603935445776627
626776817930888574 19071286019906295
839464725602524972 372750987775785780
480314132608726368 729396332786100079
359797162257237249 816632118047549007
