338973473
715325276
827076401
544687777
800846510
805154165
411904334
797006433
353769077
791083423
969035041
728571449
966285026
153491239
637441577
940785521
900915395
75351254
213759695
224566056
913913499
397336760
763619916
533536944
204863643
608479778
868361815
699970781
159654461
433102329
395834633
728693676
670499360
789988405
133484716
908741656
239488116
829453686
673744214
198453433
547718047
78119159
821356036
844638785
951376253
464368985
390227447
294109147
510920623
518866399
753085603
876359910
21051734
956831005
996732222
457336492
205040007
797719564
115137008
928913864
62929835
229319334
235216682
561064151
804900163
792809906
952141846
195319242
274578415
653851557
840781414
7760557
321525881
831407367
136065453
286550099
213254998
426905235
830827676
741139500
815570772
961767834
588988616
215879638
161511483
275895548
505786340
260119920
80746945
83274182
719991678
602640972
869696242
21779675
177906735
27357
520391272
793398370
820244271
406077033
