841038801
973832744
821197990
76965798
149275353
128352327
735784944
913646462
925326807
583696981
416967906
895166016
87611335
135151835
453188452
894720085
644554012
922756266
226564836
984179657
918628950
265627461
618321085
406573772
757400597
104500648
281619912
127910038
317981866
336340056
789424124
654820997
988350291
205697977
37642815
776660557
291384113
571899188
99420521
308444115
473338728
836995193
471450266
602547409
136265385
319237998
409653184
14286469
125974257
565394796
64309156
988176895
394924657
956285235
211736787
852201638
275143852
184389679
537732930
915203545
653648184
446665988
461286135
736310991
420481692
894097054
602290999
234331031
637048302
668859462
115448925
59428360
743966375
845028324
584067078
18746024
889112069
313573781
944839269
919085506
351922411
955631584
470843818
620704709
119510171
321837226
371877352
802772140
331740627
269708533
37075342
656052737
95843556
52172982
430049314
69233961
36926007
785245499
901121561
836631142
