100 71
365200641694239389 8
670185766808326800 5
674613725123328677 6
723533872414067351 5
770504702700228134 8
356142236376065714 9
238692813251749300 7
530370765250718460 5
210047215528342505 6
444169222704494261 9
453551105643590298 5
41575158374342272 5
735288454418427179 8
264436161941503686 6
573534813673639801 7
619582170244349216 9
861174992957826545 5
388841110721929142 9
796474579504952011 7
6479685562033135 9
474047489550335365 7
954050808602567150 8
227228396054584587 5
84698885841494185 7
790514383984738874 6
49689794111149731 7
961674207954880407 7
36172667179138443 6
408585176423994482 9
954084888832994125 9
306685002049848531 9
175366242834653537 5
480042997535495390 6
850943703781688148 5
763797818152146320 7
313139928222087135 7
783333209614139911 7
898359316297690123 9
149023090957383598 8
935226460024739379 9
863289424825231628 9
766516131872997089 8
255104101953188351 9
708672863906254809 8
456821544185253291 8
138723150285178324 5
518221847663698285 7
361449297221480368 7
468458144274394501 6
319883110934066727 9
452368808502709086 5
824852432459745612 9
845594811426488988 5
451179696276837719 6
298253494658431318 5
976759183235421837 6
493584319663515936 5
115710440279383113 9
547106588283183580 5
118441955836646767 7
23530754874297449 6
518111920319573192 8
336973289368478368 6
70909048275999266 8
480316287288442694 9
250995707670588717 6
160601559725920221 8
354135237832296796 7
630698955221705591 7
154717847385677406 7
220491405437312251 5
24907524490096365 5
587733036132418679 6
716881453072203771 9
637198213237138039 9
260373614495343762 8
64407829625194877 9
319641773202740950 5
529875148425544966 5
635139668821163277 7
9667257818620611 5
552211872551365026 7
935657039238070774 7
168234378076366707 7
579473908060001800 9
986675635755026414 7
592500304195691734 8
743894555103805127 9
552712166749245010 9
442460536646299475 6
674926958239902297 9
985163222442932679 5
559523205113451255 7
452327496638538475 9
43646418529227894 6
645288505403387653 7
146399039019108829 8
735517385735866628 8
553484531728790483 5
800634505569460535 6
