100 59
677260543346039116 7
209426506220656219 9
571459760128212601 7
538151752553282079 6
815437982312372046 6
147624219439353510 5
942690882296835453 7
988817269037682232 5
536327769383586061 9
933726488214592111 6
845615893639603547 8
406265602956658716 9
362146482197394289 9
700624553539011221 7
555307338020842303 8
865792138671425345 5
777447233248983605 6
66426846879627880 9
24835957993383236 8
653850050674256003 7
863940858434028902 9
109219001854868389 5
828751439574823183 9
293923142822351544 6
864738367442270767 8
258254228985417888 6
95194326349412284 5
796384767897990019 5
833850443566574293 9
595496686389387457 5
444142216945533693 6
403524871610310763 6
599569047721222655 9
38976867241186099 7
913882169537877886 7
903388115804295213 8
638184810965708090 6
465767384860269530 5
107502615360116878 9
685049208534425680 5
86946768926673595 7
8377170909595268 8
536008002963650810 6
947370868489739001 5
934536311018053222 7
920137594077844579 9
736133511414299963 9
325596822506385664 6
517501832431161869 8
810294320178233273 7
22321214522020562 5
479048947960388674 9
911648570345719035 9
292249693566482899 6
114999518761844978 6
438669656559722039 9
441164069495467699 6
195331108693161786 9
287307018024285790 5
729060189895151301 7
34704599149467891 6
46468656791952934 8
601160431352559763 8
706560609711189845 9
76285216696915198 9
737170484807084854 7
435878786506438697 9
26858368183055910 6
705400417656524826 5
545323329093525597 6
96665023470964341 5
574907565143492064 7
443294165301799766 5
975958936115040797 8
702497877202724977 8
653504098967291243 5
751758867204504207 5
579884015267882745 7
718347033941992159 8
211872556425825280 9
979697545848704692 5
782140853049171239 6
861853371334810538 5
683860223596959102 6
393096270541172552 5
992397247567637124 9
747839129961004175 7
891573074499678977 6
756241126198552359 8
464924927865522892 6
919619017383936764 9
134631072206826416 9
375102269736355979 6
514089647567491080 5
935160662905522486 6
366495705532744148 5
514648774515051600 5
665509458787387721 9
722499318865155264 5
676744009839366193 6
