227709270
201750188
663139145
228788909
630969106
160385764
174916286
67369565
970032350
968985306
385300278
791546853
848685348
475391074
448202316
993567803
386577109
745351962
28013404
223467589
37767506
340214257
795984541
623930927
264384429
75287796
998638258
9904098
869336345
469032665
234960532
698499229
125530627
282901847
164440411
370418280
748631751
109861982
620153308
170281866
156734183
601937699
872443264
815124589
192154702
912633929
225966242
674503910
815427052
947819479
23894746
971978204
319015892
788013937
147759869
845240270
213678442
803936099
48131399
801179046
994249976
502760465
372064145
232161146
380724058
316103302
404941898
63994356
750262138
59809024
329141294
544070473
291555411
225651451
362976314
417048379
566411943
219084942
87793543
794706203
557789758
295788334
374403763
548929325
400927932
908839688
424658361
487343657
344609937
580021724
612469564
356492516
45048773
154251583
507830736
255972667
175240567
997764624
924664544
856343872
