665763241
860561705
256579636
414243318
150307737
454875344
324994219
408217927
892384794
829091963
147440074
513615651
648714106
770380773
319314804
610793749
739266110
486462564
915777937
374517825
784916749
407458140
545234256
644929953
291338196
128584805
176791089
788156208
138478407
653011292
497102803
600097048
134875787
834702292
561089341
399266987
749030113
200054333
284713203
21797846
18275037
178570551
352190861
766892812
124039280
618703918
247631255
824917262
552183762
653275016
55399909
372684250
328164505
443655231
17447787
961391001
869680581
44935687
109006260
403369344
830875988
195295627
49491777
540878809
299490563
352469797
519130887
718186905
818048428
992600701
854014072
525469364
595515478
600460299
335300255
389217982
361570391
473314851
219057417
542411569
528054192
999504002
323090255
64851761
668333664
257852319
201682793
559380962
452220465
828913817
665604982
578699168
597193140
76686058
165501054
103894486
395909543
933694391
904415366
747669252
