100 17
400797342327643479 391526828624268025
946127538696754076 890844172028114215
383702904857644607 354818565277297945
901438432957694092 111720809984778091
517959169066555921 119424097374374461
171452502360020257 549732604916601781
137312772360967505 360566517482664059
318048736640849406 418622544960379452
296408758724356292 483104545854477863
707372263543686152 189488513775061875
373358846524006768 337161070323198423
99098829889743973 849882407201087504
773755020793954456 477362989712958047
693073139405764730 504971036921495816
85086391103474626 763579941541711572
728217971604094444 528153054670051216
898879588328479924 842832454042281612
72924547728232095 715898018270616861
624461169599787378 419724580554234139
717449794904328376 215976428524350307
757138442144218177 68095224967011926
257091182801479326 234851044834872409
32616276056421286 278782394487146067
267723794919411444 83048574903667250
238507720170611302 165044181836253543
13754564102464671 105219324735733605
708560855708039047 838236552552339493
491945884222559942 939658521321039525
474683108253898316 115626873080261476
469957422570696908 10562837150247656
857050117251622460 118458587541279801
308064323490376278 895470910295717731
179875052041216794 979201780837387256
665000383713933131 487917508155164555
701749730399562989 440321551453324342
322772491477129165 585572033454372629
650527245496702969 8272631090198217
996763835295344708 714630787403747830
494317545947151556 765432221592286661
54740184381469011 613132518078112866
647049103956510737 756548330701224831
774682359319836640 498857737068153552
398669317848124134 908591840742095501
51614544050785551 883513351926596083
290259370885794441 746948022094540227
667473983194603078 618526594097952449
267888119861629054 431706517853382711
325993578943169834 47913730056017519
58149174974118538 26968089051342141
478360765842986912 45133043162226291
982486254728841906 867159221948651626
26105209612482508 728431924354313343
341811960114526011 943339773543267732
923244864632071187 51237225206861451
113269255640742570 270502777786296527
881566218653992731 847245513452376779
890076496788153285 261422649829119600
523070795769513929 985402850738919348
141189483736229263 998213726765546253
311160708468840770 73496172447095802
364310925020899151 821594701458133883
41065592660708074 613696049761046164
907608643315979401 599913854130074829
538574402810222695 823571162910580405
7553700382534914 212886851863518298
821704383199197597 449287799115303891
611201554950853823 926148640289423287
30338481844875955 36605372506125731
751869869349495814 770168242512469176
15489818685563915 858825028985449498
586695176657319770 796955295518706034
57041322161822285 623477220723474285
887763494575505282 352603757630211131
567900048249527900 625894149834625041
80229938237936001 333576217415320487
25464190316660061 571350158706040506
64318394527282846 789553694454253195
899993885711335607 834442334518451295
697370450238127197 626745516262499325
254505490617691661 60110660386454067
395569254281790596 210035420877708113
674268250043344708 315380865243445676
731722740954371350 67839554744755229
420798958255886979 795066853099666560
248463080635967577 491578532959043125
359388303933207085 423072350633858210
505447978309663955 242083594620633518
337030480900666599 780339512053683272
8012946536473928 480078430945423070
111638430386816407 259124979346709991
806643357108345020 588178868170407513
504490318220696418 214742751492994099
87505563809940086 100108099071914229
223355147708680620 895764550484118051
558191572205457915 184997383025287110
452601644161191964 820119821089657579
589676466982374158 468822798284639265
568826784050653844 481361170197795327
488158410490074549 741796525395373980
177005132377907516 395161945680014101
