100 73
844990439012576297 5
810102950988617860 8
337123122972536077 8
651274096782889591 8
587968843737924812 7
400596476295513764 6
929855598034571885 9
921928089496323408 5
960682408768595343 8
783820731945597950 9
932155911353879031 6
885119229043478437 5
338419613637561494 8
222948108568445755 5
894432281595176350 6
790577029900678317 5
376649737422185109 6
92468630075036784 5
454452153929852048 8
719712651929024593 7
483310122029242872 6
637072373260687414 6
91189948472842368 9
99162574588883936 6
358729534226789189 8
488079462833070843 9
885383506214005284 5
346629836150043901 8
509319255965838021 8
240489288523930777 7
155132944357990651 7
557515092972174043 6
925925394268312416 6
133743482631243814 7
924834951099847250 5
396442424610743723 9
742233045379392199 9
812271409575190541 6
431796472108293000 9
770880879798873172 9
485022122915885783 5
774139569065130588 8
512382853379001232 7
458641087929134179 8
517797410450914363 5
26640521570314591 9
523151184695812021 7
806043941709375556 7
966960852896206418 5
672098880376228972 6
513660403401848740 5
245664103189268401 6
159362656185223250 8
163924620808570111 7
326608721157711013 5
733126297857912425 5
544241394546317229 5
191807554475525127 7
994017191202158635 7
746752684196592932 7
667919581156769714 6
23661667308888961 7
885256413506532750 5
837960929944228037 6
181939210142576245 8
828647079011483717 5
92776764394507030 7
594442130810344400 7
791050383033508595 9
825137562323978271 5
615740086451074618 7
246257504762492445 8
221634722561484912 5
757761490410942497 7
275001558574135079 5
75721700854013644 7
350134178519935778 8
873956561466623798 7
28544164219025286 7
995531667848834170 7
674985696430090771 7
51226891050424568 7
733734038058698873 6
686558585402513333 5
944074872970218049 7
319320854662485188 6
698148408564390885 9
634279901856009132 7
562530618727091977 6
214509407786462478 9
830779670497074422 6
685752587434395945 5
476013740034194373 9
904514502837215985 9
182111404293573598 5
707424741041530818 6
64424869067186866 9
700008992191951368 5
697610693793546463 8
388637812809730381 6
