100 23
68097969425025721 715756801227166175
198116886430358151 917547361115373846
94604476266674379 735249894353433672
305453626067220302 103086082964075976
482372029935002635 821410378592246876
738613207708958130 645398606088464318
710439634592757801 875778524886347037
995811798374699270 198170379875914650
406839691659719703 580540051769532619
830225055002144730 971110806351533372
668308668669196805 279026270226897129
676210596492280831 824743708267476933
154373854146092901 401655072173223478
305591695375037062 257560059737867671
520827975256014055 345305186143764660
923714368261680064 948537686162102354
739158331555085949 122629211217348516
262267564195134270 73614953668290775
413864907216925527 126678735726518663
238944510938781649 518326590338768712
992985099867135464 117494115790758942
274479347931427723 747251784017928965
87382179122054110 764764917023386729
387296859036339131 464379267582339759
564691314716212781 188520065760194219
404459454643386611 35389154196868135
429538246385731843 276727393313556067
280814858359439109 923801502817602703
250183974821172180 897366515833636435
861791608304786688 230962801306660936
591858618205409615 992093428261324924
202828248845540663 15334356251200241
663822648470734693 11826139205090846
2988617010996538 55710051822554989
426476035245875017 893126866007916476
253571231924962778 840057902353244124
566333044564243817 58095627933736213
448915511501540136 213566476782624160
826784892495096185 720495563117243691
128077073208462453 258722833199348057
759702526324452968 214967499887484479
968492310839442514 167997561701991144
279993501735869031 197769297420568018
444795343790487696 784112740342987119
193129033252550376 750929538938777765
699814259452287552 588179798116735822
197148679814516892 31138327398806200
309477681126704563 464465386190616102
633559386977617779 32683552193853261
599569923858135675 348437767990048472
477021526698647199 131378015499866341
528905142982501223 330920480185612678
994306547591941264 516485858095417665
218683969769842314 82907427706591632
719131091984009976 393291577557545314
727889161407706419 66650607626633624
783764016492668616 310484941370126729
254447212100787189 630591327626689406
340323103519084592 915845148824525110
347019730038166176 667332713160835171
774114561324903073 59550079960952619
222462295698443333 814097643999398057
574488501018238158 111775837674799465
976208466080909109 334495504271940591
215339096447213733 59598295312266545
231864302932745473 214016357326463257
579919681360630618 492034769273706244
797914255404716666 699032221328371269
396850611783026012 143126673185974946
762511641025587121 63392523544975574
332517207539665500 879936688498883342
812204124223072247 149677158578013548
203846321707305293 348484077213198983
665549017773521373 131851295121946601
848317401260444765 81135324426732175
167763047763701557 835398203597677420
113929965325996288 696076863066817511
609025593875895566 170793850179500633
844808229887956965 331493370390935184
605823261326377915 334387032918031950
753745432487163133 188509656752404938
855085911066046155 137050930096263214
856241391233884026 847805126892672023
685788096951252241 205907684905533465
565855918555595213 34801788475360057
36879325937610909 194008711497014640
234195265657637286 606817023522786351
114412189707683520 769739257642436309
587482934850779127 425467152004746042
934343539570604043 486829426726222376
925328753348718832 790423543792010205
639008156579213391 773477267576267915
3762252117249027 311112494802612440
815562733598545565 696410938925986398
575922834282603488 340330569254900779
930867865691364678 725091577004187458
39824666618046073 70442455525574424
425715540336710107 380181953920173592
96610706783757567 73085933485296160
702404121332231470 113905850676113666
