403579305
353217105
688308699
338351071
436164801
281033225
880878733
391766282
216144314
682393995
202578867
541865672
456626516
561738572
365125727
336745554
882019800
481022070
796323684
792798455
80253272
224345906
859634087
919504885
321202322
156164915
219310372
904353811
249665210
758860130
475337480
807381645
160304712
794502679
728987596
614582550
375041457
307377684
512442558
872104728
736543150
389713783
826365405
613027727
645190246
571817175
729472125
697929199
720503378
216492525
987883665
425108015
795895551
566631122
404750227
321115172
206909674
873070321
241554526
312464501
704498673
986121648
223666536
926039399
732778322
469693137
973102627
349359940
161640760
890885448
39398990
276458109
376882554
183626493
6226825
484788435
641504187
644393856
430461527
820365896
217360308
518122989
875546898
609368958
395425367
393308648
966092597
59525963
729010476
859666905
431321083
578104916
126302516
916592099
337081762
810588548
929200733
103483806
543834956
897369906
