100 97
157636907627596876 427969701510019508
765115712350589297 873695181691844954
358816848469439717 683456980345707163
486301159530889632 870530821296905113
14131120364349138 137093732723668166
435321803486410539 560170747045807980
159682575504261721 382613312034917406
838116297085227121 926544317421261584
770756020988825249 909098287354162627
127698178031814952 355923421989392641
504353262601634723 885766949595721929
419054894218673 515729561257382024
157492644754907179 523412961623894612
101221456913965537 440036880025020721
647299697684720322 995587732429477539
636390691691516972 726730775787240428
347436160897843343 988796923878713789
228728585508626491 792962548016499452
544784151921905368 980136268933896833
300311573974566164 528463979942004821
150429293405473926 628780290777898108
258152871486035855 909579897024106390
54304845184661295 329237135208023692
431671784753290231 613269894879786859
382818055750829661 559708077160280302
707675191765124859 928682488007692043
566040111243659390 796306002393397946
715811565026697474 818189201215289144
724349180079592410 830217826986050424
12548393157331332 289373890405488982
128381499301586395 207539831343821829
229011095066056283 525155211481128943
628356516745204713 899982990190205259
402681568417303811 528434482038793872
173000357769514133 824735885565648468
206813845740585712 562281620967928110
108676650087180204 800968592043089915
665023221564972153 670593972769197900
112097536164111761 902944424308901825
371376363292083819 415662068617647401
156753964940862323 684767328417756057
160398590410437500 186154363486153426
373704825786879245 693057033886901016
455721482079646999 855876588790049949
217486023770074052 650356151012885545
86489785645417573 911433993713244271
320778617835553513 701824695526057879
14227374108343321 119198549842072023
679884179242298991 892845352513969306
156468438352933597 397249043096753633
663535302047975822 674868270665377918
657091656366321585 801851883370672770
6575365804010367 478535653505717690
521380766685929342 785764265853848390
12900632590945001 102368460879782629
288790295097472711 964410426977099837
424322618987212557 694551158937965014
665520169466610438 770417804434877770
812229487859954761 845680596954477969
161323320410009216 329706186260284981
169637103652643648 694040190082618719
524480090561984713 923619772402566469
555060888554114550 919897288862559202
473089856366207930 990880247008608340
834602074270285190 877479231054352388
42881978302070986 808298686570909952
199286042366384155 232300498005028945
187507562477799248 257724986975266607
124441771493637689 951278409828546095
841719324991309457 958791227906868728
152582837167261710 191581751174395767
171589859936725591 461823417185147692
471119517642614600 995790790772064526
239959475660340772 666388750421620138
819949753344334172 970670280170222424
311053593555515992 409213771543032988
423771621815640127 920638608213885750
253301195596301330 947978890017847781
224685543583805391 303419919329593749
132790528681995096 206209850500725848
400933385722540089 699214789233619010
124914247879568946 603951595898502447
416891613609871423 690352801769471655
420447074804317687 807469655048606682
254070465159052751 630366126249109022
285584586886899059 863661266486960451
796490388200712720 816962227066267783
75043386434417983 786488507788256469
887237557227837203 932877362335803751
663191701451974465 910098149728657708
280575283301479948 520332065806030224
117227819503203980 790334698271410980
20816776569822089 196028989330502520
484507702219778275 536383252157720382
906610040863794804 971537071944774265
3562140899745183 430121106272186890
505484587710838568 792030972271924058
46706766456372530 769042380221268551
301069790385671337 918641379769007027
429042878442593690 722106148294191799
