100 37
343880336842754057 90150650026004063
961407485818463498 977931031432024896
938307567250643365 582568616585492509
425345132217779679 316979824002355148
485372183369314558 318330334846327203
322061164098238476 947183539345569793
722399696762834008 947999136407713478
710554455345463796 926949939951854037
178820997929315896 144804877394062233
515511619206911549 749479072449766270
436678856432823651 427769529857555571
910799897591964619 165466597151417199
517357744519660766 537384992701179369
18621194445202884 218830893626304606
353847377099449326 474014164434644174
847105269022995341 963748973332883776
953678301073735192 210986240491417146
773906802198663370 606473205980749129
658865447662476066 287098137204895615
476124293947686241 223211659240213488
75123312382076688 850578847422574132
305555668248577399 17397640937168105
118504335823536678 367184385590439982
666346398105866608 145348533033330728
827753912241574123 441634544327988096
273244203721389554 973113104176465379
411511713843579939 631656770057215618
645262947598140386 902130354418310800
623145059602944212 716448431756283846
694806367386212452 72539432939698914
798727788434452545 851515871966211619
998522875495197918 965747914447934415
678054790418612209 378355435313567917
54434357358831348 884932617116017292
6365845383702951 767676180649154234
777288912104269964 555637575617622158
344871080654093162 429925345238673374
863749600736927691 502577754105079689
342309479579744126 92373502652126191
61701139823941397 84662414949048692
663601124445987944 398164447049562881
100309555794822416 765568466997442690
473303523143212269 613284255539094889
619659592417303713 819302185261684522
257611268449706003 2942786541867965
323904935566122220 37168249652332575
755119392659284253 313341143716613841
355820122092347735 996372796318090839
885053382993581970 42104280287311802
5599202414457223 650976718512327943
901263842038386486 474571007325706190
308357471630020960 599794996130375588
991839274737874958 506638097292161185
975598507289743624 17722968078221795
984667790901524063 126949951834557449
99087000569208036 360172149904799672
53983993751302830 463959167114349594
752572646390566296 964794089563776346
766725821298338240 46433021053598505
590417750818650122 532262658182166333
565005710593850523 399829289507232716
884168757269577054 173897561044384277
590221334370140290 533130274800482519
898093294176574202 893994755764595416
494706943662771964 428988261476955488
159612805087378051 742976642695890619
711321536471176653 857769396222827707
601963652711776733 970260797542456115
607302761378817786 530281670106182269
950223289455829806 847526285217519093
743084531318261960 144272540390916732
641162291747630299 256992959168795894
919357606076483005 89849908440821964
762385685014010248 409301841890063979
435183518617599132 380386160294840771
89889638749921307 325986246222293193
912668270267347052 357094726083236341
461909644996576185 321239241425451716
225473859756955760 960588575671998007
157976067640009670 720075493634173778
651546276199280687 212084732633840543
825877546198174696 999585005759723945
580506786796685165 920232586232467329
190178189878248451 729200372437431612
111435149371658800 728033766505011058
543488928936058941 383614762192014785
208271619769317563 594328064489447752
890113839124730107 166188945161921325
403830546287175572 725260508653703960
885895126195057377 160694155869164981
623488885260967809 618667859960609589
873518010414538453 815049836883563981
221616970457810310 325148094165639222
259736647715092988 541077199812457516
27794640586896104 822471532395368688
891051940616750522 313126873499136454
723192748401886508 618008427301401719
760258401005301685 705213320055361487
429556143173365271 558691438642420256
828866051945275858 714281168047316925
