32983529
897630172
196336268
703569763
740515768
950673890
670236964
182024082
56239424
987265115
236110560
306372484
691637288
792710193
708692785
884122144
812608684
875572809
754290411
791941672
260846284
650085261
183226098
119706450
271316606
114074631
207555581
285583896
997168718
581587453
789276308
669463904
26962199
188368540
287113153
411878371
346893259
999974030
615964977
798071508
100089725
78548830
193957474
777493974
666718202
977282447
12905797
640192647
747650262
341912631
8247130
683340184
904882345
642973497
815149405
271297452
212774626
45135249
613509318
968956611
356563547
488139024
155927512
176897478
446293897
459541709
584541062
99932082
979336091
725449288
252790464
632811786
643747610
630505395
529976865
743922689
392082747
760058475
370987537
396987833
506141160
238269329
364873805
491672688
99025077
626076927
259858435
668339278
213137644
827661291
383002780
371159305
429210884
941236498
941480601
635747684
859112761
538931648
222286453
866869843
