848765382
713683772
814708475
376862157
678111007
841428264
293833982
809942159
568773368
342328130
817790876
544298976
430271499
571116788
621629065
584532991
747191880
965097650
718459142
213936247
18118778
903695269
830918855
270683077
69880557
331574191
416209200
217640616
323127816
397721571
271265842
80570376
503259631
794863266
856595376
979926086
125151231
798192735
785095943
527030659
247897569
333046466
670130020
630592026
494465293
716631074
327148820
624600902
877830314
104768153
401667710
412559733
878584919
35430685
234517116
584666534
260242403
476691368
943463346
245095017
616714279
137732115
7954731
195700794
939253387
565533913
591599679
6106472
671068828
745179339
236828142
329610917
803644603
215088144
710018199
593095487
752930777
859807075
222877268
861268025
618262371
574393353
483665506
988546410
689777354
346902183
160295125
150088291
337620780
19153038
745685666
725077623
339219549
571496117
886293058
543240726
511754887
150668811
613010468
667718737
