100 41
36 59
75 13
14 97
70 21
14 12
10 49
63 28
55 36
12 12
1 56
87 35
88 65
100 33
2 24
30 89
3 16
98 9
57 6
46 41
82 33
72 28
12 80
7 92
25 95
38 51
26 44
99 26
95 47
91 74
47 26
88 41
93 94
29 79
48 47
57 29
88 22
5 69
20 85
52 38
85 53
49 94
44 96
75 50
12 53
72 69
7 7
37 92
46 79
18 28
59 91
30 73
98 52
26 39
22 87
29 63
85 55
98 36
78 31
16 9
86 100
34 1
33 38
88 13
35 54
85 25
61 23
98 6
93 26
38 7
66 40
19 14
16 87
72 45
7 30
48 29
5 84
67 58
97 18
27 96
2 13
81 1
80 19
72 43
70 98
82 80
20 90
85 60
42 17
88 25
73 69
75 53
97 77
60 1
67 76
27 54
96 94
91 96
35 51
17 89
55 94
