100 79
92 96
83 22
13 68
65 42
60 24
7 41
51 7
41 67
39 19
31 78
30 78
68 56
31 8
10 10
69 1
84 96
22 49
39 1
22 11
50 20
3 96
1 59
58 73
92 16
47 63
99 23
13 1
24 3
33 70
56 35
24 80
96 98
2 17
9 33
45 97
60 93
14 75
26 78
71 88
86 3
25 24
32 93
75 71
51 41
3 72
53 1
28 44
75 26
97 38
27 12
64 41
8 78
9 14
41 12
17 27
23 18
66 60
73 58
49 76
26 22
2 94
49 82
78 25
73 19
89 86
41 45
30 76
42 30
93 25
87 99
64 11
5 19
48 85
79 70
9 19
64 2
44 48
43 9
44 31
39 54
56 19
16 65
7 74
37 37
56 16
51 63
55 4
29 1
77 44
21 3
4 46
39 38
70 38
16 31
75 81
89 78
64 29
68 54
94 87
6 27
