265498746
354621054
222459568
388857472
33180849
174741132
800526698
576197674
29998824
376630587
599870939
347883292
36424254
610121303
159327842
821636945
464037446
851745451
129487963
387687690
41590835
922412471
440989659
159839432
8850486
659952560
732092015
105342792
87260489
151171411
444576850
385165335
872796416
311629267
486167160
613916110
822771151
961677184
973371273
599937271
805915876
91628496
189585699
649487436
802013389
238068167
884104691
160875737
919630671
673334759
360362594
339964454
890184872
388216605
239080805
213167759
637460834
183830755
419844055
133541150
525173362
37451622
230066714
778633670
263020522
748470642
978711741
70440787
752977403
631700840
832004863
195400667
725182404
916589497
818834818
561414965
406157604
416418408
546129090
168905759
196757904
269437428
880698915
211443779
701503277
686097156
664279520
671849879
65944200
38878188
577424624
875409540
397692198
525048304
937321013
98080869
70334226
149998787
143716340
68745566
