100 2
487223097991657872 750572884491257886
431199916453724251 587995737618937421
155042136555532111 433152426902097937
85467395773049824 483617026000230695
814204093461458742 608237944102736195
842805780055861934 736531786567975050
281036609431305304 288870851390346261
568102258140607352 647679451075316341
357801581366437125 892514427925311529
441375662777634860 579391495621585961
44345836185785038 333029526463601759
723245988499893758 50604138387407401
301600343187282564 234154838839344857
294357894718762333 948227529906479157
148059538439605304 575723702996532471
750593392721998330 292193060618592589
645808149068186428 799084392781073242
61748063903298248 104901514511939507
442900196491867679 9106134643408355
442668020316113397 848497532386245864
314612039623001779 183296508833830836
446351535788066037 70242032608362925
373967157389627914 161487444090706733
516817103306585207 284701186506235395
720345508101701747 740203473264794096
73264085701835884 846290753805287722
426776995425965441 213492613447025885
730664372064773126 264905347142844837
751873580694913028 807245382777650197
608983897964881334 419117183918697779
10825551068293644 104432101482913529
212979117901315884 318830895200557270
562835699375032556 149678771769007147
421179321138430298 202325780742942927
353216822308400436 203403118761230731
909857303937163376 75116390047238302
453800396678501045 69481002211036219
364398553384567776 146523289592687366
51637398796447872 967790766965815450
690951931970082394 475608442135865862
542803625177975014 297290257896575563
217028310814234065 407323789393866464
521241285923584377 954460795524629551
243664913843184499 889970091022109205
319026889795128072 322148754368702566
798998451723457459 569283694524760934
324533792110297509 32783304624068689
296519073939668546 447675737798306260
641530599668001954 840217077337390225
853373667062533649 530167451121312671
65141149054613134 277698675867868424
277940767783260496 260961003842518601
187546269265179964 528868924721688790
941249019918879088 615978146887188116
269683696505469372 192808162072686172
434527471260351267 93390690356637822
5028757234065503 48379915707702076
440905505554251354 358852107339593547
283656549804089526 818433802828782678
53012406084062789 798506352408534395
735043123657661841 264595976668710347
654603387552422230 49751861408654542
268614871591843076 175970008151911165
344671018685436222 105395203854652998
614016449195282525 579239404411432588
925583110991346413 962260418674577957
534168810685756462 940673653409272410
114733386156048020 55367327890481129
471767503803322440 46346868049446790
967949202616448933 575390332646620758
984305367618817980 98617125603786355
761962014520132817 564997010850853740
62235056806062300 479062721528477378
865544358048651273 351056082396126315
116403230073318711 290016745623916370
503149773349209724 864629507896458709
626378445289839008 673011049070941766
520945330340255902 733511156962841451
798564419173115431 465904354583779583
925812874246101534 165400967489806382
106749408816616988 628823266363470876
206185572884834798 371734895431204447
940293367181412370 230611304700453760
764255866857261630 555400567470239615
486035443512378841 883992349861679692
788660548914917504 674940221624773710
374651551480812674 170667207786064607
17698492753778020 211005374650594510
894134606749254750 851275449095497436
505363159492920540 258051097600286784
752308598388490494 631568618701594404
385404759988268569 738097730511924517
502347358448460083 255230391943830486
188226115940021131 493832528556396862
94235259492857615 941010347608138837
830568686792178403 724617498641910155
628903244800483297 27392662586740545
485805101060996372 632284030487915086
239291923178673211 632961179968492156
241348728579839565 188009802263965449
