100 59
910318578900278283 915753970949692470
27775779501134616 459151036927202336
323198602512464363 983868513304711262
528931460653976237 884838979761165037
306468348004810114 950076699981724570
352162404307580848 527275761281489184
56299679062110126 361056383987446134
272215898218507958 363790277839817486
45959364908765181 944388746734173064
777838290208177162 923886726611817568
9865279173976141 586354744350241042
337137257462896219 350837341897509617
51126448261582789 108403220758662659
154935849982381714 753591618043257906
637516465906725323 966428294416829184
292355616627955426 760063393109521382
407054697290532609 434107859341614394
35065182108870929 816387424737963247
177707553266684692 534488360262903264
522091509115407575 714414075448473788
320251340605768432 767361435167306633
157272383541888954 696414127279451022
113527084519548328 354082498715135619
143821990171270523 161399658585268917
109658586197918276 761983786908979246
243031102328367753 484910208240660710
140394892488354544 572862421039345190
373292230956685315 871215580814473440
664534359896567309 883377349429197585
206133456836508196 726480582114100500
416358216234831731 517250890483584263
357883479709452131 762560221555541560
49721751383139323 554669458235612142
131864225419692949 336210215954430613
131629716383231580 430312961642144781
774477234166896927 792775414275334422
610153435818390262 627694765659739474
705994552397929028 845928559802407502
265436173258875595 746682466127790241
69702959151847586 96615457108141396
394526091448553452 477916301504436185
68313293869572879 641902478798118050
759112097876566419 904514257092374506
455819519197851685 911705420604469853
787355554710972902 837151993832935875
220972348471902600 589183803992786463
174968562661214052 343730665223053656
8608027020129794 652760989549076803
939025362136359325 939946760398061125
633040210957858659 717475714412346927
363883304601670179 759824718253548624
9858981793843211 426880570375944955
264870614973290775 300367093513453902
464642361426133143 736073541697347595
145857025982141709 965245922138287067
150678282606496488 248026512710914462
123939671388805303 766918436469874685
438017165884287655 478166567893891035
162543603521971167 380861552650355539
494440240524121466 963079453251757946
774824061548177275 853897222052871915
29038293020409442 360580880204066358
660345053442231626 723323318820942374
223792111166767693 577723329483256778
24796123135282445 607945795894449909
774428157687321325 937481669114615996
639517602949915332 690107691931542148
33303592223448526 565127662935309758
705185875647094914 792398072888836712
214774437624098780 854254239048544264
618000383547239656 799940597635440137
54130085252192552 84703726097270347
104001796032895994 357002537904520016
350930627097144424 510613505164909431
525124291417830371 564969725602243935
182780618628728776 207108739396497702
24605397995843378 747088613797818932
499910129918560956 785635222794949209
929924859335112153 980418229207202706
83296635543369953 383958244682569921
157535045901185180 671409330520790881
20730197345375457 49965750819696817
91825608998666768 279390638075356074
720125409100243077 824790107207332010
149971138654908367 475299701538838621
39158944723458159 73917240629878694
239952971026286988 697391582780665651
833358734844324281 904994850248794358
106359805113871657 824005960854093346
236248374454783761 262516599448801918
214132252880101300 861689780661858117
45915155648879334 854092707291483662
262807722155916381 980582014366258455
474601962624584543 543994811178252667
196310112425956366 499940787964761390
219651351627043691 444040295706805068
486919797152612558 643636171221661295
250987534219092060 601541799683884171
356513824266412690 577177846225973743
120267779055884571 227796267027544148
