760096677
345959969
930092409
955930871
328634368
529014653
319082342
94125610
327305352
756421463
428872878
792683702
43472200
732450597
823144249
183407089
927469485
572064415
359210014
104980295
707440632
766207476
260715305
827863546
676168879
618951508
922669169
274848347
720977173
258912295
366560814
808371935
509026252
19207480
666987334
154190562
795021193
302040628
812449192
403198051
634451292
819396086
628626236
928153101
601160104
168517224
198555319
172778173
874766318
884444344
150134908
943324630
28546160
371751270
795514995
933630131
551213150
986028801
414500577
408231543
487778207
558599026
351838624
816410517
794321038
890160436
864789109
640223506
647462512
89027541
290927310
820913097
693807986
649206532
275287578
910534174
816261656
600470233
531365303
45710922
329840975
947930541
334482841
81658825
181596758
424740589
933364294
942737321
166578917
423329840
369062275
990239220
468339694
559585617
681714866
999239402
577167862
576409561
577460015
817767397
