100 17
22 63
46 63
82 13
97 53
40 59
19 67
47 93
93 1
63 68
50 26
76 93
39 64
6 65
51 34
15 65
65 71
77 27
42 90
65 67
73 69
11 53
61 75
95 51
63 68
20 59
57 75
24 83
25 87
97 84
9 46
29 12
14 94
71 3
70 28
52 59
35 42
15 99
66 76
34 41
53 70
65 98
24 52
81 79
93 94
41 6
74 94
19 90
78 4
57 91
63 97
88 85
59 6
78 51
85 66
92 74
30 17
50 58
84 95
79 41
34 66
11 42
9 47
15 61
98 7
19 36
44 89
62 100
51 54
82 13
90 21
72 67
70 79
19 91
16 86
61 28
12 5
39 89
94 18
26 22
81 69
32 34
21 36
3 33
98 3
75 74
42 89
56 63
18 15
80 100
88 43
53 65
24 41
84 90
34 89
8 68
39 45
2 28
22 46
94 39
45 91
