921856554
295349864
692822483
594663615
702202653
316213891
109033366
129456652
435261047
164085654
95532112
512942160
311984402
538020075
416877646
280718797
961685085
649002146
287646637
651273235
27040183
796409855
27232717
950674890
970703260
737409541
824248437
98895391
755284724
187927454
840617026
853825545
900328309
29165923
888962993
435355595
611042013
881908341
21176582
894935372
312080777
957804593
592559051
316524319
957802557
397105586
75344307
762144849
407091777
895995616
295104845
812503973
994502948
287115257
984588716
161680736
46858953
104901296
967327808
626890277
10089919
903488239
394355374
35901158
686316306
593641697
481081777
767849710
809711231
999555772
219370569
110863504
403587824
250285755
905721481
113868685
241616668
924212284
483501766
1639618
211851125
87484421
725731423
59199590
604968852
607291302
338980996
355961727
998007164
599568816
321624835
208891016
605796479
370056246
243223882
417227431
916963551
230720079
918897919
559097157
