100 7
330153754287495326 621582923072566847
985738100162249644 943216550059140913
413712312448933056 318932200301550667
165399983816802162 943483832609172062
558177614311422957 351906183961463055
923410987801536368 28750713635228503
671606124514786510 263679835797923843
68751480712219886 503821218261832244
44587264440696651 526573688279212511
391686005013963381 426738488943250511
327047826186701967 201433730940546207
654293709544049615 490551593488571456
80557056376514306 914154338644007801
907082750674480645 671502652635482593
203423247625230924 738570955888209639
29821153112375135 664471756766450251
916298339622341464 736305786600170659
497428566004815718 975234167798265815
859923900246739021 605517890989934501
143475492479663844 910709272412508701
749725937307375766 785056842241998886
255536681918824417 895574991808781816
473279413271203034 209161704523129759
9510191864903079 13802323504008574
406641139237342979 82012288099370186
563281928286723262 220587488000088075
402628435543028283 409196845157270430
376154817984275184 211800058804701750
331649977531515625 549031971867680086
89208205223081797 861116688205305305
624366258733258423 189507796355546218
280278319750322695 865675026624373260
34203640808037518 7104874288580756
14574534367538366 182081535602137898
403949788501847191 208891723580077771
823735540062749235 789910745253937866
981805131593832507 178178694351640906
585625818462121584 893851980544229317
741093492950202916 804295438671638409
173367190038451901 698260614256471606
260199266251048504 236586224742643265
112889151761891748 937781331441643380
700919940189280675 211935630448228203
230412302199236333 205436764327672345
690092108877482701 256915293248510529
864943459610427298 377583339854703101
189884056863652191 344630528176976699
184749297705424395 601767693456199738
933662841067544130 989792298824193042
729313147153569202 507392167594378025
295864639708732319 14468231659789247
844216923691178847 77977687252561507
611142447587069150 310596640204588667
104830370473641244 191290922556482240
501891730974643882 934917790738644416
198640745187181105 277879780253132378
185220199559411435 545544665236908101
901916505124201255 745888511609537674
25675134932964553 271270375376255493
632153141366565320 191863931256905192
182163872178917551 923218821341856824
872184567030831388 941867767999264847
373282601729791044 89494420281181528
711014029607503213 816805490292969173
640815609644720755 346973513335847196
279399728658736195 672553445245477334
115486272604219235 578340998597273727
619584412225068136 719247304268515049
111043842853177470 843930957626489273
674699918011536868 508153299409254632
335069718584063086 933046619795832899
53251543871851009 696293348502218732
207984354484646682 895005822021749975
122078934991639367 918567184583903565
402752229073778092 143153932263718252
996042089314221440 668111737494726565
834427144849942157 880382644864372029
302364999125439924 274090725304120013
753957497455917414 979911587502040258
720903572638874156 7255653673488349
958992541767007008 633334732750612916
79076830983121522 174173338287630639
112326388992008676 785361610174304013
564362024151373646 210749780646706780
283995483394366747 557647277577676036
710039960981893834 341891503617487933
714074163717612910 131262749900499220
598608424367095854 451094440417191146
578003430682938566 840218864272692725
187900457703777284 623245103070523325
81803666198580812 712578615790810016
737306862708159508 354723141729077583
673303081848413800 236911850691897166
17315798044313448 871845337477696376
358329886115248837 124668600282137465
405429164500780616 894646289671734610
914333308825713227 181738238922659801
543853639327234621 732794798966262582
89997052633767202 967970146517598567
316727291935989265 496400101192173245
