100 100
49 90
54 83
21 75
24 3
70 32
60 79
20 9
4 72
82 46
93 5
14 86
90 99
39 23
11 38
35 62
62 9
94 60
70 16
70 38
1 59
65 72
16 18
16 56
40 31
89 13
55 83
11 86
75 85
16 81
42 52
80 16
99 11
89 74
33 78
90 57
9 14
91 42
64 24
85 29
1 79
86 72
72 75
68 34
96 54
26 69
30 77
99 51
94 10
81 87
50 17
29 68
65 80
6 22
17 27
27 17
88 67
65 82
87 41
63 22
65 22
16 10
74 3
42 25
63 46
32 24
69 7
3 19
8 8
13 82
31 37
10 15
57 85
94 91
53 97
46 55
49 9
13 92
15 32
59 40
5 23
53 96
80 70
24 39
67 19
99 60
97 87
34 63
23 59
93 47
26 38
59 48
8 3
31 99
1 93
100 79
49 53
41 83
76 16
68 63
98 37
