90 100
73 15
34 60
45 32
53 49
6 31
10 26
83 34
88 39
59 85
45 2
6 54
3 36
49 87
53 60
36 60
15 30
1 76
39 26
61 59
64 62
83 73
68 63
64 41
4 22
18 24
60 81
76 66
34 29
19 58
38 64
4 90
2 10
3 59
21 69
49 72
9 75
61 17
64 30
61 11
68 29
84 37
7 36
19 66
70 44
89 65
30 34
17 38
16 85
57 9
56 32
42 16
47 50
66 45
33 55
4 66
57 33
53 79
27 87
40 74
46 5
23 17
34 26
17 6
72 67
55 35
83 67
59 87
6 53
52 46
22 51
32 46
47 58
31 71
35 83
4 4
43 87
63 59
55 4
75 14
37 24
55 59
74 78
89 20
21 41
29 79
36 21
55 42
77 24
90 34
52 53
