902
46198718708425124412455433269
916086829738731632253220
29872154167926058727823290120412013898718236306984621240306228388639151
152571311570
598699775367458085802808273330773327797933718711611255050075983487645284167
730186630527239125155600681259725064159529280131879934070364205272148662927074
1842131012163
321033188776337730986906601048749014346302462447
60332818455262625625614463010232
279523
3299045014245
237579502184763298127598256542368548133915412816709360061204254303403
548439813524267690541253166452723423034301462131959148008472565900337708246237348267108
64809989912685515442760685796887869747540192317994044022381073891895265890988070638018869
71240220394173111
59618571643405771178712904775680843592129065170866971094849895921914688266264856915592
907234345806752739767633656291
72836926096670524744176113849242006583915751807603911343070497
63381977648551835800459009372287046490945520514744723
1658410794206162601082637471413418960202951809
275819920692378964355065633132032106595539463809465473895243026476720638624537131652517
92118451563061773257843950592573894764330730607620745714324207393976264415534
2127637822578096545244773872905433
9813329622423505870068644538
319518074226223
74738402021576497084185341035454226318437525814475525906893832874050791461474
341366980
46929280249509459
863136630227874073320019972888956938502437507088703459968311034006672
532490682025973639355423916326707221126075237
888875433267355790414790661181959531646784083195566559985696791206357979467494454
674111820301286629940527947455220244275672048503317693110046473892596854708755764342406
61473847136036182353796671521276076906786935388657936799295125
2529857765685415635952953342873017515053570232325614350496
592120509951978346
4849576961450212326767618177682601489711289059517785126402660631643165832
489990137918371869533273949888445585871457385816699103257327431566494363611550539457406
6576585014812296129820835854934286029955672039749262846293517295212909599994768478215794
425204099
9339305541623999657794963168882
75966742133
8574538206350925158461827103644
21093351630867711230016757020536873309671347893934118398342
44213510527286875281089748970009109796865368776268875320372099686465
5384274836247709141774888449203712419363556016483247541444419035
49616474363377002649282097200494834411661
31169645679138370316961030813917015285815200693206734
83874784021091569167762840586244968813440169558473508181051266828184912736287815963074159899591725
72894372896729292039434905919507170646212220625062452457194293216878
6076
2342078845237089272623740402850494253512334493428544244686728154286183997225310730871454633340897278
2877143594850571494239044658527226414166951423321566815166434224000984671648089577849
98760
79805886515187185706
574511588846874070889012191478210432836852329406810131684414149069109495698331526783145532406070
628475050343367598384921480611090821185339658785355611480635955966992297442058
13524117586763162964784491818677406458549668634007682910848280545956725903159081087
155196825172067638456580407657816108884036988045496454710581741
84954092107105000737876891539661868681330237077297035014823050210898877
2177569229496541418360388603801029293499859484907981909292043890313899404976492
18820928520087047524676595706759614160574854080735
346197353476572584797170579817191241363549196757285847983150747624878345
2477380342634923818133629607302406942390965892322958410924058715291636604
54124777394346789317040593247841065772352397921895509268826511087195636391085098
7084598090005823250006269860536069
7008778209440801954534193069753466088379475874931138768168453885
939311302078070302645049866527781340827969095418799
1941330252866656218563978924095024551173961608238084112868523463548197773005153621631939880936257573
604107829695060120878305322360176062733304828289129005352810137176909024456240164950943
296216695861316005189892350057688478517609466970769152769254170261735683661082722858
391768168282646899511310098
64730980
928083690063623865915565755180371809885883660160773985847109256044
7920049550581273021025496701021501878433581321466958
95766316625625481350043115266736934171767764990142800257918837011371125365
6410559866044573203644512874845526890492332149910645920074330260859487593814380263536
97222885502179108155137487295504572454805085304998741395098566
81211221434896694033247114505394342876239481338926975772373961499725650157018541261
81012073590147375657023176
19763347
641
1038854868603072230978033163763486862955760040225915289249823232546516683702175121513884
26951779257519683422002301815409503167807636183098336201779955941767255611779398937
9851722370
11032409637628224285180076823326251033160019313670532395552753334884021968385
2212594062737574286683124658012
85275
76670598836806008007609575
37537883870797097
5115886276549914122739183821672285583313967157961514656572259974294122175481019
30429066819904852070812048220539474379365901597252852590183570532130
6852059574326143910511005971399392700801266404981667083724906
12091999700553734606666815068074407368386542906803026429015061449227840814527
9702797207864398365808751972973881310153033161033333200630857735229237263
13185154353891934366118646
852266903987995162731734817535813301117670780611678384664298786738934703843751214730200
3143
33730373464142662166057879732060733361977754216559728316904938233721446434551246074810994739134
33756995807618263381323575316243960
3106697987710697389346954293990077503528143130872225540825035034
9352101805416005451542804032801535573009044967025857594767579
823848238118305419001796036780212106148416449260855509627485979615126417727676538862403555686392371
64324879327690060202422180196573728786080286424323668742540397256970756393513484912131
3127185399153992301890510375425774836151400071617324195780
247
75867942830017779796208886906537381715935806668826563537648121693305828009847686
751816267614159829396034396686
1661727402191666591796557012166544225497
3026347697533205646907925722461575923563570236409050235745029679
892083931253143432631580270131491114544434063260387996
902579398
5227091760289390748206672420891493900306250436701474119504666
6751138371377426
41453611755947262487966507970344613
69957
44484794743208406
8018757127435
458166396242825183974766415418393483226626614952367910009058177163264
626706382767320448860496171340160523019519308089860050
4397244816954689908
9207
304821826793821578170081830388286576998260192281315547
51660218773262873944377021599873685021545567715463649703832474785531798598
576289
9998205949865138290857369870728480386817995220261866631547457585765550659
256164673181288858488716592148932555207049963798446622279400264094293974
39877363323
91935409703005161801578017063486480328364330963986146172929373464334944998613487818451339678
685696180
89162224810534827173802377549398450593987547159507790852387802652125128812389692491894064932639
2037730228512164152532913390242868199801551830023021463883571930145281962230487132771874295
41524420788945767158813390344039700141272738262788525956
65502388723061044606320983666164454259025864412423570358215507821187451099736930
604423591335029326214332173497789656056763
309085947565222137574027812990651088085960790174543371
47399471811717173151828869244798538778217320833440722538
8034390182144818910660921253943522712630828
41005497767726049224183649257913478275216097573449034169640395648964500166803020034623782
76664095298320968696096456334927929684312800356148191968382165204160
633578487147141661254154762690
8058494448598066355157709726588502
532964468091795341878
68868708344835424792091506789098177530472712995790298288912193882918134744232194142467635701329
952661274626162213223079489958277696878943228618670530093
49654762085959263208438406689723318211479440042903681448942006
29245675833883568664677309036800180539456572904170090871521541546069167330147
820100659999686461953972878130297392274468124449247491876519397102213901107375289129660613412
963590331775334072523795892630710711502974505760379346012271212543324735442437664416022236529
216692975644969712492372404
7339738860356910464962341494
7695464226907253390490163749306856550
9130205486169644480655085082187925891018857663
433231656145910989989654393707093275077662
49269442492061486840069532083591347541698984179034
6
2964836398373680107846285818894898140631709
71
8310540143468077640
6435697907
142618836695342672927972987789255521160337157269688422292323312742043378173141335130265560236
457500863456677717762784129001512991613274234019386496998421667575264311357968587965832825767306802
316054589744830976635650739758
5595394799660476365889795659443537267581381094898401086440811587110349704216706661826
33013432242639130279418132858293495215284932217061108125029847346106770562915486306921453
9424776547709364954553740688414419380854963328821282199988252983633687735515880933857463395339716567
30
906389805292381965864760
190619949524922228071834603341836
760
136092220992847165157436454793475
999384014871588969
944364561513278562952136251733026253523685454248740865654004434179065992072786523220
73087788675671913990942557850949780080940713684179617113555522704393777150242
597949791162080927834075935024113764422232024562581363373959260911211608488
34303768033882697196231250089411145522697988100645798555
420601857037349096332254
8721430038819416426617851491476658315691418451021599723057536095525576701395995151809
2566644897995702596361567248827047624706183433986648
116550272154106454290427266025529652711553319208202192129998780994169201774255951906435
24697748141265356344848053
728820150852725886620512
236654004574406850810931790597
3267494998627447274
916257044357743041347035313
92192425341819232649735729379782288377158404910284842903924903088172554842610
1306
849938447343052133544217171709
194636396578102979
252887293218535576987830419225068827168598752190355780547076638197
5428475904210021560523061893356352755560362728169921270742593034063910799208046564713542456528493348
7016106776648294065559670967166957580564851845169034784413882048666308621413818426
366540459088207509500468052342212637
881846014085311159483867385347904159243995590330040371798614760950598822414486361028871923
77417067188337867319520072205674077979831148
4389689059734328041362511765774399398469490628450461252299
52157246205449117708641718958216902963
4363762149008887968112253
400182013062713690592463398261767357953072985959387275854585418893974181716593425035408316269
457025811745497564763740445346450244062109629313498395134448447945
314194064213380938624369098900444049577403286302247772957990856478069
6144702541
54077821711041784333984244162191069886109399202374715538724930556975123879474036221
567017492464468289556438143166948019389289501946865949372772083239742929324565698
971003007411974789233712726513098344328
695319728757503
1906366012973749656898210450137751575230832426240011152038679072179682302
798748528771813515056209440101058382585517363257375005778873160649992199746938260
53722683412631488690506812476464068401705937
289916244275505302702224650
252382219505663869816894770222639566426583758596767220932706907753289259505
97748740612320695
167134979250348213624329119428687727830694624848
93779026895344211432428420339956783226
4605567313048535512310044280887354
4702309711074317033702756256199244673571452794692679140913570954931397765705823376363536189
6624052539391401247554527096
18252140911833501193257893374700590771234331008296359634843186934438
74363427750151408934704363627189449
7185148275901590348863381951285
18490324125409912629391
611474558450643298288641666919227250041525516948
78144031149838825084740713
30700611605316925729344795343213270533
7492207711002653704685411021274
3095282836013
132481027449881
9174886341792596393356663239320513508899064792403526480329719021682317168599517161404919
77
561228600150150982564027130947820863643219937005476349144289841235062391254007643
44460516414229530201367080229105841913646285697890683304815149548889391766
75253086579119013941071368144741191802794134400
41163
218947797763763301977312191287107878416137241836731204714667842361264240751008156168462850902
742642153340358134
95867051470692763592957
652971682435986904252556450529829736190593934647221518
3
67083913556518459456066562772790131354372332
87188618392074459154749
239
884532543859647290593453875778
176567020629217750818646555
548139371529697950545035030217923274552056484993015276502135
882471203294353100925433996540556220508665529664655767316460532955677493040099
54971484444437885207971486650419093171108948016552013051
27646318129531603048824964759872437547996637332849055417965073096984880579447710188959
744689768725740446667242589293471802345107384109328791391592371352072133634436972033436284088055
389731492434514330229007093605803801820900048721646946
4555511319066917052242129057778434486664710189205799614658521397175294766772670362796479321930811
59412344692461715772622752973635230433092049173570360345
452829814015236993558470883049478256799377554628678099512126419259907972
90493759671008268036172803725751015061025858138455062421171355842923795717389782389
32720904024974534599877227963575766808665386027199606765
854308274773058972914
5432573234
221490136032920112821
1027716478745057203295020837192120992436993376298606584361755433283226724825041896574092778264
3845480524854
28433213497850288583596161536744
543699
647392955721227888085273360994947466653380622551279079170281146418699571689506978809016095
3640301123760133854305811129694600587335692896861
41480664526736823705704124447537734769325840902503052296343894213201525041861307978244062
455815404888852834399651756650480888281860976463068495467323460244441350780371317
82361802121978203113070546694403477872158
183846786551930214111097548781
55421550239104
51632487
6817791701619132
640319230478683662101018325564263675955090490857982
70564964195919588249461707466012803325926347
12544628848
8910250802114713892024807096358961101278350192611340505176807485421762813
2155230096790339947336566442771792637089929410942474
24614452609520020174110056330215601469689738720794801877049761179964584967673644
411385470226999769110708636179
9402771733915511339824911146794491037003421822091899665396281201854462280202961736590360142007357783
8204999640656568022718253904856833388706648742920891195449301464757696338986076901738267263333087
21735710
5318473529535840511492666434160741011851549988442447516679
7
47439008132233265710
396182633030257439876453363675651669
19343648561969150869764911486833490
46718430176226769808665799468406722038586930085503704733918968660443266941321
35016
42726263867212699285659636602670248893481649957345272262146641580595029153076547746076
73105253041351543750084024501920869570167613287618630198
9872820468688291912674634
68354043070002117629521481648776082575469151367361455158673211783707
778030924081963496994998323462523686690367663802242
379615926836488341926324692491523346225055557448592
140373143365208332357200211491593962089060802436979005653
8081340249647173578760202828575565234467
73342363149604981191192767532324057450074493825181290822431975396011105611371386
966400518390336459564867028629204331027272
3405808933575989898302217041318174991310800409656487
8392159837346385926026987629570869270774730918619952934670026
961270519034500248547138772839385927769152283895854128909018814653888202289388255957
5636345169739848352599652274981912228654
99475106578345210282712746218600491936
66995473558101260989461040386450038927917
258746813564224578566165967978
588123457921536815145111038743601820738301520899179958116081465778762490834144311359
79065643709941297531150596873168879408654898995984
3839432371759029631692970182301201084942625169862044271853467275250
799122636722593017004071640797480756371462243289647088801687758551884764820
7298309457126498073177490
1265712141579761086268327983809808937214045328244389535
48352525476902408
52359918800241155281301997469303037525363
33952786971815502527449612625589191634170813141992551293031792748524
399159828929882382488742260743948522909684
972201677497866901
56456011870362604587660263323838949935933212721928891199528
35
8470459025938956983569480616790507941903060544
52096304110814252302221912374868
6431389121840703871
8873599914487070978620677425504501507495740790383116564397351511804755174883007286409360865832
2377607700626839824891527817914096148291887719588133259839530853031932444
2410951359288562550895319437017
6130083555356874507229654419268134091111353689686641423347220300414017150530086
34994017326548855452489630164399741
99645035653345413477916945039259347740698797323954901837838827
595036812413999978669159841447169147746704300109836896479059427229233268721591909818079571196090
475154681808239190464041583869047370682694950906513565419895405473777017150711606
561219051028463328887808551712592851092041872422063200293602836633924974394825606
5555396
94774009721365999983051226
26452439338048458837584329086924864316236
235887791777045712763839899937200060405475898874
69337666412484693341241373407010285589569950030923030145894872915605910758656938576
829
8754048130053513857445390
58244937384855426243
3504198926712883639336664352552938420489148496401327002727418041963
32537683119289565938990006
7296114833175
71576490741041906534142180543744532148286367617192976
4938316702640924357804225525837818788902572659360193576041508222979121349916972133038507119852512154
600381574267604089201789441416317739221676395889640826391400017921383710717168878967659988901282977
6422853215387485731175297233835266484736049610968360683229610581177833999880475036248919
5464570738259674091521785518600776985655102
63413856189420138566344
10614402195841196801043699285116519144288263763
8248423608
404
9887255213403981400853438839134742806261119497850010660294990132871485552050482988400424695
8573432305905708210667107461933021543405672045248780199806430579980
7406125797108160711553243363790380821713789549556
72610336772300240
834681571
615729274102533134699219238387761405035112224878502623336820934844334078058549371
659636010522442930321920755490899079120411566702487358393015
9812772976391133865629178360503924012163674861
895101288315522941386400909759230348706889224071505030766130651544833896439696365420940101637722279
1616037541704098991917333993081539006142820351130914778052968235494635604477445198523614561716207
7416094226917756495349511628112996449921
3539791737715362196422160143605932374660425023
17291472019620379548541974581463620543791267100639195505184944143759179217888815230
79533036986172984365157697637005186994
83031120310832878831975939347604172842193409290192320027297017887604
1515564585648524
932708148926003616452321227618647737744422452697769550997
8186070782087856602423852612333698224034017546575248492484215385896971
610240247
1150767994930
55391292576725950127948289449514216383292140874679462852062278853174
8399908342351387308828628689156843808992484644152286483684554674321451260088725202
830135030837149883706229377400033428809619765762492521108369205917289888766576222445220595
24271032384545608592273458197041505368969450247419483563094738991476684207700351880
66274045137769741996719201383228883969431452048445756787
678850982758064278956049834341774831439861265010433863512704039478900357
5965924414732686839398101967411082437525785212171909200420755302188677565862316855588
8962603249602149774750539050464465782
3590584574663112722085772578533611981035712051583
115653410337356387467042435823511821207912199955458
57374128093228042
34198692756174626737100440331358206130692663347991002085006338576069568229571814557447738249975
81519227786604623047443800136240
557174708846530231133998935998569246641162284947280611756989560504283625822
8222083010306760105607187058352031250638107388920456643203730439887
768598242409888825
5737311501508954454884042322871263963418973851591557310338044690630706035946
6441732444166265555834480836
259047778583747813377763374112226666988360810490
471479882634628244433595856786676875
3306395312324258098549979681186781131013433029306153
823028079802827
2712508864037775416009772937359469833849317886183638407453
690670909461236753700164182847270274793790100178710001210478414400078079759347715
631563850670182270111584720232001
591026794782358138361959415118696273888768970252548018551041291665769
62299005656941915352464300543569089393646111173150955573
3764741779570393394992453607088589814
713335580313741696172293874481497821430730189818547332952827954605693985065007601222852910610
72511866827448893379553683167932020491947729539522718695443620129418915830
9003371307597682138047327298468033445039505512061685212418921147106859851038114
71111168393139251555187222099890910047614674517033777583583075205387
36703075515715834456020520011443851666909251394078476768361639686308471073
859960
1459242652318949805968564060260285465771600718017875867146054425302787
73983541446571738955289474741544977766477893650640505870260338223882245633948425560910775
46841545842761745268240903091581
2021959973118388354031
12760647802445082531372620891977402283266407138521566120516672951895422240240714399960105627260178
1236010105280454621232851821344582197356566961189528077547856511228735645957264054
70239556770731833685618571705501374961213482290429646455882384125458360948196443736527509929
9198060378318064479198918
5
156727405393469901676921441383103890591672944753992836602143865
8253161690226048545862859174685185189326230845475479171843158265635619408490
320091609806359704854745343253126420103421218448997022001873961328946838505603961335802628
3044503718960430018210686317729798002157344530625131735857081706689413244217408000678452930177
76912103814225290610921609117880585888601502956591708140
79209633197435729480140060891360232289287385159982783096816423043123759534318221489369
5344304226260968258328174304
27879777457628153340804038484186818674441479203552621
929952279683546743685547
6079145246695762774127441375669753476478589272658867040532519
36505607551
91449682663272842650099467
769799239935928620884904499483750866071806560376260656383329851091790996090857481
443600808532576923712871681573330846136124361582178689844179441763
783582395135630627897163105741218896392215087424769
9124113826476893299666344022387930971801836604151884850756763767
440492086687619
472556243455712242838060367603954973757
76007283104889087721422135275038823070882686759251492040544757534336961708070298
24800639275559411562745623137283462013194114969395204344242489439276518372912
46967350043448291
53344161025616428942
82414118014800724012357811788945
5158657553149092980487473544154572841445826149001592461
717685731395174217458033
670321080902255741291053014889799507910009012987
2176272082414676864624137938809263
292922343231871062990282575986
99331451922538569117
720450016231227620805735
2033493687986214248432325831595265268539575444941067524334566848049933539452902596392092270019456
70457595156825276287589809202729394655309
362883958046573400147421269901360673056465
5363261193351918921384816465718868425768350015
80887018280615772488614674669946059756149
3125647241104530077897328526341919652594676141802384209302237545816378261498873488832868
79414750709810072491460535181147997968747068669551771303973121955220310080185502784
68952886647330887862567803962799895230009758115577598175976640896207979
14274117688
40109736521669
463101527578116735976531167927774195386796153259617620767250264
32194511082312049229025872236516641123063436542699885392040696725899067480222632085596211499896
181552934935093299998861977128867714202552926561876875646642216166514
747385644383363237560039913741197415561148380492728026231620606792252682054860858786017015781294
467828564814868967430181837552823893444335383767429077234
40684
942525653104905404400883332468573756928617867
8181105739593310936972358447769332668801671627976339568934867313972145279738686311427483
957076276351898312007
4972619025653544793585515828638139
370253334936
8428943221253570027283179691279803713725011266087460160617615350186979682237237351623074594193
72786840115884565342516220490
2
852180449218035339650626281065190
506619764374178639730189341304
6480601565818262626631038099701217887513439731433
27909168232079465458905021009
39910273945039518537149044367713208268041700319443506851266807469696481912554650036
18
70511676451781004762479625286064538024055174761096331895
7263071060952849595122768982350540273988234085316208668375633904040258836140397025921992107110340320
8570954131831778125845310389652261358191857802516707049720695531766844229350672968573834
843991538248603101740021573175855736444583635450155985280935
7870769215667537912897751466
623569753154665
7614078037955656140166145013
909517385322850305754896731574856997690637278
93782720022761558210473577648108975031925507500502290447568847906
876242900225088512430714819014962142727567996706171353927775656424485193166962414
7587971396335707008578085023757
6889383518153200673306979706763772020432543478940
78262
59790127588063672500756684603188973277169008985602
9963252760122753031967847468116905250
271933364
24865096220896489249955827929671226736406936378899758447667943388029969297787413284
6045748438131040121600164432896653206644858818150240709123781064015136580459085657591586967
9455816302966464095801
1078259
4011335267355858282
69426522600331319914469586442898416455834662363608622324733
6044972136700738598781439618578238786334195232853865140601
951406891761382016730
3717204198175703061802586903925565286248074103590098988857939690527847755162492524845
45211311520295672839953996297507092167714899276571478993361512826165144958771801562
5814139247146018575147429437678017338657903862326021098811089403836
406220319831902605388116423
7
6331558892756080117419219172715989929252769925827270870442433630283446671332655665426863016396480
25348673010481668809363218382497493613971968021533265
96535742281524857379700455800539754779505700
271071252975779066558512081946165314694715157312455654928854995532190035
64856966965698
96682766032140828
9
64
5469248915383832035322684795042306929924500014101317284316015553389495300887050986
49570979838945198314181130957
22931040066944254903075132256197841487552313457679986710826095214
893300437440862946357580970842457806782
26048375311030611
93860782595709570258146167311647521211845856329785360202118452868257888894757326207928269917673919
45802986247786
54083583805416842922737336311720535233068521863323108978078940461614022124906036595
399532715135218443894388822369896975095683205223404157809175
7056252119243602758675474660360416882980408
6925076601512089619661117105299212980833568
241241350758653497050564182157281418044840837401350436793507715077764
511590372
88654937416
99336235390134428831453889618172847782172434452051900694195050184926004474754
802374217012263811390321968708746970908081654995105591600559724420806760702
1862498609621986
87057793324577005056062384432394206037296423274986044995008084505347190551680
45103306305963102106773579776965879458
81203792302637016728157205356921349
9578199340964253236934830990127184066251137095110
70443711830192418801476591330577179667136559881400166228818625997918789445897391497
70582734330409925045838144419
929886290936905
25694622838011199285420407713714699435874229635706052899
4094529283714681574838992
2121480021836161384773443910742387
3410610439700757192593806250583062476657134951
3318953968140504768466941496776015414639356566700178948
754327997196256209016130788602637966457827471605996221445119857210798007
35148401423173445779719233928661675809887168916816641936663896825117519095016332
32962200471477277718712311269553718204495726469449490664004695796143272830917543395184562512928
123191562967214504034338231938336796511114831427327433
4829435042875368836754648783577901597133620668851735831
63891174862313063207066271345413683914958792653409421368886111522137021515887118226930255421941754
7139039968180193476011754087875182076778
75587569608971765629194924960494606239538467057549404925645
1191719593141270279825
19827166382458969622066
40954405652450602118266389409756
82109198812926022977
443521
73224177053
6741643537976681379374251272895882836223382159348586633460388329100834660
12096035481669840029409667923634
90746111056052453557115339247916308568884945706835758741077011957
7983
7874278544792771009235636486847363479906935323490694
8779813419415224094763792409561567641912604487874724311
6857821618313590758326587026548762363353890814726394269340864236644083657206670052463396963061753
2679180453077693539524488506682826888977061348817243518932996149693514178738846111050043
79
82
386456236954928843502109
7067373409006955445448519175655815830881
44269168910813365939767243930140264935
44268741188505853062817212240484
5216950642882712222991458357046092
5202030940684434629567124690904049506264781481139443530430512168856177063820217269633458646476780
10161252100698775728818811315515402939585072320922555466101494276444764
37078501307777243070184205985678540286014041450633727933031396003135491
1303596276200146791241
1145129977070209128392479524702758263276358937733441106526955438501659617590473019714807259066304
6375799342381108358607535924
8028356998315655365377758088959429946953768893042707671048079673687984261434857830001742418925
51254
433734603397442556259440133694472167534518645262207924759
30485288490200884842729985445557
93189
5657830841676970
88491030714123383375349413014934187622939798264389211436163956286111579112647203521398315640
652
85295016337054813699991475385758735841818886443615024890392874110
11726766223583
737165990637261990796712555487483943215251803421343973382536152662734
3013097298568319496910048592976418694888216771415975443094998672516
3908812594617119512609
17348175093991140173356407488384654303550351819374545
22067009370769544574483855468583541722526542249167298946125403368286835278552641361936401
215718467665169013896384815397310
1120489152331
705541728624112264270716644234257900702450696193088644364493024
736274
776057510057902846424434
11772671927101432992443245638393
2171027
4211562157073907305461709
98197479423819841519315058321855918901270321021917391271598
14429936057017
41954439545887519021770619205531069590913842936244821304930414673
8631645113393036178647027788637903576195835443770395165224705810296176500331903357967875218263204
516855872675508822464280815525899819700376131693758137896422092793608380273301769778181421281597408
2458511238499484859810745980012173147617762256426202264802537467488318
16528973047599879966557882732203556682773928796263072076560240639397535021957730454957868979
552080646592732499128883184295145633
38164162069
19002279547920629970354650178456615376891362060288718184768454011090
8116874126538835059111932733856133468349367283525247
744283813124331
97094629906105638321932560032758730683803215495414217766
83482198705352534397966041060054933653404849778238087803473695960843740608359575
248130233750683646
29349125588790792780976
790855269193460584772844929765452859862
858
5482742180381697118326072709911466895
562128384432245807544736185206396629577869124320981119242434471
84153655253605733558146063431751440830867133596302490778913378039770111376350084349257230371
395143494640035732423227181672657233608332525120455922966952695430190194626845116
953620139137900305851140
797339996384858002488722634744852794190
65950814426117428532
617371371623515834665681218583306038
5692479016297250604785538923873155536818301738574161251
54306207608759966486784346154025193127233560015430337875525089640857807726977779
8057568872700969911587817030352
118293990977671880225832813641800778790213345198301
33500983004162937061682109328987733198319915283325566421578614316083227236880
314453184964330754147522354359071017985691337171864786306903579954314986628821327370685706189098759
42072923242296899
736098819965121767463588889440986679389166874208669
684076025419614630342509946
91155071973097824261
87552714889725615074375080785
177592248976330682883244928732578294232632298553788208193924786311713986037285594
95228329638243619534834520743576544437602720410473698333902290358500442168593
710204514126687279539061646049928407639800379640818764075261696920573845748221308530
62482071827238128358976678731853443766102550395751541831637155121027648051326484004583
3283495577365777952857053483827207782418770914400039862329454256143662852837052265124825970696
28796306670066998149378442247017109304272593
88319957721394057205925339720832523097878354473351235739293314
8
2918485884675009095308184243560331750359881859190550118450340284240998690437145429373259673410
3119401006753970100038150670803732206964830093774540654299973936907086990128812557904241
12846454882747898498121905088300544699840721390669015229871135302581606
614799199810639430211794535962192576
44870924197984720756827114689502114091362508562883369929706597080
4698017490738235375988901946
52422112544729483422604201191059559387718525475817527267988997795876
416203763751402320916880234122162501224208233256471995925427537660768
6808155945678280254115183
642948682839171
806450122247525227726108033794463958007356055127245741036978518944449599481
48301
943967569254085
901
791502180973973428559254831148162942622023150803945865257361781970840739309
65378576433407237758031289220075429705329686785627796364489041081022280132147982354727
424811482476526047331327514380125450261735641471678103066408332874422555502423
68746469299577605199641578798965223549427373089593078375814163136560762925408747976
14550759935727313151987952445057802578716010663628798539748670347139599819198961661347821
650737486752
269222104769075475615078933676584363878040864896428822958248403803586329128923673896926254006
50408924080195647661488471
560379706397283433014782856553205057964565372561594691
915843036762216353380845
56301632526726493108931713934860377855
2219718350785844445663672270073470551528485497
2678924375631190220727417678694059487598719251874882046056253571433
86678940932657154098307983415083958143781147555
4192028791521226605703135825514207994066594565687794474461012551366242149198
6422219176654
80467840588561702094102794706123034378911085646724825045713675132224402850661220
79554608384496326847213257836480885961450459913221453487573450691945713034438925172843878334350594
6446
8716318093693433362679643415242887028210016495995288691727008511563473021470769249162
36304120329547585694219848188202068841278681616865261882
9856992745324713294096722974694164564744463812766154735661615497680621013582393918228078300141
8947863419625915108582448995837491
910640722681388045047260
4976358324923140173576572547624124670760610126388541458018207284693242540116331018177477265
948513451479919315823
9474179368379432954338202321544446605270
56705249725672584253
8
457257671666345693900583568276452985
3283093392853334060653280750276822274595483698776893100497514
500580432389897333062748413656502709378428556426391543929637458213726417641703034497
36780800
3228111472022515315874046071478971119821411366
50355954328607433717993806483384233789145436084249013929093055553513030342317980752289867728132
75640147408691260291092
30736396952213891852980347219333744613069614172615780125804107077
2785591610210141071039029046833673639860713587330817331598486381550316282830397356
781516660940206631096478624186408747858896573075356
4129137765441914046611676378237669419231849704861938487812790430635289482429409452
916688439476883
6713119813676853715704046729593653933904816499578231599475158964429
25398463083007782140582454555712038046850521
6871068059572482473712559391620276644494778019865379147792293307233639866342
6284286743197550067573637381771822873778340103013514055487421640211880318729347988119196684966
570189394271151282544151407928068829157543
71680835484846822155673684850924
1418402052446081869028338211353812963359524621247992596678708862055
708106780695312182975049648169954043480849214674485209017786069053205745247478912
1149098793518559847341183032958750444150851089997812783350548
172629489542670573773596898328379858380559414870811732108863497389071586528850683654502
49504448
9697392525886836981137257519191195210041030568812735751820016
555312
56348466701771551628731510572340978497729
3638996213081684995146642194639
331839968644349569174123570857776829487655985279391958401807807009842585883634560741709
61813103373894765494828898098534644549521923379122428209293300999
56446454044099344763893021141039407698922841636451567615131701878282752273178989
81364817323248325222708172127139300297210372605971058688137601217093268610334800934148177
352049290
22431533868
4733703637359228846181652881307541267624502353590085
2415751847846930426071493953964
7798872919534058129840596
520
73178775614963256747803116001671508950482933764312517522490205439571348171534784247
188895879572614519718709030
2844699948049131812023732268197276002699422814844124952943110159103703077662237492384263895181391
5178202785788785268077996055065676895866268105405834327338788742780457
81280954099727683226114438917182111931
204191897642473525505411374580892286882873
6894230209202734197442451
744582755442883548389797061957691072281813849496341525139206829036926555348099957
1318695955869906726277552506906121
3249148158769579119266781731938295021359358991051289597098391924226291689228794786370933
70869213407650357945840496892560077044027586342
8736576740027073033676953228779105226843210455096007292083
91167922112947193244638183077424165426378617099900166773291706469
435122482812438819029696420138909527889088689494658357488633440776460366005818907618
418775820
627921550729760287009829984436859795961688671098539752041980456238560301
577243846183629509374011638017233934410914570528407709679573275807801380702
6003864624392213166958594489212098386937240201598030804361277813970026023150621142584008
7288273919595259921
631076921520026906375199529459490588733747878869227602911286
19703405736746306556373685894659994553948138601675339938335
984632969474601227929656869
721708452847023804126902
4640721105672082657578797779530628542573547934550092599729512648944018326076130343746777362756
26146
50458589
8651518351676929282438039091433842804988814291906348382340021510589172757133122
23627455446424011686157885992771446344066524788674991028099800457709078229455801
308720232775230
9711175016476496483572342052377117791508998752156052870806361187026410942454294288775146190625094
556196450535340820082070822115733717
73488881210287026456018860824880055448172512886920147149444582254689400943470011
7054257214191198584827482588907486113073108214946043718686079
311255452528977330289234969958
5386425625900603643544765864284773224648406397898440600600868347285390077249224379
9760556076705425924762423578586
22583715206281
66418173038344347972382385291651613925
5353234
43106359086396569701103460539500180598886515326386520
274
202829965906034564419735747949113806521472510541
9490090827169869874556126330208404472072651705147718057024
660384644740326293558
57229975725234792156891022927784580550571922798772618235825527114287067405561067
6447529306011
7865994455293155932900588093597296420256266060873461883458069750000950349808
9510652848832922175223090322959276417568784079404084845917646577174042772000
5133
50678483834144692390351488118299485107894320435768282254
538769018604162789248002366703024571485
631807210380428238844877460295031177229705090854989895999554233220619562973
8702942659042835258756926568816110079332451055190726771835595418809719368571296
7
2887450227879094270
83866758565379833967080736396096588404956167164555255973927420932187455330334888
68549195335637327
167015768452158498899457
374684760230589129
527149913349574137497475973541137021376467092659279011473440877464561796877
86914399507635155629
43774275753216755427905368093669356217611890499001367246401116171957677225576606120059
12456943196939071709055285
23787566624286680363624291989966610
9509110484479109648451184186786900736835410346126026232
99968964214037453558599049641442997011308804718778
41935807147498540931077548958275125335242767524853175308402022460
5805079108445796485
7433721264183386131075484132381703627337643408273580189473733992921052824
684008574
3653144210114321
3242957440837344292086570599779697864199927961099507296069247260223891945874765756
492889742731223299746887158101031796013233258386056587278282494
9736205466268399392601111469788233743563823643035515757015966512549449476117343262347
6341057274558436247748954729009327507362780099835199815905132031
49201
69064968396131822165717871893653003849396041672242019777145218160821078617985845847352300295
603100498449238778071248730339141222364465446164064752378179892791046103573939785495840824009
3083014610378687698275011086158978433070908540564734500284373212991062
218018083348875001001
56163988916473404154016842493778694324904425794970
7336980174709629333529159620076061463
5
3160692832295561141483391391138484952570219523184006246328083566260557636965430148593165816960429423
1012334425686096690283887031554103539659224043513959724955580671850429424
4
97333493513427035571176698587315351832251916374043995215433897948761468
507272290
9012387324189524466619011542184350641910238272829326637875774826924281365021021726506
9186746813861892450047182194767860878361202700793500731850
18252852833181102802742581937280718
46368924335082023191177424750763653266766790006127289715
660158366175421859523398941163944759965536540519325521985297597250057322146934040
9557220802455883801953911904125150949592610353709018809590997839116241621190117153581236750021760
791486150069749675092424982315697516299786985823304632185397325242820088751188895841043621
4064407627780897378990770871462
5785700848735022363947809862318668862332778887754310515666965839948272095061201925875466010
7572504278
690583443698534150877365698403966887475393408966897894950171687975
299721258069755944555112849146991979908676723673383178413680362245000827345602432538
3239609355898493939787917323108740
88520117261726953347111
619532136479611779287355991127215302484378325338836011964828091
750807083885119414320851916236096245661763148835939136888331784302945820921320525737329323
893397282791629488
5272338039161138808149818600
288684408247787648509380864682071014246300358376960506180700749
6456570309059019768443899
1386750848516137272720963140108350398244678454936235633
5328703243743716006537651718776514747071603756080144929127
718195180037882956426608298118502560905918819712205999668345349200366476106868420180325148323259
15923286247556650806800646428276712367620604461569326294929646683821937391502718792138904
305086757616459423275250630553738729023688079348963555823206160
9384759465614160645782888388972904826924304364059745934246878953665054393780215067660459534654
3712972685261489319934179502696304269257707555747217364095956712946
7
97976
2405938854559680939803566964077
491624065344333145714106528014035533804316216566207
6311176342717249162269550071010566473444449885047464639624117212151404924926595807022169000490485
3582632533707290927726991656199846841567557588291641358198222926588180383403
9231726134593355354071641306206350682132482433273476753005003801893
680869426155781330187250173454999186885402118155100597918649660390861746343
2102527173751850405646770
735618090004507339386938146618108785971426568474270544792973286217
147849854590133672921707254161410183373592120476927186363744948185758
5458150428749816606390370556433559025961063791121841416300122555776
7356402602
707
49191103585277587914041764
5996671241759346004362
14830567109016427
53024866241785106551619234407448905880359857941666232229272330331
82988109415981339890059823121297077586092247550553027644
341109095726755330477007868065115433459956708029997211787351741651978159
75442125220902139242766679498016666497388687233185
5261107497704068546941536189586930075071412407926477044085585368860815579615155241857013350
4789536235093438283421150714361806808567567606630338836220831549243271206528
2135443383625124809989527688349614625942121
64179920101812061990368934244301980542686297544971
763649156427578829
8991418282764025083619855523266940014623544466686865924908762473210839376316503
98114578466704817568554528729558544691902681751086420764198514308357905725661
443370303430009565725635018926045627655607269579032318444255299602548823244
76257121859408837349881517885179430027169556048008743204905795520801053245045
28863124687227324573652859350526163389244305894368128738361433742910516102903898421018341154415
434726911089997977457344813273728797375756216080205718751682621421455162839870281
3456517950256028194956526807698010564225242757886575738003103069772952690803279482280129127
64
61162975221076351733048740951919781742699675852603811871295594511092836799959880462
34438503342245086077255218514518021
639904648550582997460548
5125839498943752063845564480022532833822235693970766688367959141722703213338196733
17193863396609533399409730161734708872307110746503847613481350732563315479699573699
4425477249634072742808959231592506280430230821004
6647020879588368998256253861654788189164584496295418307130725183338566009054168
491906694842115248882207141965708117074284894644771455749691693058368073146840213619251746797
7038811049740341044693819955601848941759389980751637137505413871955260459412511
98210295838473327222416
333
9192344030548798589459797274147575152031332960361875011982835657827991511
9
5163001993313691449312187676834879158951
817384413339510349490841984457742653352458574662225056541876415799446228924120974
70585013077075020707114902029000889457647674471271348850846986348978585775671
250759104848879
6014519768
459683501388042040249320291190444
97806020485159904739400236904692622698349215396231085204842027417888223227
522732889997347107329271320334733355042091794337934042309688918402482386090747434887538438
4772472571005987332160836602479522110981201353222953061802
7660020375103094333713333067268676722204833056932890347615
45603658607380339579291916855107293937112381819211211012943904207
89483515068882537038010886164449657224540380453332059835126513994431124
216003856433020514966922142511672956938413517414135318566037467491360293616774047861360777735
529377428947299153351269909533638735043772808322904392004681004149808045590870392
73068062720772695831358858596523274830924422442331139911799698491354709070450
7577688305379357878099732005640724912614105819859701105304238010
4899355466196706148948699744336800781481517929532702568577523136839527250731826928023
6
28541835060806374531424825924343895011087059626
3526428169146546811181593972
