436
68716
57483
51849
20929
34901
32929
18312
79760
71525
79681
24042
28579
71141
15225
92969
13002
80898
1882
2405
29881
19180
56698
63777
61735
83512
52659
78561
3728
39390
47427
1906
48084
51995
17738
36290
24246
60369
44110
62788
24734
4322
89818
32013
64023
58968
40538
23674
96337
90689
55521
95176
20928
61131
97604
57946
78907
15052
11709
25014
72158
74429
7176
7144
37577
27161
99017
84158
13887
13059
21988
4394
58952
60573
83587
38403
99023
86482
75412
30085
41508
91790
16457
99436
34459
75104
19350
18941
54923
25631
56790
56061
74256
99297
86950
97592
56522
89093
75048
71259
41788
29483
92578
94906
1230
32887
30749
18444
35691
55090
22150
45354
33987
58185
24624
22675
17802
93004
25360
59595
38584
5135
5696
96727
27463
28909
87965
36386
35032
8928
30408
36699
86894
36938
36712
29717
97584
39311
64423
90918
50828
4537
28241
28073
96015
22002
58296
79644
14350
4942
42803
5154
2304
99775
5114
26722
16929
67518
2283
59462
61425
32425
56872
57982
38995
6335
96823
76954
50415
23333
41409
29363
95728
5221
51955
29506
65639
93450
73696
77831
24070
75526
44029
35684
63877
32204
54788
84096
43744
28342
83698
15301
279
12671
55369
38050
91757
30570
20974
79433
54794
37466
75019
54258
30713
64120
4622
6486
99499
2960
81929
33749
5010
62100
39856
56689
28550
1208
32478
15792
96515
64756
73457
72606
21865
11781
50505
72521
49563
13323
717
23395
62369
74317
56582
57187
8838
49873
93633
43108
99547
8165
71985
71237
22610
96569
33643
18791
94179
27681
43017
27027
23691
75320
5480
60049
39944
50072
75978
46226
58718
31075
36692
36935
19093
51998
68337
71655
88728
85872
32013
30669
74935
11879
22202
55927
36678
19859
21551
58568
71229
8777
27940
32039
28598
80642
8120
18719
28114
40474
7211
22013
39956
20273
17060
88245
27364
30285
32620
92700
7022
26102
25456
53199
60384
19096
72387
44427
94543
11300
21659
59475
55859
52368
57679
36046
28614
43123
82527
57478
13097
52490
45132
70058
70655
9973
60507
36493
65904
28986
13623
53700
56872
8609
3404
34828
63349
80119
50061
71362
74124
80812
30062
61481
89477
53908
42699
35175
45178
19466
4415
50184
34092
31880
30702
51450
6014
16816
89660
36847
19128
22662
37075
80831
40390
21843
89600
61283
36598
86980
44214
91579
57214
25769
1067
93768
20947
70455
2550
52755
43091
54087
74999
90980
73788
31668
64847
18316
8690
37088
54340
46780
157
65456
81822
25579
17960
5548
64365
38580
54884
55520
67584
54422
51043
36285
45423
48818
24382
82744
13234
1264
45487
52810
55336
50331
17047
32079
6641
17088
81369
7239
29684
68947
27870
99224
4730
79594
6415
43082
31633
34336
3742
76074
23947
52595
73629
