2 2
0 0 
0 0 
2000 2000
1 246 1791
2 292 1787 4
0 440 3
1 205 1704
1 270 1720
1 224 1781
1 260 1701
1 297 1737
1 259 1777
2 293 1762 2
0 1459 3
0 99 3
2 201 1721 4
2 249 1717 1
1 276 1737
2 237 1702 3
1 229 1748
2 231 1750 2
1 230 1779
2 261 1752 3
2 276 1707 2
1 299 1753
2 247 1711 2
1 264 1724
1 222 1724
2 229 1765 3
1 265 1742
1 262 1775
2 270 1769 4
0 334 2
2 238 1763 2
2 294 1763 3
1 292 1750
1 206 1762
1 238 1776
2 271 1791 1
1 286 1747
2 253 1705 1
2 297 1727 2
1 275 1780
2 212 1758 2
2 266 1794 2
1 251 1784
1 265 1733
1 275 1790
2 296 1726 2
2 273 1731 3
2 269 1773 3
1 275 1720
2 253 1717 4
2 265 1725 1
2 256 1739 3
0 822 3
2 278 1710 2
2 295 1749 4
2 282 1787 1
1 229 1787
2 268 1791 4
2 224 1740 3
2 287 1780 3
1 207 1733
1 268 1707
1 233 1743
2 248 1778 4
2 232 1723 4
1 224 1717
1 277 1779
1 283 1743
1 226 1775
2 278 1730 4
2 278 1731 1
1 297 1716
1 228 1773
2 298 1787 4
1 209 1754
2 286 1761 2
1 214 1798
1 229 1788
1 250 1707
1 270 1718
2 268 1786 2
1 273 1727
1 202 1757
2 278 1729 3
0 1382 3
1 238 1776
1 296 1730
2 243 1789 3
2 227 1712 3
2 252 1741 2
2 284 1713 3
0 473 1
2 242 1781 4
2 266 1761 2
2 251 1785 3
1 262 1736
2 208 1721 2
1 266 1724
1 287 1766
1 231 1751
1 293 1766
1 267 1764
1 300 1762
1 283 1771
2 270 1755 3
2 253 1752 1
1 209 1735
2 244 1750 4
1 290 1799
1 249 1776
1 275 1766
1 201 1745
2 298 1780 1
1 232 1755
1 288 1700
2 284 1761 1
2 253 1788 1
0 1841 2
2 230 1759 2
0 1393 3
1 279 1720
2 278 1726 2
1 298 1773
1 291 1717
2 260 1781 2
2 250 1775 1
1 209 1732
1 278 1796
2 208 1703 3
1 212 1780
2 257 1709 4
1 217 1767
0 742 3
1 263 1703
1 216 1795
2 237 1719 3
1 288 1715
2 218 1793 3
1 283 1750
2 259 1794 2
1 297 1783
2 279 1720 3
1 251 1792
2 282 1704 3
1 254 1700
1 266 1706
0 173 4
1 215 1731
2 292 1726 3
1 252 1713
1 247 1722
2 230 1783 3
2 270 1787 3
2 292 1784 2
2 241 1747 1
1 288 1773
1 256 1716
2 281 1702 2
2 214 1738 3
2 279 1759 4
1 246 1729
1 290 1749
2 234 1734 3
2 208 1767 1
1 223 1717
2 242 1768 4
1 280 1778
1 252 1752
2 247 1723 4
2 223 1733 3
2 229 1785 1
0 1778 1
1 262 1768
2 256 1702 3
2 222 1703 2
1 256 1752
2 219 1764 1
1 260 1701
2 254 1777 4
1 289 1746
1 248 1719
2 279 1749 2
2 300 1744 4
1 274 1738
2 274 1725 3
2 282 1712 4
1 244 1734
2 230 1718 1
2 282 1752 3
2 206 1727 1
2 221 1734 4
2 294 1793 3
1 207 1728
1 297 1702
1 295 1770
1 210 1715
2 279 1782 4
2 285 1731 3
2 298 1781 3
2 286 1713 4
1 211 1728
0 1416 2
1 281 1768
1 288 1755
1 208 1739
2 275 1768 1
1 269 1706
2 238 1788 1
2 207 1731 3
1 201 1757
1 239 1711
1 290 1752
1 294 1715
1 262 1706
1 202 1717
1 266 1746
2 285 1704 2
1 265 1718
0 107 1
1 294 1719
2 269 1788 2
1 252 1783
1 269 1759
1 234 1720
2 260 1746 1
2 266 1725 1
2 281 1723 4
2 272 1791 4
0 1603 1
1 241 1724
2 286 1737 1
1 298 1797
1 281 1759
1 259 1706
2 247 1725 2
1 281 1764
1 201 1792
1 267 1758
1 282 1731
1 297 1774
1 213 1763
1 263 1756
1 222 1777
1 249 1781
1 218 1785
1 291 1764
2 270 1704 4
1 280 1700
2 292 1738 2
2 254 1766 2
1 243 1746
1 221 1785
0 245 4
1 253 1735
1 271 1794
1 295 1712
1 277 1776
1 280 1709
2 211 1728 2
1 271 1716
1 256 1721
2 207 1737 4
1 297 1766
1 236 1720
2 291 1737 2
2 206 1792 4
1 235 1728
1 299 1754
1 219 1761
2 273 1736 1
2 202 1776 3
1 202 1772
1 293 1728
2 202 1736 2
2 222 1754 3
2 242 1777 1
1 216 1744
2 239 1720 3
2 255 1777 4
2 239 1755 3
1 255 1795
1 226 1721
1 282 1769
2 224 1705 3
1 288 1754
1 217 1749
2 239 1736 4
2 210 1769 1
2 238 1725 1
1 294 1744
2 262 1743 3
2 276 1717 4
0 433 1
2 280 1716 4
1 226 1781
2 229 1780 2
1 292 1743
1 261 1798
2 233 1763 1
1 208 1715
2 220 1709 1
2 252 1770 3
0 1073 4
1 288 1709
1 294 1746
2 282 1796 2
1 280 1704
1 269 1701
2 240 1784 2
1 227 1777
1 229 1718
2 279 1708 4
0 835 4
2 203 1792 3
1 288 1753
2 238 1786 1
1 291 1737
1 227 1789
2 283 1739 2
2 275 1736 3
1 267 1739
2 289 1788 2
2 226 1732 2
0 1064 4
1 218 1700
2 227 1796 1
1 271 1763
1 268 1743
2 232 1737 4
2 257 1768 4
1 292 1796
1 216 1749
2 273 1708 4
2 276 1757 2
1 255 1721
2 258 1766 2
2 204 1749 2
2 272 1788 3
2 242 1741 4
0 1659 4
2 284 1709 3
1 223 1704
1 209 1738
1 295 1700
1 279 1757
1 242 1752
2 246 1719 2
2 211 1738 2
2 205 1737 4
1 270 1745
1 253 1725
2 231 1755 1
1 219 1734
1 253 1726
2 232 1752 4
1 299 1701
1 253 1720
2 244 1777 1
1 235 1749
2 241 1788 1
1 281 1722
1 277 1721
2 216 1751 3
1 236 1742
1 263 1797
2 221 1729 3
2 242 1713 1
2 218 1707 3
2 250 1734 2
1 220 1718
1 231 1771
1 290 1747
1 273 1735
1 296 1771
1 291 1789
2 272 1763 4
0 841 2
1 294 1769
1 294 1717
1 262 1709
1 208 1702
1 224 1709
1 241 1796
1 284 1738
0 246 3
2 266 1798 1
1 298 1716
2 259 1778 4
1 288 1728
1 300 1795
1 239 1799
1 262 1781
2 241 1771 4
1 299 1739
1 236 1718
2 268 1706 1
1 247 1761
1 239 1723
1 218 1728
1 253 1741
2 256 1734 3
1 235 1740
2 249 1726 1
1 234 1762
1 291 1788
1 269 1772
1 290 1751
2 248 1750 4
2 276 1701 2
1 300 1776
2 232 1745 2
1 286 1732
1 294 1795
1 254 1791
2 285 1707 4
1 270 1769
1 215 1709
1 244 1795
2 275 1704 3
2 290 1741 2
2 248 1759 3
2 276 1773 2
1 267 1787
2 271 1723 4
2 287 1748 2
2 284 1714 3
1 287 1744
2 229 1797 2
2 225 1734 1
2 286 1771 3
2 279 1716 2
2 261 1754 3
1 256 1779
2 274 1765 4
2 237 1765 2
1 211 1725
1 257 1728
2 236 1754 3
2 219 1726 1
2 299 1794 3
2 293 1760 4
1 204 1768
1 240 1741
2 246 1705 4
1 273 1724
1 273 1726
1 239 1702
2 209 1796 2
2 235 1798 3
1 270 1763
1 240 1761
1 227 1736
2 276 1775 2
1 262 1737
0 449 4
2 217 1762 4
1 285 1755
2 222 1741 4
1 278 1780
2 242 1708 1
1 216 1727
2 242 1784 4
2 258 1740 1
2 294 1758 2
2 228 1701 1
2 275 1766 2
1 271 1737
2 285 1790 3
2 286 1799 1
2 206 1787 2
2 208 1722 1
2 291 1765 4
2 286 1765 3
1 299 1713
2 222 1775 2
2 255 1730 1
2 294 1731 3
1 239 1799
1 219 1709
2 240 1743 1
2 279 1785 4
2 275 1779 4
2 289 1758 3
2 203 1778 1
1 257 1790
2 209 1738 2
1 205 1714
2 243 1739 2
2 244 1721 4
1 264 1708
2 216 1743 2
1 212 1740
2 239 1729 1
1 208 1715
1 202 1710
1 242 1709
1 213 1744
2 294 1727 3
0 1544 2
1 252 1724
1 233 1738
1 204 1770
2 293 1748 2
0 571 4
1 208 1705
2 241 1716 3
1 208 1761
2 272 1728 3
1 215 1776
2 290 1733 4
2 233 1729 4
1 223 1716
2 254 1794 4
2 287 1712 2
0 318 2
1 289 1747
1 267 1766
2 220 1768 3
2 277 1701 3
1 254 1792
1 217 1777
2 208 1736 1
2 294 1769 2
1 277 1785
2 218 1765 1
2 293 1735 3
1 294 1735
1 201 1787
2 252 1723 4
1 278 1710
1 286 1727
1 245 1738
1 205 1753
2 209 1742 3
2 265 1725 3
2 282 1781 4
2 292 1767 4
2 292 1738 3
1 270 1708
0 180 2
1 215 1704
2 237 1732 1
2 210 1726 2
2 270 1783 4
2 286 1797 3
0 682 4
2 267 1712 4
2 246 1735 3
2 248 1784 1
2 258 1794 2
1 281 1759
2 276 1779 3
0 999 3
2 290 1768 1
1 211 1781
2 260 1772 2
0 1480 1
0 1397 2
2 231 1706 3
1 255 1727
2 295 1745 2
2 230 1728 1
2 242 1778 1
1 234 1714
1 230 1738
2 209 1717 3
2 279 1720 2
2 239 1730 4
1 296 1733
1 210 1742
1 235 1746
2 259 1706 4
0 467 4
2 295 1762 3
2 298 1748 4
2 293 1707 2
2 214 1703 3
1 229 1790
2 245 1759 3
1 221 1706
2 263 1785 4
2 295 1794 2
2 214 1706 1
2 296 1737 2
1 210 1751
2 225 1788 3
2 228 1766 1
2 228 1722 2
1 243 1799
1 259 1723
1 236 1769
2 296 1762 4
1 228 1770
2 212 1745 1
1 294 1778
2 229 1756 1
2 272 1729 1
1 232 1759
1 241 1713
1 249 1760
2 297 1787 3
2 232 1712 1
1 249 1743
1 251 1717
2 294 1700 1
2 232 1724 1
1 227 1733
2 202 1776 4
0 1381 4
1 260 1736
1 230 1711
0 614 4
1 267 1720
1 238 1797
2 293 1776 1
1 224 1746
1 296 1702
2 209 1788 2
0 782 3
2 229 1743 2
2 224 1730 4
1 206 1715
2 246 1759 2
1 201 1731
2 234 1714 1
2 233 1743 3
2 283 1798 3
1 261 1728
1 238 1756
1 234 1704
1 204 1757
2 280 1765 1
1 231 1738
1 259 1773
1 292 1756
2 228 1780 1
2 294 1764 1
2 283 1732 4
2 247 1713 2
1 238 1749
1 279 1743
1 204 1757
0 1812 2
2 296 1783 4
2 207 1731 2
2 299 1774 2
1 213 1781
2 297 1760 3
1 247 1756
1 212 1719
2 259 1752 3
1 274 1772
2 255 1703 1
1 242 1758
2 226 1786 1
2 296 1796 3
2 268 1712 1
1 242 1774
2 261 1799 4
1 293 1706
2 218 1796 4
1 240 1788
1 229 1721
2 251 1707 1
1 224 1746
1 248 1753
1 262 1795
2 272 1713 2
1 257 1771
1 252 1780
2 267 1782 3
2 288 1778 1
0 300 1
2 202 1771 3
1 269 1731
2 297 1737 1
2 219 1774 4
1 275 1715
1 250 1785
1 204 1767
2 238 1785 4
1 220 1709
1 284 1781
2 253 1713 2
2 238 1702 1
1 228 1751
1 283 1728
2 294 1722 3
2 285 1756 4
2 294 1707 3
2 300 1709 2
1 250 1725
2 274 1730 3
1 234 1761
1 253 1736
2 250 1711 2
2 221 1793 4
2 222 1741 2
1 283 1761
2 224 1793 3
1 257 1754
1 224 1781
1 298 1763
1 207 1789
1 252 1719
2 244 1758 2
1 250 1794
1 286 1772
2 205 1743 2
2 256 1797 3
1 299 1720
2 290 1741 3
1 211 1767
2 297 1749 1
1 230 1727
1 278 1746
2 271 1714 1
1 298 1748
0 436 2
2 217 1783 1
2 226 1761 1
2 245 1743 3
1 259 1711
1 287 1791
2 229 1720 4
2 281 1754 1
2 227 1780 2
1 248 1714
1 207 1715
1 270 1790
1 222 1754
1 217 1739
2 236 1709 2
2 206 1713 1
1 244 1722
1 288 1744
2 254 1799 3
2 289 1784 1
2 241 1700 2
1 255 1795
1 286 1700
1 214 1787
2 284 1748 2
1 234 1799
1 284 1742
1 211 1731
2 242 1767 2
1 300 1798
1 284 1743
2 241 1712 1
2 221 1764 4
1 298 1722
1 235 1746
1 279 1713
1 235 1724
2 213 1715 1
1 205 1777
1 214 1737
1 285 1739
0 54 2
2 251 1762 2
2 232 1702 2
1 258 1700
1 299 1714
1 285 1707
2 297 1744 1
1 243 1771
2 243 1762 3
1 254 1706
1 247 1790
1 255 1734
2 207 1790 1
2 276 1763 2
2 219 1786 4
1 297 1790
2 231 1709 3
2 287 1776 3
0 737 2
2 294 1750 4
1 278 1714
2 291 1714 2
1 269 1793
1 209 1758
2 237 1719 1
2 285 1752 1
1 205 1799
1 265 1788
2 251 1795 4
1 242 1729
1 207 1711
1 208 1733
2 279 1700 3
1 292 1709
2 259 1703 2
1 268 1792
1 247 1737
2 240 1773 4
2 215 1749 3
1 277 1777
2 202 1787 1
2 258 1729 3
2 245 1738 1
2 244 1743 2
1 240 1791
1 253 1720
1 220 1792
1 248 1722
1 214 1790
2 243 1760 1
1 202 1765
1 259 1763
2 298 1795 3
1 206 1761
2 266 1783 2
2 224 1772 4
1 283 1759
2 289 1780 2
2 260 1748 4
2 265 1761 1
2 260 1798 3
1 260 1785
2 296 1777 2
1 278 1747
2 292 1761 3
1 256 1712
1 223 1760
2 249 1795 3
1 242 1727
2 275 1723 2
2 242 1754 3
2 275 1747 3
1 225 1733
2 245 1759 3
1 277 1772
1 219 1708
2 266 1708 4
1 201 1782
0 1944 1
2 206 1742 3
1 276 1753
2 290 1753 2
2 253 1798 3
1 285 1750
1 206 1753
2 271 1763 4
1 224 1767
1 297 1789
1 293 1749
1 296 1747
1 216 1763
1 261 1715
2 235 1749 3
1 237 1715
2 218 1717 3
2 289 1774 2
1 251 1717
2 294 1761 3
2 296 1719 3
1 221 1754
2 266 1703 2
2 233 1710 4
1 218 1770
2 280 1786 1
2 246 1738 4
1 264 1786
2 255 1723 2
2 230 1735 3
1 243 1701
2 256 1712 2
2 265 1737 3
2 266 1719 2
1 241 1702
2 265 1705 1
1 216 1799
1 207 1797
0 834 4
2 216 1754 4
2 249 1780 4
2 222 1707 2
0 1510 1
1 259 1777
0 1998 4
1 221 1779
2 285 1787 4
2 286 1758 4
2 209 1755 2
1 280 1791
1 260 1793
2 276 1773 1
2 275 1715 1
2 246 1718 3
1 269 1761
0 794 1
2 298 1782 4
1 244 1766
1 280 1763
1 234 1745
1 253 1795
2 289 1729 3
2 277 1798 4
1 232 1719
1 261 1785
2 258 1709 3
1 248 1757
1 271 1768
2 220 1718 3
1 273 1736
1 203 1771
2 299 1752 2
2 223 1713 3
2 245 1716 4
1 286 1735
2 238 1746 1
2 256 1733 3
0 1657 3
2 243 1723 3
1 285 1776
1 213 1749
2 212 1749 4
1 221 1798
1 299 1707
2 285 1754 4
2 244 1741 4
1 217 1727
1 242 1716
1 216 1723
2 299 1760 4
2 298 1753 2
1 218 1712
1 231 1757
0 390 2
2 274 1722 3
1 286 1777
2 280 1714 2
1 236 1716
1 297 1751
1 253 1778
2 283 1763 1
2 237 1707 2
0 199 1
1 212 1723
1 222 1797
0 703 1
2 273 1742 3
2 255 1740 1
2 292 1739 3
1 268 1766
2 237 1700 4
1 277 1743
1 204 1713
1 216 1757
2 267 1743 3
2 299 1773 1
2 266 1791 1
2 215 1745 1
2 239 1793 2
2 250 1720 4
2 239 1782 2
2 292 1730 4
2 266 1737 2
2 271 1752 2
1 209 1784
2 267 1710 4
2 242 1740 4
1 215 1733
2 271 1731 4
1 251 1755
0 279 3
1 214 1776
1 228 1726
1 274 1765
1 288 1782
1 254 1773
2 296 1786 3
1 260 1794
1 234 1776
1 280 1780
2 294 1714 2
2 245 1792 4
0 100 4
1 216 1747
1 254 1742
2 260 1742 3
2 266 1713 4
1 214 1764
2 202 1731 2
2 232 1721 3
2 244 1725 1
1 212 1714
1 272 1742
1 275 1761
2 259 1704 3
2 232 1796 1
1 291 1719
2 206 1797 3
2 258 1738 1
1 257 1786
2 293 1717 4
1 259 1725
2 295 1716 1
1 215 1753
1 226 1744
2 268 1707 4
1 281 1781
0 1949 1
1 292 1733
2 209 1773 2
2 219 1779 4
1 257 1752
1 235 1739
2 209 1721 3
1 225 1723
2 291 1710 1
1 202 1797
1 224 1760
1 228 1762
2 217 1772 2
1 300 1785
2 245 1763 2
1 277 1741
2 247 1762 4
2 217 1711 3
2 234 1784 1
2 263 1783 1
2 243 1715 1
2 297 1773 3
2 276 1783 2
2 260 1744 2
2 255 1756 1
2 223 1778 2
2 218 1706 2
1 276 1725
0 502 3
2 296 1773 1
2 289 1770 1
1 294 1791
2 223 1723 2
1 204 1709
2 290 1746 4
2 223 1797 3
1 255 1770
2 239 1725 3
2 235 1727 1
1 204 1792
1 234 1762
1 280 1738
1 260 1738
1 277 1727
1 293 1727
2 297 1788 4
1 230 1783
2 257 1741 2
1 297 1775
2 227 1793 4
1 275 1708
1 239 1735
1 278 1746
1 205 1776
1 226 1788
2 225 1750 4
1 247 1771
2 205 1758 2
2 280 1797 4
2 233 1787 4
1 248 1794
1 270 1740
2 240 1771 1
1 279 1759
2 249 1755 2
2 211 1701 1
2 216 1735 3
1 280 1706
2 206 1763 2
2 288 1767 3
1 265 1781
2 233 1791 1
2 279 1761 2
1 270 1755
2 270 1750 3
1 259 1756
1 204 1709
1 227 1796
2 201 1731 4
2 297 1733 3
2 253 1799 2
1 287 1731
2 280 1775 1
1 259 1774
2 213 1765 1
1 263 1729
0 1236 3
1 265 1749
1 246 1732
2 288 1782 2
2 289 1726 4
1 238 1711
2 287 1769 2
2 222 1780 2
0 1021 4
0 1894 1
1 300 1763
2 251 1742 2
2 235 1750 3
2 271 1780 2
2 254 1782 2
1 206 1746
0 563 1
1 273 1765
0 1051 2
0 1853 4
2 262 1755 4
2 286 1760 3
2 269 1745 3
2 300 1779 4
2 293 1783 3
1 217 1740
1 284 1700
1 258 1729
1 243 1719
2 207 1704 3
1 253 1781
2 286 1771 3
1 202 1750
2 286 1773 2
1 242 1761
1 297 1766
2 269 1726 4
2 297 1718 2
2 285 1776 4
2 250 1757 3
1 288 1759
1 224 1711
1 284 1799
1 207 1761
2 221 1733 3
1 224 1770
2 257 1729 4
1 284 1711
2 247 1709 4
2 220 1758 2
2 255 1741 3
2 292 1758 2
1 233 1724
2 239 1741 1
2 214 1715 2
0 286 3
2 237 1718 3
2 249 1722 4
2 274 1762 4
1 218 1766
2 277 1770 4
2 243 1732 1
1 217 1765
1 258 1759
2 224 1758 4
2 240 1700 4
1 264 1754
1 202 1775
2 290 1764 1
2 246 1729 4
1 293 1747
1 274 1759
1 269 1729
1 231 1743
2 215 1719 3
1 225 1791
1 268 1782
1 291 1700
1 271 1709
1 201 1735
1 285 1717
2 207 1731 1
2 237 1733 1
2 239 1734 1
1 247 1740
1 272 1743
1 258 1733
0 671 2
2 249 1725 3
1 230 1763
1 217 1741
2 202 1738 4
2 275 1717 4
1 225 1799
0 1338 1
1 225 1735
2 296 1774 2
1 289 1705
2 207 1724 4
1 285 1780
1 296 1741
1 246 1725
1 257 1779
1 267 1777
1 254 1728
1 290 1774
1 229 1760
2 295 1709 1
2 218 1707 3
2 249 1743 3
2 244 1760 2
1 228 1730
1 234 1768
1 236 1773
1 281 1783
1 218 1792
2 246 1733 2
2 283 1793 4
2 216 1704 4
1 272 1707
1 218 1787
1 268 1778
1 223 1771
1 230 1775
2 254 1748 3
1 265 1716
1 245 1711
1 214 1797
1 203 1746
1 259 1724
1 239 1776
0 702 2
1 224 1712
2 227 1769 2
2 236 1756 4
2 203 1799 4
1 210 1769
1 223 1763
1 216 1747
0 1783 2
1 256 1739
2 224 1757 4
2 244 1752 1
2 269 1711 3
2 280 1792 2
2 248 1753 4
1 245 1757
1 237 1746
1 289 1776
1 252 1709
2 247 1737 4
1 279 1714
1 282 1722
2 249 1729 3
2 230 1773 3
2 273 1747 3
2 268 1771 2
1 260 1717
2 287 1780 4
2 267 1767 2
1 204 1738
1 242 1749
2 273 1738 3
2 266 1754 1
1 229 1729
1 297 1795
1 300 1789
1 253 1764
1 245 1769
2 262 1704 4
1 284 1789
1 273 1704
2 215 1747 1
1 213 1778
2 276 1709 2
2 268 1717 4
2 294 1749 4
2 275 1715 2
1 261 1794
1 293 1775
2 217 1739 2
2 210 1776 4
2 226 1743 1
1 256 1792
1 292 1739
1 237 1780
1 280 1774
2 210 1798 4
1 208 1774
2 284 1730 1
2 264 1775 3
1 252 1702
2 212 1732 2
1 280 1744
1 262 1767
2 261 1760 3
2 249 1751 1
2 266 1778 2
1 242 1785
1 263 1745
1 255 1741
2 285 1711 3
1 257 1719
2 238 1770 2
2 205 1798 1
1 288 1763
1 283 1771
1 273 1706
2 280 1716 4
1 298 1703
1 202 1746
1 204 1727
2 233 1746 1
2 258 1734 1
2 268 1733 3
1 227 1771
2 245 1796 2
2 204 1789 1
1 211 1772
2 294 1712 4
0 566 4
2 219 1718 3
1 259 1761
2 265 1742 1
2 223 1743 4
1 299 1756
1 242 1780
1 263 1788
2 294 1794 2
2 261 1701 4
1 295 1715
1 201 1744
2 224 1749 1
2 211 1782 1
2 211 1704 4
2 290 1728 4
2 224 1762 2
1 208 1765
2 278 1787 2
2 297 1737 2
1 252 1767
1 239 1754
2 295 1773 3
2 229 1794 2
2 213 1798 4
1 293 1746
2 243 1732 2
1 256 1757
2 204 1784 4
1 266 1750
2 270 1768 3
2 269 1747 3
1 282 1704
1 230 1768
2 260 1747 2
2 239 1745 1
1 257 1728
1 204 1788
1 220 1792
1 300 1711
1 246 1764
2 233 1723 4
1 268 1700
2 268 1787 3
2 294 1722 3
2 232 1710 3
2 300 1710 3
1 213 1712
1 204 1708
1 230 1772
1 253 1703
2 284 1702 3
0 103 2
1 225 1718
2 224 1767 4
1 270 1717
2 238 1700 4
1 255 1747
1 251 1767
1 294 1728
1 291 1795
1 206 1780
1 229 1771
1 269 1714
1 285 1748
1 238 1784
1 282 1725
1 251 1753
1 228 1766
2 262 1781 3
2 264 1738 3
1 295 1728
2 203 1753 1
2 254 1739 3
1 236 1783
2 236 1707 3
1 271 1763
1 247 1755
1 283 1784
1 227 1798
2 207 1719 2
1 292 1785
1 258 1799
2 223 1714 3
2 269 1725 1
2 236 1761 3
2 273 1707 1
1 220 1718
1 292 1754
2 215 1714 4
2 283 1713 4
1 294 1714
1 209 1711
1 226 1703
1 232 1785
2 271 1762 3
2 299 1748 1
2 254 1794 2
2 263 1744 2
2 219 1727 3
2 239 1778 2
2 244 1734 3
2 238 1700 4
1 255 1775
1 267 1770
2 257 1781 4
2 211 1738 1
1 223 1750
2 227 1751 3
2 239 1724 1
2 240 1778 1
1 267 1718
0 1548 4
2 252 1789 2
1 210 1796
1 241 1776
2 255 1730 3
2 300 1751 3
1 259 1783
1 274 1768
1 284 1708
2 211 1712 1
1 295 1720
2 210 1742 2
2 278 1776 1
1 236 1750
1 210 1756
2 266 1709 4
1 239 1795
0 213 4
1 210 1779
2 263 1771 1
2 243 1759 2
1 243 1779
1 247 1735
2 272 1756 3
2 246 1711 2
2 255 1795 2
1 258 1714
1 251 1767
1 244 1787
2 284 1760 1
2 284 1790 4
0 1246 1
2 236 1751 4
2 231 1745 2
2 244 1781 1
2 224 1727 4
0 1687 1
1 203 1760
1 277 1775
1 238 1764
2 217 1709 4
2 222 1724 1
2 266 1752 3
1 232 1770
1 206 1737
1 224 1729
2 283 1703 1
2 273 1784 4
2 256 1725 2
2 230 1717 4
1 238 1798
1 205 1726
2 298 1704 2
1 263 1770
1 219 1726
2 210 1737 1
1 283 1724
1 244 1753
1 269 1715
2 273 1713 3
2 252 1795 2
2 277 1701 1
2 269 1715 2
1 217 1785
2 297 1726 1
2 297 1758 4
1 290 1779
1 249 1748
2 272 1774 1
1 255 1790
1 239 1708
1 254 1751
1 255 1722
2 298 1743 2
2 263 1763 2
2 240 1714 2
1 221 1739
1 282 1717
2 290 1715 4
2 263 1767 1
1 264 1776
2 241 1707 4
1 220 1750
1 277 1754
1 257 1796
2 299 1791 3
2 224 1794 4
2 218 1756 4
2 291 1783 2
2 245 1763 1
2 234 1759 2
1 236 1771
2 238 1765 2
2 223 1736 4
2 269 1717 1
2 291 1772 3
1 207 1794
2 235 1729 4
1 300 1769
1 204 1760
1 289 1735
1 249 1741
2 288 1735 2
1 253 1729
1 267 1795
2 250 1722 2
2 260 1767 4
2 227 1762 3
1 256 1709
2 283 1764 2
1 247 1761
2 204 1785 4
2 226 1725 1
2 264 1750 1
2 235 1752 3
1 245 1707
2 270 1724 4
0 1482 4
1 214 1733
1 207 1790
2 260 1715 3
2 204 1793 4
2 297 1716 3
1 236 1787
1 270 1734
2 274 1708 1
2 216 1781 4
1 298 1788
1 275 1736
2 208 1729 2
2 259 1763 4
1 277 1700
2 242 1788 1
2 236 1736 3
1 237 1716
2 289 1760 2
2 241 1731 4
0 986 2
1 225 1702
1 204 1705
1 266 1745
2 203 1785 2
2 227 1736 1
2 280 1748 4
1 243 1719
2 291 1701 3
1 254 1748
2 245 1750 2
2 273 1710 3
2 230 1759 1
1 228 1755
2 237 1726 3
2 257 1748 4
1 232 1777
1 203 1723
2 270 1711 2
1 203 1789
1 275 1739
2 243 1744 2
1 229 1727
1 227 1701
1 202 1712
2 298 1747 4
1 279 1744
2 231 1793 4
1 266 1778
2 265 1759 2
1 211 1711
1 221 1711
1 265 1796
1 223 1783
2 287 1774 1
1 203 1779
1 289 1717
1 275 1799
1 223 1745
2 251 1783 3
1 203 1762
1 202 1750
1 203 1734
2 244 1789 1
1 259 1715
2 207 1713 4
2 291 1727 3
2 254 1718 3
1 214 1748
1 205 1714
1 265 1795
1 254 1715
2 273 1778 1
2 258 1711 2
2 241 1776 2
2 277 1768 1
1 214 1746
1 294 1767
1 215 1700
1 213 1765
1 253 1787
2 210 1749 1
2 236 1737 2
2 218 1788 4
1 207 1754
1 251 1706
2 243 1755 2
2 203 1774 4
2 208 1793 4
1 252 1729
2 229 1758 4
1 216 1755
1 259 1715
1 284 1761
2 236 1769 3
2 281 1778 2
1 205 1753
1 205 1754
2 245 1750 3
1 233 1790
2 230 1738 2
2 247 1767 4
1 240 1719
2 288 1729 2
1 261 1778
2 290 1736 1
2 206 1784 2
2 300 1762 4
1 259 1788
1 247 1756
2 232 1744 4
2 291 1747 4
2 262 1739 4
1 235 1766
2 202 1721 4
2 201 1784 2
1 262 1747
1 224 1735
1 251 1789
0 979 4
0 822 3
2 284 1766 4
1 273 1731
1 265 1754
1 251 1753
2 245 1744 4
2 286 1798 1
2 207 1712 4
2 265 1766 4
1 226 1775
2 201 1761 4
1 218 1775
2 216 1755 1
1 271 1732
2 275 1712 3
1 217 1755
1 263 1714
1 222 1797
1 205 1726
1 253 1788
1 225 1740
1 266 1754
1 227 1708
2 214 1728 3
1 291 1715
1 219 1777
2 267 1781 4
1 267 1796
2 299 1732 2
0 1431 1
2 235 1778 2
1 288 1706
2 249 1775 1
2 201 1755 4
2 296 1791 2
1 293 1778
1 208 1728
1 262 1708
1 252 1776
1 257 1719
1 266 1776
2 229 1764 2
0 1683 1
1 290 1707
2 277 1738 3
0 1661 1
1 281 1779
1 230 1731
1 263 1765
1 271 1717
1 261 1735
1 300 1763
0 834 2
2 255 1771 4
2 211 1731 2
2 226 1793 3
1 249 1709
2 245 1700 4
2 265 1762 3
1 212 1785
2 294 1770 4
1 286 1735
1 277 1784
1 285 1752
1 248 1744
2 282 1762 4
1 260 1775
2 254 1798 2
2 230 1784 2
2 233 1716 4
1 240 1721
2 242 1796 3
1 271 1750
2 225 1721 4
2 230 1760 3
1 239 1784
1 242 1714
1 212 1733
2 284 1769 2
1 283 1768
2 291 1787 1
1 249 1786
1 298 1735
1 294 1792
2 219 1761 1
1 284 1754
1 260 1716
1 238 1739
2 224 1716 2
2 214 1713 1
1 235 1799
2 240 1742 1
2 286 1707 3
1 236 1716
2 300 1738 3
2 201 1720 2
1 286 1754
0 1837 2
1 300 1798
2 296 1780 1
1 256 1739
2 253 1799 4
2 299 1724 2
1 291 1756
1 258 1780
1 250 1709
2 299 1732 3
2 281 1720 2
1 220 1761
1 300 1729
1 211 1744
2 266 1781 1
1 265 1790
1 245 1749
1 202 1755
2 242 1789 1
2 284 1701 1
2 271 1745 4
1 246 1790
0 33 2
2 219 1767 2
1 262 1767
2 218 1754 2
2 206 1766 2
0 971 1
2 209 1772 4
2 276 1794 3
1 255 1781
1 225 1720
2 255 1728 3
1 268 1790
2 273 1747 3
1 298 1729
1 268 1758
1 269 1734
0 656 4
2 284 1762 1
1 263 1717
1 293 1764
1 235 1779
1 289 1775
1 234 1796
1 223 1717
2 266 1769 1
1 223 1713
2 239 1768 2
0 363 4
2 220 1748 2
1 277 1731
2 299 1712 4
2 240 1747 3
2 282 1757 3
1 201 1765
1 281 1709
2 300 1731 2
2 256 1755 1
1 201 1780
1 250 1752
2 300 1751 1
2 233 1759 1
1 298 1766
2 223 1754 1
0 251 3
2 300 1749 3
2 205 1768 2
2 283 1760 4
1 277 1756
1 274 1783
1 287 1733
0 844 1
2 299 1728 2
1 210 1779
1 228 1758
1 224 1771
1 298 1700
2 224 1789 4
1 294 1709
1 235 1733
2 214 1777 2
2 289 1777 2
1 284 1733
2 295 1753 1
1 290 1701
2 267 1739 4
2 266 1794 3
1 297 1781
2 245 1773 4
1 224 1730
2 219 1730 1
2 262 1784 2
1 295 1762
1 231 1750
1 202 1705
2 204 1707 4
2 207 1786 2
2 256 1738 4
0 678 1
1 223 1797
1 297 1750
2 213 1776 3
2 209 1779 2
1 299 1750
2 298 1733 4
1 293 1768
2 296 1705 3
2 252 1718 3
1 276 1754
0 1434 1
2 268 1702 2
2 232 1700 3
2 288 1740 3
2 230 1740 1
2 267 1731 4
2 250 1703 3
1 297 1782
2 269 1751 2
2 275 1711 1
1 269 1774
1 245 1778
1 212 1777
1 201 1757
0 1426 3
1 221 1701
1 281 1794
1 226 1785
1 205 1707
2 239 1794 3
2 272 1719 1
1 227 1713
1 234 1748
2 277 1707 4
2 297 1772 4
1 228 1779
2 228 1762 3
2 204 1762 4
1 236 1778
1 279 1719
2 212 1770 2
1 209 1769
2 233 1758 3
1 264 1781
2 285 1790 3
2 286 1791 1
1 286 1721
1 272 1794
2 297 1727 2
1 288 1729
2 285 1797 4
2 289 1747 2
1 296 1701
2 219 1726 2
1 274 1784
1 284 1789
2 226 1703 4
1 219 1740
2 262 1732 4
1 239 1773
2 283 1723 1
1 258 1719
2 279 1738 1
2 274 1701 2
1 220 1754
1 290 1783
0 1240 2
2 233 1721 2
1 263 1712
1 239 1769
1 291 1700
1 208 1746
1 257 1714
1 249 1706
1 263 1793
2 236 1780 4
2 300 1791 4
2 215 1787 4
1 228 1707
2 300 1701 4
2 293 1747 2
2 289 1706 2
1 215 1703
1 247 1741
2 246 1731 2
2 248 1778 2
0 1908 3
2 247 1760 1
1 221 1768
1 292 1774
1 300 1783
1 257 1722
1 237 1791
1 210 1767
2 289 1755 1
1 228 1750
2 269 1725 2
1 256 1733
1 214 1737
2 219 1771 2
2 242 1776 1
2 241 1768 4
1 283 1717
2 245 1747 2
1 269 1766
2 295 1780 3
1 234 1717
1 237 1774
1 213 1775
1 297 1797
1 259 1794
1 259 1788
1 251 1729
2 254 1772 4
1 298 1781
2 278 1718 2
1 214 1728
1 287 1725
1 242 1790
1 263 1751
2 249 1707 1
2 218 1770 1
0 639 3
1 251 1752
1 240 1794
2 269 1785 2
2 295 1732 2
2 240 1736 1
1 245 1700
2 281 1782 1
2 287 1725 2
1 216 1741
2 231 1717 4
1 271 1737
1 229 1738
1 297 1723
2 259 1728 4
1 223 1701
2 259 1771 2
2 239 1739 2
2 294 1704 1
2 233 1774 1
2 222 1751 1
1 221 1708
