13 5 48
127 1 1 2 2 0 1 3 4 2 0 3 3 3 3 3 3 1 1 4 1 2 3 4 2 2 2 4 1 3 3 2 1 0 3 2 0 1 1 2 3 2 3 0 4 3 2 2 2 1 1 0 3 2 1 1 0 4 3 1 2 1 1 3 2 0 4 2 3 3 1 2 0 0 3 1 4 2 2 3 0 1 2 4 0 0 4 3 2 0 3 0 1 0 3 2 4 4 3 1 2 3 1 4 2 3 0 1 1 4 2 4 2 2 2 3 2 3 0 4 4 4 4 0 4 4 4 3
170 1 3 0 2 1 2 2 4 3 4 2 0 4 2 0 0 4 1 3 2 3 1 3 3 0 3 2 1 1 3 0 0 0 4 0 4 1 0 0 4 2 2 2 2 0 3 0 3 2 1 1 0 2 4 1 1 2 1 1 4 4 1 2 3 0 0 4 1 2 0 2 2 0 1 4 2 1 4 4 1 4 3 0 1 0 0 3 2 3 3 0 3 3 1 3 0 1 3 2 3 3 2 3 3 1 2 2 1 2 0 4 0 1 3 3 0 0 0 0 4 0 2 4 1 1 3 2 3 0 2 3 2 4 0 1 4 0 1 4 1 1 2 3 1 1 1 3 1 2 3 1 4 0 2 1 3 3 1 2 4 0 3 2 3 2 3 4 1 4 1
2 0 3 5
5 0 1 4 4 3 16
1 0 32
3 3 4 3 3
2 2 2 24
14 3 3 4 0 3 1 2 0 4 4 1 0 2 0 40
9 3 4 0 1 0 4 4 0 4 23
10 0 1 3 3 1 1 4 2 2 2 9
12 4 0 4 0 2 0 0 2 2 2 0 0 19
11 3 4 1 2 1 3 2 0 0 3 4 36
1 1 33
1 3 34
7 1 3 4 1 0 1 1 32
