8 16 74
27 7 0 8 2 0 7 15 9 7 13 1 2 6 2 6 0 3 5 7 11 6 3 14 5 8 11 12
174 13 4 10 4 3 1 2 14 11 4 15 12 7 0 2 8 5 3 7 0 11 4 7 6 3 10 15 7 9 14 0 11 3 1 8 13 0 0 2 12 4 7 9 0 3 4 3 0 12 14 12 4 8 6 15 7 2 12 13 15 9 5 7 0 4 11 14 14 6 6 14 2 3 10 5 14 1 1 10 4 2 10 12 4 1 1 9 4 10 1 1 6 0 8 9 4 9 11 4 15 12 9 15 8 15 4 12 14 10 13 1 10 0 15 1 7 14 15 12 7 4 2 3 1 5 0 15 15 10 8 2 7 11 4 13 8 0 13 4 8 5 2 15 11 13 6 2 7 8 7 0 6 8 6 11 11 0 4 15 8 14 10 0 0 11 12 1 8 0 14 6 4 11 7
20 15 2 5 7 10 7 2 13 9 13 6 2 11 10 12 2 9 14 9 6 25
6 11 1 2 4 14 11 2
25 5 0 14 6 6 9 9 2 7 11 10 11 8 14 8 11 1 1 8 1 14 12 0 11 8 8
13 7 5 9 0 6 3 3 15 2 1 14 12 2 23
6 15 12 6 8 11 10 27
13 14 0 0 10 8 12 11 9 15 15 12 9 1 36
18 13 12 14 13 15 11 14 15 10 2 5 8 9 12 0 15 15 2 3
10 9 15 14 13 1 2 4 10 4 4 20
