16 7 59
149 1 6 2 2 3 4 4 4 0 6 4 3 2 1 6 4 0 4 1 3 5 3 5 1 3 4 2 4 6 0 5 2 1 6 1 6 4 5 6 4 2 3 5 4 4 1 4 1 5 3 5 5 5 3 5 6 0 2 6 2 3 3 6 1 3 2 4 4 0 2 1 3 4 6 3 5 2 3 5 4 5 6 4 0 3 4 0 1 3 2 5 2 1 4 3 0 6 0 2 0 2 2 3 4 4 4 3 6 1 3 0 2 3 2 0 0 3 1 5 6 4 6 4 6 3 0 0 6 6 2 5 6 1 0 4 6 3 0 5 2 0 0 5 0 6 3 2 3 1
175 3 4 3 4 6 1 4 1 1 6 5 6 4 6 1 0 3 3 4 6 2 0 2 0 6 1 5 4 1 2 4 4 6 6 0 4 6 2 4 3 6 1 6 3 4 2 6 5 6 1 5 6 3 5 1 6 4 1 5 2 6 0 5 2 0 3 5 3 0 2 2 0 0 3 6 6 2 4 1 3 2 2 4 4 5 3 2 2 4 2 0 2 0 5 2 5 6 1 4 4 2 5 6 5 2 3 6 6 2 2 3 4 0 5 0 1 5 1 5 5 1 1 0 5 2 1 1 5 3 4 6 3 0 2 5 3 0 6 2 0 2 1 6 5 0 2 0 4 5 4 1 0 5 6 2 1 6 3 4 3 2 4 5 6 6 0 0 2 1 5 4 6 0 0 6
8 5 3 0 1 0 4 3 3 15
10 5 1 5 5 2 0 6 2 1 1 29
3 1 1 3 13
6 1 0 5 4 5 1 40
6 2 4 5 0 3 0 18
5 4 4 3 1 5 39
6 0 3 2 3 0 2 29
4 2 5 1 5 13
5 2 0 4 6 1 8
5 2 1 6 3 4 7
5 1 2 1 6 1 10
2 1 4 37
12 2 4 0 5 5 2 3 2 6 1 3 0 5
12 1 2 6 5 2 2 4 6 3 4 3 1 1
7 3 5 4 4 4 4 4 31
12 6 5 1 4 1 5 2 1 6 2 1 3 23
