19 17 145
49 2 13 2 7 7 7 6 7 5 12 0 7 11 12 10 11 16 10 14 8 8 8 3 12 6 12 12 7 3 0 16 8 10 6 11 0 11 4 5 1 9 15 16 1 0 9 8 0 12
153 15 0 8 6 12 0 7 13 3 5 10 13 2 12 12 11 3 16 15 14 11 14 1 8 6 14 6 15 6 0 9 9 8 3 4 15 3 4 14 4 15 4 2 5 11 4 9 2 7 4 12 14 9 6 10 12 5 5 16 9 5 2 1 13 12 14 14 1 16 15 10 6 12 4 3 0 0 13 6 2 13 5 5 2 16 14 10 12 4 15 8 10 5 9 6 3 16 3 9 14 14 11 5 9 3 14 16 5 5 1 8 5 0 16 9 16 0 3 9 12 16 4 16 8 8 0 9 11 3 15 5 12 4 13 6 15 12 13 12 3 2 11 2 4 2 6 16 16 0 4 12 14 0
6 0 1 15 6 5 5 15
5 6 11 1 13 16 25
5 14 16 1 3 16 40
8 8 15 13 6 0 4 9 2 22
3 9 4 14 10
7 10 2 7 15 3 7 0 33
1 0 30
6 5 1 4 11 3 3 34
9 16 8 12 2 15 3 16 8 15 19
7 11 2 16 5 16 3 13 14
9 13 1 0 14 13 1 11 2 13 25
5 0 15 1 10 2 16
7 15 0 7 7 1 11 3 30
8 11 10 13 14 13 3 5 5 20
2 16 12 22
9 10 3 10 5 13 2 10 15 1 34
5 11 12 15 4 7 16
2 6 6 19
9 11 2 0 16 6 14 2 5 15 1
