11 4 175
100 3 2 1 1 3 2 0 1 3 1 0 3 1 3 1 0 1 0 3 2 1 0 2 1 0 2 0 3 1 0 1 0 1 3 2 0 2 3 1 1 1 1 3 3 2 3 3 2 2 0 3 0 2 1 1 3 2 3 0 2 0 1 2 2 3 0 3 2 2 1 3 3 1 3 1 3 2 3 2 2 3 0 0 3 3 2 1 1 2 1 2 1 3 1 3 1 1 1 2 1
106 2 3 2 0 0 2 1 3 0 3 0 2 2 1 2 0 0 2 2 1 3 1 1 2 2 2 0 3 3 1 0 1 3 3 3 2 1 0 3 2 2 2 1 0 3 0 2 3 2 2 0 1 2 0 0 1 2 2 3 0 3 0 3 3 1 1 3 2 3 0 1 0 2 0 3 1 1 0 0 0 2 0 1 3 2 3 0 0 1 2 3 1 0 3 3 1 0 1 3 0 0 3 0 1 2 3
2 0 0 2
6 3 2 0 0 1 3 17
7 0 2 1 2 0 3 2 2
4 3 1 0 0 1
17 2 1 1 0 1 0 1 3 3 1 1 1 2 2 1 2 1 24
17 1 2 3 3 2 1 2 2 1 0 1 0 0 1 2 0 0 18
13 0 0 2 1 3 2 3 2 2 2 2 2 2 17
12 3 0 1 3 2 0 1 0 1 3 0 3 19
5 3 1 1 1 0 15
7 3 0 3 0 2 3 3 2
1 1 6
