10 16 200
200 10 8 10 5 14 3 7 3 9 8 4 10 12 6 1 8 14 11 8 4 14 5 13 12 11 7 6 1 8 14 13 6 10 5 4 5 3 5 9 3 5 1 10 5 15 1 10 2 12 12 5 11 12 12 0 9 2 13 4 5 0 7 13 14 0 12 14 6 5 3 8 14 1 6 10 3 8 9 10 9 4 12 5 8 11 3 4 3 14 4 0 0 3 1 7 5 5 6 15 0 11 5 11 11 6 0 12 13 15 7 9 4 0 3 1 1 1 2 0 5 7 4 1 11 8 5 4 5 2 12 0 12 12 3 10 2 13 8 7 11 12 3 14 11 7 9 1 1 8 0 13 4 5 4 0 13 7 10 12 6 13 4 9 1 2 4 15 12 12 4 3 3 7 4 2 6 1 5 12 13 7 7 3 10 0 14 5 14 8 10 5 14 0 6 1 7 4 1 0 0
200 13 12 10 15 8 4 12 14 6 0 11 15 6 13 9 14 0 8 7 6 3 11 10 7 2 12 1 7 9 2 5 6 7 10 1 6 7 9 5 10 15 2 6 14 12 11 8 9 13 11 14 14 0 6 1 9 10 13 0 8 11 15 7 7 1 4 3 0 12 12 4 3 2 3 4 3 3 8 7 1 15 15 4 13 7 3 3 10 2 0 7 2 1 0 13 10 5 3 6 6 15 5 2 0 8 11 13 5 2 14 15 0 15 11 14 12 1 10 7 4 1 14 13 13 3 12 1 7 10 15 2 15 8 12 6 9 9 1 10 12 1 3 7 14 3 9 6 2 4 3 6 14 15 15 11 2 9 12 8 6 8 0 0 4 0 8 10 6 14 15 3 0 8 0 8 1 5 15 4 7 9 5 7 1 4 10 8 8 12 9 12 0 7 14 8 11 13 2 3 0
20 13 11 15 10 0 13 10 3 11 6 0 3 9 9 3 4 8 9 13 8 11
20 8 5 12 15 0 1 14 9 2 11 14 0 14 7 1 15 2 4 12 15 31
20 1 15 10 7 1 15 3 2 2 8 4 4 11 3 8 0 4 5 10 0 27
20 8 13 15 3 14 14 7 14 2 7 7 15 2 6 7 10 10 13 14 14 11
20 10 4 4 12 10 4 8 6 10 4 7 7 14 8 9 7 5 3 2 15 22
20 0 3 4 3 1 6 14 14 5 10 14 13 15 11 15 13 5 6 11 15 7
20 11 1 10 15 4 6 13 0 5 11 8 10 5 13 11 12 12 2 14 15 30
20 2 3 14 6 4 9 10 5 12 3 13 14 1 9 13 10 3 12 4 2 21
20 15 13 12 6 5 1 5 14 6 4 0 8 6 9 14 4 7 13 14 15 30
20 2 7 12 2 10 4 4 12 8 15 12 12 1 1 7 9 8 8 11 12 20
