10 18 200
200 4 17 7 9 11 4 0 2 6 17 13 8 6 15 13 1 8 16 16 4 6 8 16 3 16 10 5 9 4 12 3 17 5 17 12 7 16 0 3 7 7 1 14 14 9 9 13 5 15 13 5 0 5 3 4 11 6 4 1 12 0 12 16 12 5 14 2 3 14 15 2 15 6 5 17 13 6 1 2 13 7 0 11 16 15 16 11 5 16 0 8 12 5 11 5 14 5 16 11 5 3 1 3 10 4 9 15 4 6 5 16 16 8 2 1 17 10 13 1 4 3 12 9 3 6 7 0 0 0 16 8 17 16 4 0 3 8 17 3 9 0 11 5 15 15 3 11 14 4 4 3 17 7 2 15 17 17 0 5 9 10 10 9 4 14 14 14 12 15 1 12 17 8 7 2 15 17 4 7 5 13 2 1 17 16 12 1 8 2 8 10 16 8 3 0 2 7 5 5 6
200 17 11 12 10 17 0 12 13 12 15 15 14 3 7 11 7 9 13 3 3 6 13 15 11 14 11 10 11 15 4 16 15 12 1 13 15 4 14 11 10 14 8 6 0 3 4 14 11 5 3 12 4 2 16 15 17 17 3 17 7 4 1 15 9 5 14 7 11 3 2 11 17 12 5 5 1 0 15 10 10 3 5 10 0 12 9 13 13 2 14 13 13 14 16 8 3 7 2 8 5 5 0 6 13 5 14 11 8 15 7 2 12 5 12 1 9 13 0 6 8 3 10 17 17 7 15 6 6 14 1 7 6 16 7 14 15 14 13 17 8 0 0 0 17 5 10 12 14 10 11 4 13 3 10 11 14 7 6 5 14 15 17 8 9 7 3 8 9 1 3 12 0 9 0 12 8 11 11 11 2 1 14 11 7 8 12 4 16 4 1 2 3 1 6 17 9 3 7 13 12
20 11 4 17 11 15 17 1 8 15 1 12 6 5 3 8 5 7 13 4 2 19
20 10 5 2 4 2 10 8 12 17 5 17 17 1 7 17 1 6 13 17 11 29
20 8 1 11 16 16 10 9 11 17 9 7 2 8 1 13 7 8 15 3 6 25
20 3 11 7 1 7 16 11 6 5 6 8 5 6 5 12 6 7 2 16 14 29
20 17 2 14 7 17 0 15 7 10 2 1 11 8 6 11 5 0 5 5 15 34
20 15 1 2 0 9 14 2 11 16 7 16 10 8 11 15 6 0 13 9 6 35
20 8 16 0 4 9 7 5 9 16 14 13 14 17 13 8 11 16 12 7 11 23
20 10 1 11 15 10 3 1 3 4 2 10 13 3 6 4 13 14 11 3 15 9
20 4 13 9 6 12 4 6 14 16 9 2 5 7 17 14 1 14 10 10 13 13
20 6 9 16 2 17 12 9 16 9 5 2 17 14 2 1 15 0 10 1 15 17
