10 19 200
200 7 5 10 1 5 17 3 14 9 16 14 5 8 15 9 2 3 12 5 7 6 10 13 10 18 17 14 3 16 4 18 16 4 0 3 14 4 7 7 10 8 5 10 9 17 13 8 2 15 13 18 4 14 17 5 16 7 2 17 14 7 17 6 1 5 13 9 18 12 18 14 17 1 7 2 12 17 0 10 2 16 17 14 14 2 10 5 12 8 16 6 17 18 12 0 17 9 4 11 2 6 16 8 9 15 5 0 4 13 3 17 18 18 7 4 11 10 3 15 10 15 14 4 7 11 7 4 3 7 6 14 6 14 18 5 6 13 2 11 14 14 14 4 12 3 4 12 12 9 18 18 5 6 9 7 4 9 5 6 17 0 12 6 6 13 11 11 7 4 9 14 2 12 17 16 8 11 0 9 9 9 12 7 13 1 4 7 18 16 5 10 3 4 5 10 13 11 10 13 7
200 16 12 14 5 17 6 13 15 17 15 12 12 16 11 8 9 8 12 12 6 15 0 12 16 12 7 0 12 10 14 10 7 10 17 8 13 13 14 2 15 10 11 5 10 13 0 3 12 8 0 5 0 2 0 12 16 6 17 11 13 3 5 18 15 13 8 6 12 7 18 1 18 2 13 10 17 8 14 9 10 9 12 2 1 0 12 6 1 0 14 18 11 12 14 11 5 0 5 11 7 4 13 13 17 14 7 16 8 0 7 6 13 2 9 3 0 15 15 9 18 6 11 8 3 17 1 3 17 14 7 14 2 10 5 6 18 0 3 13 15 15 17 14 5 16 12 15 8 13 7 18 11 9 18 14 2 12 2 18 15 17 10 16 14 1 5 14 13 5 12 1 9 9 14 4 5 8 3 15 10 6 14 10 14 18 3 5 18 8 13 13 4 9 5 1 1 11 14 17 7
20 6 4 16 16 5 5 18 5 6 7 7 13 14 6 11 13 2 9 9 1 4
20 16 12 8 13 2 3 12 8 8 18 13 11 4 11 11 3 3 3 6 5 23
20 14 3 13 9 17 0 15 11 15 7 1 6 9 14 14 18 9 15 4 9 15
20 13 11 16 1 16 2 15 16 6 18 12 12 7 14 7 4 0 6 13 1 13
20 14 10 12 4 11 6 8 18 7 7 3 17 8 10 4 14 11 0 11 6 22
20 15 3 17 5 7 16 3 7 12 11 4 10 18 4 2 0 14 14 6 1 31
20 17 13 2 18 2 11 9 4 8 6 15 11 16 4 17 18 15 4 14 15 20
20 13 11 16 5 1 17 3 0 7 1 7 7 15 14 7 11 5 13 4 12 23
20 13 11 13 4 16 4 3 9 18 18 14 14 9 4 1 10 14 12 5 14 4
20 10 2 7 2 11 7 11 8 18 2 9 13 18 14 6 2 0 9 7 14 22
