19 4 103
92 3 1 0 3 2 3 1 1 2 2 0 2 0 3 3 1 2 3 3 2 2 1 0 0 0 0 2 0 3 0 0 3 1 2 3 2 0 2 1 1 3 0 3 2 0 3 0 2 1 2 3 0 2 3 0 1 3 0 2 0 2 0 3 3 3 0 0 2 2 2 3 2 1 1 3 0 3 1 2 3 0 1 0 0 2 3 3 0 3 0 2 3
168 3 3 1 3 1 1 3 3 0 3 0 2 1 0 2 0 0 2 0 2 0 3 1 1 1 2 0 1 2 2 1 3 0 3 2 1 3 3 2 2 0 3 2 2 2 2 1 2 1 2 2 3 0 2 3 3 1 2 3 1 3 1 3 2 3 0 2 0 3 0 0 2 3 2 1 0 1 0 1 0 0 3 2 1 3 3 3 3 2 3 0 3 1 1 3 1 0 0 1 3 3 0 2 3 3 1 0 0 0 0 3 1 1 2 1 3 1 3 0 0 3 3 0 0 0 2 1 3 3 1 2 2 2 2 3 2 3 0 0 3 1 0 2 2 0 3 2 1 2 2 0 3 0 2 1 2 0 0 0 0 0 0 2 2 3 3 0 3
9 3 3 3 1 2 0 3 2 3 38
2 2 1 15
9 1 3 2 0 3 0 0 0 3 9
6 2 2 2 3 1 1 31
9 3 3 1 2 1 3 3 2 3 25
8 2 2 2 1 3 2 2 0 12
5 1 3 3 1 2 27
9 2 0 1 3 0 1 0 3 0 21
6 2 2 0 0 2 2 39
4 1 3 1 1 28
9 0 0 0 3 3 1 2 2 2 12
2 0 3 25
3 0 2 2 31
7 1 3 3 1 1 0 1 5
8 2 2 0 3 2 0 2 3 12
7 1 3 1 1 0 0 0 8
2 1 1 6
9 1 1 0 2 2 0 2 2 2 37
3 1 3 1 37
