10 13 200
200 1 2 0 7 7 4 7 8 4 0 3 0 9 11 9 3 8 4 7 0 1 0 4 7 9 0 7 11 6 8 0 2 1 5 9 11 7 0 2 7 7 8 3 4 6 11 10 2 11 2 10 2 11 1 8 5 8 2 7 4 1 8 2 2 3 12 11 12 4 0 8 1 1 7 11 10 11 2 11 5 3 7 1 1 0 6 8 8 6 6 10 2 4 8 6 6 8 2 10 9 7 11 6 11 12 5 0 3 4 10 0 1 9 1 0 11 7 9 9 6 7 4 2 6 6 4 9 3 6 7 7 2 1 10 1 8 10 7 6 3 11 0 4 4 6 2 9 5 5 11 1 2 4 4 7 0 11 3 10 11 3 2 1 10 7 6 7 0 10 9 0 11 0 12 9 4 9 4 3 5 1 0 5 1 1 3 10 11 6 7 5 4 8 8 8 7 7 0 3 5
200 11 4 3 5 7 8 11 1 4 2 7 10 6 2 12 2 3 3 0 5 9 5 4 4 8 7 4 4 1 9 1 3 5 10 3 8 1 2 7 7 7 6 5 6 6 11 10 5 8 4 7 8 11 6 0 6 5 5 0 6 5 7 6 12 0 4 2 2 1 12 2 6 8 5 1 9 11 0 4 0 11 2 10 9 8 5 5 5 4 4 6 11 0 7 11 3 1 6 8 5 12 6 10 2 5 1 12 3 5 11 9 0 3 0 3 11 9 7 0 8 12 0 3 9 3 4 6 0 6 12 10 6 9 7 4 5 12 2 9 0 12 7 2 6 2 6 4 11 10 0 3 11 1 7 3 3 12 11 1 9 11 12 9 8 7 6 2 4 0 1 7 5 0 10 9 0 7 0 7 4 1 10 3 10 9 12 7 10 12 6 10 11 9 9 7 3 12 1 7 12
20 10 8 12 4 4 2 6 10 7 11 2 5 12 3 1 6 11 0 5 0 20
20 6 12 10 5 12 6 11 12 3 1 3 4 8 8 6 9 1 10 9 1 34
20 0 9 6 9 11 9 6 11 6 2 10 8 1 11 11 5 4 9 12 0 19
20 11 9 10 3 11 4 3 0 12 8 6 10 9 3 7 5 6 6 10 5 15
20 1 10 7 1 5 12 12 9 2 8 1 7 4 11 0 1 3 7 9 6 24
20 6 1 3 9 0 5 10 9 9 6 11 6 8 11 8 4 7 1 9 0 5
20 12 8 9 10 4 3 7 11 9 11 6 12 11 6 12 12 6 5 11 8 30
20 2 10 2 2 8 12 11 3 12 10 6 4 8 9 3 4 12 4 5 1 5
20 9 1 4 3 4 6 3 4 1 5 0 4 12 0 0 0 9 3 5 9 31
20 5 1 1 3 7 6 3 3 9 12 11 0 5 8 10 1 0 4 1 11 8
