17 17 73
160 3 13 5 10 4 10 8 2 6 8 15 8 11 12 15 12 14 10 0 14 11 3 2 4 7 12 14 9 8 10 12 1 9 8 16 15 15 7 7 5 5 11 5 5 7 14 2 9 11 13 7 5 1 0 0 5 13 10 11 15 5 11 12 13 9 3 3 2 2 4 9 6 4 8 9 10 11 12 7 5 2 6 16 16 13 10 6 0 2 9 13 1 11 8 3 12 9 16 1 11 13 0 10 16 13 11 15 0 8 12 13 5 0 4 14 9 13 15 8 2 9 6 9 8 12 13 12 3 14 11 4 11 13 5 9 5 11 9 14 6 7 12 13 14 11 16 5 3 14 12 3 12 11 13 9 3 1 12 5 3
173 11 14 0 3 15 7 7 8 13 9 15 6 8 14 11 15 5 3 15 6 4 5 9 6 16 14 13 5 8 3 10 9 0 12 15 4 14 11 14 7 11 4 6 10 8 13 11 5 0 3 0 11 0 12 3 12 11 4 9 11 3 5 1 2 9 8 11 1 16 2 11 5 16 9 12 16 10 6 11 15 12 13 5 15 16 0 13 10 7 0 15 16 2 16 8 13 5 11 3 2 2 14 7 15 12 15 6 10 8 2 7 15 14 7 0 2 3 12 7 12 15 11 11 11 7 1 8 9 8 0 1 9 5 9 0 6 11 1 6 13 2 12 15 2 7 3 8 9 5 4 14 5 6 4 0 14 3 7 16 14 8 10 16 13 14 16 2 0 2 11 5 6 12
10 4 1 1 14 16 9 4 15 2 7 33
6 5 15 2 7 2 11 17
10 13 13 5 9 11 15 11 7 14 10 5
3 4 9 6 9
2 0 16 9
6 12 1 10 6 15 8 17
3 10 12 4 29
4 12 4 15 15 28
1 14 11
4 10 4 4 8 1
7 7 5 5 3 7 16 4 7
8 0 0 9 9 9 4 2 4 22
1 10 29
5 8 12 11 6 0 12
9 3 2 15 4 11 0 11 5 13 3
1 8 20
4 16 2 6 3 2
