48
149.0 85.0
15.0 122.0
126.0 114.0
63.0 96.0
79.0 147.0
113.0 120.0
36.0 120.0
45.0 90.0
91.0 16.0
9.0 146.0
121.0 119.0
124.0 2.0
23.0 133.0
38.0 3.0
64.0 71.0
4.0 52.0
78.0 24.0
120.0 51.0
16.0 66.0
94.0 29.0
139.0 148.0
38.0 94.0
64.0 60.0
32.0 100.0
93.0 89.0
111.0 9.0
109.0 72.0
39.0 105.0
91.0 47.0
94.0 150.0
121.0 131.0
68.0 149.0
84.0 37.0
127.0 36.0
139.0 36.0
130.0 104.0
149.0 125.0
60.0 124.0
17.0 8.0
106.0 145.0
27.0 69.0
26.0 62.0
102.0 106.0
47.0 50.0
66.0 135.0
93.0 115.0
64.0 126.0
147.0 93.0
