57
127.0 44.0
63.0 56.0
132.0 49.0
14.0 1.0
56.0 142.0
93.0 106.0
12.0 63.0
25.0 128.0
103.0 129.0
97.0 144.0
141.0 74.0
126.0 14.0
69.0 123.0
118.0 11.0
63.0 83.0
120.0 96.0
91.0 132.0
36.0 89.0
148.0 41.0
41.0 40.0
4.0 146.0
52.0 115.0
145.0 41.0
36.0 9.0
93.0 60.0
65.0 106.0
4.0 32.0
76.0 80.0
43.0 59.0
150.0 148.0
62.0 7.0
18.0 128.0
30.0 142.0
64.0 41.0
52.0 75.0
116.0 78.0
114.0 134.0
25.0 143.0
143.0 52.0
121.0 10.0
128.0 29.0
26.0 35.0
49.0 37.0
138.0 71.0
55.0 148.0
72.0 54.0
7.0 14.0
11.0 114.0
40.0 122.0
15.0 91.0
120.0 43.0
92.0 64.0
19.0 105.0
1.0 83.0
26.0 6.0
4.0 40.0
99.0 23.0
