63
147.0 124.0
62.0 138.0
126.0 146.0
11.0 65.0
17.0 53.0
77.0 81.0
22.0 62.0
48.0 112.0
71.0 4.0
75.0 91.0
14.0 39.0
2.0 141.0
30.0 63.0
14.0 1.0
29.0 59.0
108.0 116.0
1.0 78.0
140.0 109.0
11.0 54.0
75.0 8.0
9.0 28.0
38.0 114.0
51.0 2.0
79.0 61.0
85.0 94.0
91.0 56.0
55.0 62.0
107.0 86.0
101.0 73.0
86.0 74.0
117.0 7.0
58.0 127.0
8.0 127.0
22.0 88.0
112.0 20.0
123.0 147.0
63.0 68.0
97.0 118.0
42.0 36.0
130.0 124.0
66.0 80.0
83.0 110.0
6.0 97.0
13.0 54.0
35.0 135.0
23.0 55.0
120.0 8.0
114.0 33.0
84.0 58.0
86.0 12.0
49.0 18.0
39.0 26.0
93.0 124.0
62.0 55.0
76.0 92.0
126.0 10.0
21.0 72.0
135.0 127.0
134.0 56.0
149.0 1.0
52.0 80.0
135.0 44.0
135.0 138.0
