100
127.0 108.0
90.0 143.0
63.0 126.0
111.0 51.0
20.0 4.0
139.0 12.0
40.0 52.0
74.0 106.0
86.0 53.0
86.0 33.0
77.0 89.0
58.0 118.0
33.0 83.0
55.0 120.0
90.0 72.0
130.0 27.0
43.0 119.0
56.0 126.0
50.0 135.0
63.0 92.0
61.0 146.0
4.0 119.0
124.0 90.0
47.0 80.0
80.0 38.0
38.0 50.0
50.0 67.0
96.0 44.0
17.0 148.0
56.0 87.0
83.0 39.0
85.0 6.0
2.0 115.0
122.0 117.0
114.0 87.0
56.0 114.0
104.0 136.0
9.0 13.0
96.0 33.0
7.0 114.0
59.0 122.0
83.0 97.0
95.0 32.0
123.0 97.0
62.0 80.0
51.0 136.0
117.0 74.0
60.0 45.0
40.0 43.0
75.0 4.0
111.0 55.0
100.0 96.0
64.0 137.0
123.0 125.0
69.0 69.0
6.0 38.0
42.0 109.0
26.0 3.0
65.0 78.0
25.0 15.0
75.0 85.0
60.0 73.0
21.0 134.0
98.0 138.0
78.0 19.0
21.0 74.0
119.0 114.0
36.0 93.0
81.0 103.0
128.0 114.0
50.0 3.0
76.0 78.0
125.0 44.0
123.0 74.0
82.0 12.0
133.0 104.0
144.0 106.0
132.0 76.0
143.0 93.0
87.0 123.0
101.0 15.0
111.0 138.0
75.0 64.0
71.0 21.0
84.0 86.0
111.0 62.0
18.0 147.0
101.0 86.0
45.0 141.0
25.0 146.0
26.0 120.0
95.0 27.0
53.0 9.0
117.0 122.0
94.0 29.0
135.0 2.0
115.0 119.0
53.0 120.0
88.0 101.0
127.0 11.0
