1953
473028 88
138563 14
393179 49
997831 10
303324 62
297543 14
268739 43
933764 66
29014 35
910016 36
944632 28
374506 64
929335 96
425661 72
988226 63
867096 12
317703 29
840885 13
676652 28
999947 69
948253 100
127042 55
282412 53
853051 97
941100 22
526368 36
283348 44
582646 25
988494 29
592230 37
673530 77
284731 79
195984 22
757828 55
771812 72
508186 77
813245 76
244414 94
791607 49
377162 68
392494 1
10600 42
948385 78
394827 46
75921 43
435682 9
541445 16
80510 67
50553 6
192470 45
594022 93
778625 83
961446 20
366769 3
991383 61
467536 99
141781 57
607839 11
611810 40
149337 60
840139 41
554570 88
49527 47
512414 57
217053 87
211476 67
293334 10
526097 79
184835 64
421074 4
21567 13
663659 44
735710 63
729292 68
622874 22
162382 56
832326 46
716851 86
308642 38
710173 6
153048 13
548387 71
594263 50
85656 86
184127 82
168409 92
441571 32
994300 22
402178 49
539702 70
962507 18
147738 59
231438 73
185334 76
451674 59
262839 10
941636 43
580394 97
393738 84
487653 43
621510 57
271101 23
602932 85
848032 65
746365 10
118949 52
234426 80
95212 58
478830 1
690344 54
722865 57
281965 24
184317 47
38994 24
559700 35
328263 56
497089 57
487028 27
734822 47
466424 3
967434 37
180511 15
390248 39
788722 87
363824 44
398754 23
817723 88
443901 79
664542 49
528000 59
950935 15
160397 29
296093 68
482486 8
771373 8
105505 23
99940 30
392940 56
335321 84
295388 85
621664 55
50489 46
99467 26
343975 73
724096 63
500317 60
724215 93
597639 41
947140 34
30521 20
15162 76
975867 57
328711 58
840209 40
944783 33
356505 79
215561 95
734790 3
66035 98
276649 59
217600 61
292301 23
616341 1
573954 38
354786 93
594357 63
353858 82
989989 98
845036 42
441431 72
763791 3
454679 8
934773 4
764766 39
54151 87
724675 26
790713 18
158202 67
960215 38
58383 56
357856 16
492960 63
83511 80
313086 60
964943 79
214661 3
703707 9
77574 75
639921 77
232026 94
415322 9
553459 98
481989 73
341258 91
614365 12
929532 37
524011 11
550066 100
576076 95
594020 23
567211 30
733216 90
127669 79
785109 35
28806 93
524752 83
183230 73
405816 42
968320 36
9763 93
458764 100
817304 21
329645 24
485089 24
41140 80
581688 68
211770 5
192945 86
997729 47
796914 15
685119 27
300502 56
642886 33
670866 65
552132 34
557549 25
455366 62
239538 30
794513 82
726053 78
320545 63
97815 50
385017 47
253950 57
898722 65
895693 6
487784 82
618885 14
350598 77
6015 29
861612 72
278030 81
82287 73
439833 92
821570 25
956404 18
293641 14
329506 62
843554 68
693582 2
87099 36
981972 12
823565 97
41522 63
539345 74
887678 79
575764 3
824431 81
452072 1
265949 94
511787 15
997382 66
511964 54
769334 17
212144 77
18792 80
158382 86
497655 70
90614 46
735926 74
851641 78
358735 88
997527 10
891765 68
462743 67
593547 98
794936 4
289425 70
92174 52
544627 5
556830 67
344660 58
34368 70
202341 45
173361 18
927911 30
904786 92
935728 84
942670 66
960200 81
621212 91
327732 72
576659 70
352397 49
248338 32
29816 82
368166 67
977880 100
499506 8
502604 42
749447 78
67163 17
56622 47
708897 34
567127 8
944143 54
518044 93
826726 34
20583 92
496368 52
541403 49
499492 18
519621 66
316 24
638920 87
744476 66
600644 42
832747 16
196129 35
56672 4
354186 7
554353 67
425401 98
38576 12
953696 86
19826 49
993501 17
580886 24
803956 66
758213 17
87877 37
120900 75
571314 17
589549 12
218174 82
196524 39
458245 79
492180 99
546454 7
855265 96
628071 6
731593 44
238985 20
357677 4
80368 98
769468 62
629612 29
869810 64
391773 67
742456 94
945239 47
674181 56
851936 79
4320 17
355031 97
601928 30
64553 20
985261 70
511700 49
920903 7
683635 54
372711 22
797311 19
890518 24
54736 20
618722 35
729344 34
627305 27
931896 78
77116 27
714078 100
915316 25
974544 10
844628 74
439472 3
210565 87
186039 59
52621 65
570371 14
40223 94
900886 6
691140 16
373643 24
139800 71
272744 98
896847 65
379087 68
647093 15
783879 11
281974 98
773199 65
152388 16
384504 10
220150 9
558201 76
4603 81
507769 91
841780 10
283596 83
992976 7
720458 19
593279 85
600139 78
287513 88
808697 83
310730 45
730534 29
11877 79
611570 76
472296 85
954661 32
983578 84
99013 22
789577 41
970454 59
376400 38
244601 79
724852 44
301688 35
487406 90
603218 12
667334 91
532263 19
563845 54
173406 78
794282 56
685194 71
176554 42
15237 85
669914 37
38587 60
696728 10
802321 18
62741 87
844406 48
674437 29
590395 86
943905 43
614917 82
479300 77
599288 46
524484 38
270890 49
788059 63
701188 92
458365 79
463566 26
812710 96
190637 39
170569 77
758122 94
153068 15
823713 95
495571 55
199987 29
625921 14
206651 35
105787 80
938826 3
451292 72
889612 39
914571 95
226916 27
323834 53
430694 56
733558 39
757878 94
851955 92
621870 66
89491 26
670308 38
219 32
510435 93
927256 31
518891 72
873372 65
6569 47
227482 12
623053 35
63442 5
939866 57
658628 54
251517 81
682023 87
39630 43
619543 40
844363 97
995248 38
693865 25
809441 17
976274 50
492233 38
900389 36
373377 41
832415 63
194733 3
944865 13
465114 10
195747 72
861912 94
80426 48
333270 67
582108 33
660449 80
337545 76
108254 70
918912 81
794130 61
607500 93
576343 37
810347 8
56459 9
661656 78
741343 89
439946 8
472598 5
72879 24
550600 75
608328 57
416204 56
119550 55
814869 39
839032 63
970600 12
561065 45
211507 79
950596 77
328362 52
24474 100
502650 27
909909 83
590127 19
821831 7
50596 86
307267 59
22799 46
704451 19
397453 21
977151 60
305400 56
647687 58
937772 62
76478 99
258249 77
545921 49
615121 59
332968 91
545522 6
460573 92
44448 31
742529 91
880778 20
54227 34
515853 74
14423 98
81777 35
354545 49
867289 53
362604 31
155112 8
787817 30
768332 16
552869 29
512110 53
576989 36
889971 74
357364 96
705052 5
448233 47
477917 9
903874 73
169988 92
338545 15
919505 7
63840 51
354053 60
704876 47
927826 36
353199 58
249138 60
934704 40
224342 94
638094 13
599781 64
310527 66
15810 45
693828 87
381469 86
478994 13
183339 23
666414 78
934880 100
115557 46
504585 95
899306 23
172749 54
660867 75
31293 9
970308 84
863554 21
262674 16
775109 58
162528 20
285678 16
959265 20
951550 100
424232 95
371127 62
689328 80
98458 20
627320 74
390415 45
262208 55
970337 94
728328 90
482450 46
110876 58
996717 5
805401 2
465956 9
229095 84
886177 24
55202 98
757130 43
130407 89
212714 45
202493 17
157446 49
99730 11
411257 73
745997 20
549750 11
735000 13
551231 83
436978 45
365295 9
565808 80
638827 52
953839 57
911958 12
874086 59
95841 70
117146 45
75072 40
794148 62
566715 36
525446 14
398668 42
919744 78
10052 70
370669 55
259070 57
680263 27
848371 38
633313 60
90013 73
848519 2
230693 42
67188 8
575822 70
827682 84
14303 63
682982 58
288114 10
628945 91
679810 30
246222 96
31231 89
281910 16
183184 16
745356 48
535771 85
203686 89
918111 44
521262 53
27326 26
756726 12
698075 8
612640 32
465929 46
931204 99
316929 48
49624 66
598049 17
811849 54
277273 91
969282 22
874705 11
44445 90
540596 54
544041 94
90464 82
522827 48
548903 55
51367 75
338286 6
761622 69
2183 37
940430 65
106261 14
8011 31
317797 56
162967 8
955006 13
962952 77
564044 60
176778 84
270145 22
603724 63
871353 6
168430 22
664001 76
585344 21
306138 43
722675 64
840392 77
670918 60
399179 52
706590 1
271199 100
320705 29
543181 81
96756 85
986417 56
963812 36
29513 100
839721 8
691169 75
646911 100
971012 73
512202 49
388201 8
745158 10
49058 16
744105 65
162486 49
940963 64
319968 95
481352 68
736000 48
274751 59
383053 37
347913 43
351405 67
211724 47
43337 18
170901 15
966057 66
921430 54
807873 5
338251 6
687103 32
329162 86
799658 82
540523 27
101756 65
931463 71
1917 64
435267 48
265476 82
397283 68
457586 34
334489 50
875317 30
45696 57
623743 84
35672 39
238779 64
525265 17
989203 57
602240 7
106932 65
973799 62
253711 91
577800 19
134213 40
513024 74
172741 35
973783 28
217020 78
295121 95
628596 77
112419 99
875944 24
193106 69
998914 78
812712 46
671543 51
725194 83
834235 21
623949 78
453007 38
145756 20
235529 43
840723 17
24495 80
689618 19
303669 91
724991 6
450502 14
800296 77
888093 13
734408 11
167124 32
1371 45
67959 30
519620 63
513600 38
921523 69
564550 48
127823 52
556026 48
202190 92
34266 38
188413 70
195347 75
89135 11
732173 85
300418 37
192922 28
585094 24
778555 24
266592 72
540601 48
623872 72
689729 86
459408 35
42191 58
848402 96
947514 51
156275 66
762703 44
871041 43
140855 29
387642 63
515929 45
340469 98
909117 63
458964 73
78487 53
49982 65
634756 5
169751 77
916891 9
251623 68
471020 6
738866 98
898040 73
919546 16
943747 47
898258 72
10910 12
429651 91
265717 41
171923 29
161018 31
67368 73
398355 77
64873 30
560782 69
761240 38
105224 82
523278 44
969997 85
150068 85
610199 27
5165 55
244026 8
459851 97
940953 46
112912 10
247297 69
724345 89
607286 20
635207 33
81366 35
989106 64
916387 42
527769 87
451598 58
381770 52
578524 36
819503 27
896379 53
601672 32
352353 80
383422 100
292939 95
826924 35
325429 89
75572 72
445795 19
636798 74
890901 89
385639 22
925881 53
4952 68
966711 96
410490 18
27888 90
703414 62
276740 10
15312 26
235255 55
918268 38
444502 64
50933 91
31588 69
642760 68
137398 85
652234 28
476813 91
353657 81
385360 51
887153 21
595240 41
831423 10
241144 96
699833 35
679076 36
724580 69
13537 94
130444 32
923143 87
784218 51
433627 79
119766 5
760330 84
791111 94
328525 48
487672 58
391922 98
609870 96
335668 69
873197 62
218161 94
978527 76
367516 36
69691 30
593660 87
86401 15
592412 53
317086 75
715054 51
344413 74
48215 90
788145 48
279262 35
757070 70
633328 22
478365 69
22716 67
955560 88
522253 56
539654 93
99378 50
580422 30
426641 46
275316 58
953145 3
269783 91
428947 59
17471 54
188025 8
593067 87
810146 73
177662 48
713830 30
981497 26
917822 65
372080 68
732567 74
618100 93
144015 9
416812 35
380649 71
76431 57
411433 7
462597 75
546068 64
150030 7
179650 71
602113 94
918284 55
542927 100
973299 67
514044 45
699547 94
470040 90
447086 56
800600 31
391677 53
608161 58
965248 100
423079 26
857853 1
101796 4
182087 59
625755 74
622671 24
991332 49
604725 43
244397 64
999021 45
120059 71
280518 24
113484 40
164981 6
710759 30
221694 87
878408 75
324803 91
169239 98
385959 28
291198 62
502732 88
235442 80
456202 14
353797 51
132795 38
125352 89
316460 22
202522 6
149263 63
961149 92
958923 37
249865 71
428789 60
9106 31
624730 71
956765 50
219875 87
154358 36
774265 54
99017 86
435125 57
603756 33
443640 87
549782 14
199691 92
588925 87
95182 9
31247 94
646754 84
397889 34
256662 64
869547 81
935219 71
900713 4
864458 14
419642 47
332425 71
577360 3
932866 36
128467 13
96039 47
533123 53
235502 96
521788 19
517914 38
26381 35
748306 64
824987 50
901082 87
830152 80
449346 77
277788 42
90792 32
570528 79
118879 26
394147 38
384354 25
425513 89
33938 83
231540 89
809194 16
163171 24
3846 90
514528 15
397049 67
873868 77
317610 11
841906 13
399422 20
924775 90
791272 66
591706 50
157116 12
323530 68
908064 66
839705 15
37155 89
805677 65
981417 8
250669 33
22574 45
75057 100
71497 54
117566 12
376253 32
7471 23
777970 48
455562 14
509683 14
664770 31
7872 75
854222 88
793427 57
892823 92
760241 61
863797 57
124567 52
641587 7
579236 41
163973 65
409746 45
526724 23
434454 28
422279 28
218183 75
61484 97
963161 94
992182 75
586377 7
775818 52
513430 49
845356 82
864533 32
675083 21
919044 87
175624 84
742316 57
936689 64
809257 43
683427 3
843382 94
738721 2
565393 50
392437 96
813972 90
242163 9
833422 82
986435 49
154757 95
998197 97
540655 7
989771 63
865276 14
359232 56
678340 77
398067 91
56063 82
459903 65
867601 62
570093 56
994755 19
724284 77
802960 8
70126 75
634951 8
949228 63
721709 73
102545 22
872943 69
157053 48
390716 5
360327 25
868002 81
579614 97
415422 100
887362 55
802214 24
290768 63
738645 97
768289 64
866618 47
627499 52
446275 35
627293 7
341172 28
175091 29
288298 86
888244 67
957341 92
866972 32
88768 40
511894 20
972106 94
633498 35
971025 25
333902 43
596797 86
11629 45
918842 72
121906 30
587068 74
408044 71
907939 79
942093 25
543088 16
496785 38
976445 13
436812 82
824384 45
87685 92
428157 98
333991 31
116143 48
299373 39
24728 15
154066 38
998388 58
729333 62
433984 35
595173 43
165272 21
647514 85
898014 29
464007 41
330390 63
360893 71
735568 44
345953 10
358958 65
382310 19
655461 4
34178 16
711371 47
74902 79
249047 17
926734 65
817623 54
557970 81
212808 1
166379 70
729115 4
942316 81
996352 89
784814 32
39707 91
800339 27
615975 32
835331 34
5617 81
168413 89
394366 52
878043 69
949225 69
768787 13
309091 25
162202 61
372958 34
282557 13
149317 56
665089 56
909012 29
794479 70
175461 16
798681 69
498389 29
676115 29
764110 87
210912 7
244687 75
724344 47
347542 75
69496 18
147374 93
362907 1
134485 81
137101 13
345015 18
228469 52
171238 98
545990 52
281189 7
350084 97
852701 9
687408 44
887816 93
472925 71
397895 52
595495 34
443739 80
907826 36
185640 67
56133 85
223972 86
288992 14
268529 85
9295 75
241234 67
248763 100
789313 64
606365 61
981458 44
682781 92
149535 40
487178 97
263154 5
827116 66
450548 4
838620 4
893050 100
214762 77
609614 21
283061 21
329160 50
72707 84
667091 85
597883 29
876716 33
666066 12
691779 62
489668 55
505156 12
231860 33
541873 23
35142 25
917720 25
767312 34
401219 83
582589 4
44217 77
737766 13
868521 70
708828 37
498326 44
333335 67
871834 28
722681 21
268191 67
556661 44
55062 24
346548 31
857949 82
992780 34
236055 36
845928 75
50642 30
5744 35
874457 9
840980 74
542862 83
889672 56
878541 66
696587 87
236498 78
801178 43
155864 85
807770 64
724648 93
889368 11
909586 78
266298 94
408642 11
991979 47
335164 39
320054 94
869715 11
145791 57
346049 67
12638 13
652972 47
939278 16
778609 57
549548 73
694232 6
70833 88
450490 4
930677 60
416122 97
824867 13
362920 90
948564 20
891877 89
927191 54
257310 42
608339 40
550204 94
455485 91
336854 89
236571 43
208652 87
110224 25
548310 94
352286 59
388839 58
768099 88
763060 48
542146 52
257858 37
639340 13
338827 45
650320 65
526545 46
106705 46
987134 33
476700 69
267874 63
752434 71
587821 22
941366 58
887480 45
302262 98
617462 73
851218 99
242538 86
729 54
804079 24
550389 97
75579 17
200501 80
278049 18
226273 96
406715 90
516240 87
265351 22
545538 53
563293 45
308646 8
257415 53
68568 90
138075 99
255416 52
777264 77
764071 12
5704 71
291221 49
123125 55
199325 49
467060 29
423206 74
594346 71
498563 95
159813 34
925375 56
654461 89
587175 36
452180 27
902116 74
331574 77
646664 78
609606 34
913114 67
60530 66
789315 80
90989 42
599664 77
554461 12
127933 38
809247 33
505804 28
745775 89
282385 74
557077 60
197817 22
458024 12
928123 32
440454 94
469105 18
291535 38
478342 32
75013 37
231143 26
900519 2
254514 70
386841 26
958360 29
247092 13
593385 73
564188 19
407058 95
136685 92
212644 47
797142 41
701764 19
38530 39
885977 12
539419 99
615111 72
684496 10
118183 17
7779 84
704813 84
912482 2
223556 63
263976 37
785289 70
887339 55
260837 40
250182 64
167998 32
612290 43
633263 62
929934 2
439179 23
740766 58
787037 87
988267 55
409431 13
216274 60
189106 16
902329 86
893689 32
418635 59
169569 8
286883 99
353418 58
708423 86
35067 62
408637 38
157550 80
662808 21
722648 98
178785 73
900576 95
100378 14
875913 73
124430 64
357117 44
859058 71
842812 29
993149 59
532436 16
605640 78
640432 71
375878 97
814443 52
91910 74
705627 25
129460 56
612756 49
590609 95
702938 59
878116 44
47794 94
373255 24
433688 37
800868 43
304646 81
36347 35
863170 60
602954 90
293373 44
337390 49
724585 65
26258 97
508286 62
122062 62
785784 44
837564 100
236464 89
102067 27
233305 93
362470 66
258314 81
646935 59
292962 19
524774 8
464351 41
734743 51
418181 74
212907 6
228393 65
253736 58
153207 20
732565 58
608404 96
778843 32
239968 86
810706 74
445134 74
581396 93
104516 93
987195 71
302156 37
552904 21
804017 10
389102 2
691103 68
899510 26
959786 5
510061 18
898105 49
571239 78
244690 73
218999 38
527354 52
708393 13
364572 55
928870 49
742399 79
126920 81
200498 61
452297 76
209581 100
104335 1
956835 42
278083 79
589433 48
959550 87
494674 48
955684 66
379707 37
274188 46
957596 4
448455 86
287475 67
347231 31
668681 29
888556 31
192347 78
726154 30
610550 10
434583 84
124399 67
607367 11
426241 81
755048 65
170938 32
678965 18
347447 49
35517 47
924259 90
435731 88
483258 86
519942 14
901047 78
732350 55
863925 56
480295 47
25335 58
432680 57
713732 21
300947 93
260644 49
576666 20
888479 63
928743 54
406218 68
693292 29
570504 62
313541 64
277898 39
135874 77
574772 72
700594 9
943724 20
64265 39
387710 70
974131 10
473507 83
687986 88
714313 34
830563 55
916962 25
148783 88
692149 61
95961 68
969504 5
357357 98
474118 88
359800 87
712935 4
359697 1
953297 46
919446 2
344675 43
158454 92
503719 61
6994 55
672040 83
658981 96
432646 21
686192 85
601156 84
677526 48
22333 91
645175 65
433798 84
603623 70
344608 98
953101 1
336397 70
269082 56
45676 62
453202 4
873494 41
172372 24
346172 67
319098 59
378752 66
115668 12
302061 17
701231 78
658337 91
513329 77
428366 36
84582 74
210510 63
995096 46
808587 46
91649 49
795366 78
247172 76
722459 26
520038 47
207008 89
205886 4
714408 28
697054 5
340373 61
465751 8
638527 2
936433 7
179536 83
421668 94
673208 46
322943 54
578197 89
315066 5
311846 26
270306 6
29295 36
547819 98
130050 15
991619 84
52029 93
859584 67
832533 13
270139 96
377470 36
368119 46
883236 26
129708 21
150748 90
330303 72
62176 37
205342 42
400695 49
492466 47
101838 33
303262 72
552947 62
534995 53
507763 91
401876 63
297924 26
418376 21
425603 52
238053 46
512183 54
95066 63
356364 39
231049 69
922116 97
820074 100
11934 10
481965 90
519251 50
459382 52
465149 39
892236 20
301579 74
24845 99
239305 97
479690 70
875106 86
974032 82
909164 91
881937 28
588001 9
971178 93
935813 80
486064 58
338103 89
597970 28
734741 12
994801 10
214208 15
739454 39
690087 42
793530 7
820694 20
59946 62
819908 75
424998 9
835032 85
728394 70
527319 22
994661 35
545850 98
566860 4
817182 16
116498 39
895821 70
858705 95
623250 15
780435 21
638351 99
113518 64
490327 94
955639 35
726070 60
316383 36
849831 99
675275 48
77304 15
376395 22
838715 20
368382 22
776989 52
236670 18
27132 62
963062 21
894921 70
532451 58
652328 80
599986 89
838980 49
309121 43
556232 27
988962 75
249035 39
596664 26
468944 54
632772 80
460764 100
774140 96
827671 56
242177 13
130941 28
295249 43
412922 95
774535 62
257869 79
410055 14
617867 12
101416 4
623439 39
363128 51
301184 81
343475 81
193523 52
969408 15
39448 90
226130 88
950055 84
606525 70
732944 7
446116 45
105438 25
129992 28
442886 25
528221 87
926430 80
58355 48
319468 36
167515 75
12111 19
760068 79
396401 92
777545 42
31170 38
33520 99
602924 19
756026 14
501440 53
440156 76
154378 34
336958 53
169748 34
699088 27
922361 30
232329 35
349594 81
303037 62
728341 89
506502 97
189065 79
893105 80
259794 17
112117 82
742526 24
257368 81
962923 8
148877 69
699659 51
396534 60
746442 54
262286 56
502271 68
623778 32
722743 47
706662 56
517559 60
712133 12
948549 29
747399 25
293413 91
158740 18
674171 64
755142 64
413663 63
390795 54
108224 15
805816 2
362538 88
167019 35
977482 79
975497 23
511751 99
98037 94
102216 9
947165 71
413694 79
579879 70
94094 93
831531 40
809194 21
474487 15
540608 40
950038 96
467780 34
285902 18
180674 6
310286 56
211188 87
68039 17
816606 28
439847 10
570965 81
300137 80
532598 100
911224 99
974855 95
834529 31
165356 84
551671 72
446266 32
923907 21
745424 40
699539 27
223801 23
989315 49
157322 90
435347 24
813428 1
386543 7
729159 82
644590 33
253906 21
