1169
960663 41
960663 80
960663 100
960663 6
960663 92
960663 62
960663 82
960663 53
960663 54
960663 34
960663 30
960663 88
960663 43
960663 54
960663 84
960663 21
960663 15
960663 19
960663 45
960663 64
960663 30
960663 53
960663 65
960663 70
960663 71
960663 6
960663 48
960663 95
960663 88
960663 27
960663 77
960663 24
960663 41
960663 80
960663 91
960663 89
960663 11
960663 72
960663 46
960663 22
960663 71
960663 84
960663 90
960663 56
960663 79
960663 80
960663 7
960663 63
960663 36
960663 88
960663 97
960663 34
960663 89
960663 36
960663 80
960663 94
960663 91
960663 63
960663 66
960663 2
960663 6
960663 8
960663 68
960663 70
960663 35
960663 72
960663 58
960663 99
960663 46
960663 98
960663 19
960663 39
960663 45
960663 73
960663 64
960663 29
960663 65
960663 2
960663 24
960663 91
960663 5
960663 2
960663 28
960663 98
960663 93
960663 72
960663 64
960663 2
960663 64
960663 22
960663 66
960663 22
960663 46
960663 11
960663 96
960663 42
960663 23
960663 13
960663 52
960663 16
960663 56
960663 94
960663 39
960663 80
960663 83
960663 9
960663 55
960663 23
960663 8
960663 46
960663 39
960663 45
960663 91
960663 40
960663 55
960663 5
960663 24
960663 26
960663 79
960663 25
960663 82
960663 31
960663 34
960663 24
960663 95
960663 31
960663 47
960663 88
960663 46
960663 6
960663 17
960663 51
960663 90
960663 39
960663 64
960663 36
960663 98
960663 10
960663 31
960663 25
960663 9
960663 38
960663 75
960663 21
960663 73
960663 94
960663 56
960663 35
960663 62
960663 57
960663 7
960663 85
960663 76
960663 83
960663 20
960663 42
960663 33
960663 85
960663 80
960663 80
960663 84
960663 68
960663 37
960663 26
960663 19
960663 38
960663 29
960663 20
960663 78
960663 38
960663 92
960663 57
960663 96
960663 61
960663 2
960663 94
960663 33
960663 37
960663 81
960663 76
960663 8
960663 85
960663 75
960663 20
960663 91
960663 77
960663 42
960663 52
960663 30
960663 91
960663 75
960663 73
960663 92
960663 90
960663 88
960663 91
960663 40
960663 94
960663 54
960663 64
960663 82
960663 4
960663 6
960663 77
960663 80
960663 96
960663 40
960663 69
960663 99
960663 84
960663 40
960663 16
960663 22
960663 94
960663 27
960663 23
960663 39
960663 29
960663 82
960663 100
960663 79
960663 92
960663 24
960663 44
960663 35
960663 44
960663 50
960663 3
960663 8
960663 3
960663 42
960663 88
960663 47
960663 92
960663 38
960663 14
960663 1
960663 17
960663 91
960663 63
960663 36
960663 27
960663 11
960663 78
960663 83
960663 61
960663 90
960663 6
960663 75
960663 64
960663 23
960663 96
960663 67
960663 61
960663 39
960663 89
960663 12
960663 46
960663 68
960663 26
960663 68
960663 90
960663 43
960663 64
960663 48
960663 3
960663 18
960663 100
960663 24
960663 27
960663 4
960663 49
960663 52
960663 71
960663 37
960663 59
960663 68
960663 57
960663 6
960663 32
960663 63
960663 20
960663 76
960663 57
960663 32
960663 96
960663 45
960663 92
960663 4
960663 89
960663 16
960663 51
960663 20
960663 73
960663 92
960663 84
960663 34
960663 76
960663 43
960663 70
960663 1
960663 55
960663 79
960663 86
960663 58
960663 34
960663 94
960663 91
960663 4
960663 51
960663 34
960663 23
960663 72
960663 12
960663 91
960663 39
960663 42
960663 59
960663 48
960663 53
960663 59
960663 80
960663 3
960663 84
960663 91
960663 3
960663 69
960663 23
960663 96
960663 36
960663 9
960663 62
960663 43
960663 95
960663 100
960663 89
960663 79
960663 43
960663 58
960663 42
960663 48
960663 70
960663 46
960663 81
960663 14
960663 65
960663 11
960663 62
960663 86
960663 74
960663 5
960663 63
960663 4
960663 3
960663 70
960663 55
960663 30
960663 53
960663 75
960663 50
960663 31
960663 45
960663 45
960663 50
960663 19
960663 66
960663 64
960663 53
960663 74
960663 71
960663 32
960663 48
960663 12
960663 70
960663 99
960663 99
960663 4
960663 53
960663 80
960663 54
960663 44
960663 23
960663 89
960663 64
960663 35
960663 51
960663 23
960663 41
960663 12
960663 93
960663 52
960663 81
960663 78
960663 17
960663 77
960663 79
960663 21
960663 16
960663 49
960663 99
960663 80
960663 36
960663 58
960663 84
960663 63
960663 3
960663 63
960663 21
960663 71
960663 23
960663 74
960663 42
960663 87
960663 89
960663 18
960663 18
960663 93
960663 99
960663 68
960663 50
960663 66
960663 90
960663 33
960663 20
960663 82
960663 4
960663 31
960663 29
960663 32
960663 90
960663 53
960663 31
960663 73
960663 65
960663 8
960663 96
960663 29
960663 82
960663 91
960663 11
960663 78
960663 72
960663 37
960663 60
960663 44
960663 41
960663 34
960663 38
960663 94
960663 31
960663 75
960663 94
960663 83
960663 4
960663 62
960663 91
960663 63
960663 8
960663 98
960663 52
960663 24
960663 91
960663 18
960663 41
960663 4
960663 67
960663 84
960663 62
960663 60
960663 46
960663 87
960663 52
960663 66
960663 2
960663 41
960663 10
960663 98
960663 84
960663 51
960663 59
960663 22
960663 76
960663 82
960663 88
960663 72
960663 88
960663 100
960663 5
960663 80
960663 39
960663 1
960663 31
960663 62
960663 19
960663 6
960663 41
960663 29
960663 60
960663 23
960663 99
960663 61
960663 99
960663 36
960663 82
960663 15
960663 68
960663 94
960663 97
960663 62
960663 47
960663 39
960663 71
960663 39
960663 77
960663 56
960663 18
960663 72
960663 61
960663 53
960663 59
960663 34
960663 56
960663 66
960663 27
960663 2
960663 35
960663 60
960663 94
960663 49
960663 74
960663 93
960663 94
960663 34
960663 38
960663 4
960663 91
960663 12
960663 95
960663 69
960663 28
960663 99
960663 90
960663 49
960663 80
960663 48
960663 50
960663 32
960663 70
960663 76
960663 99
960663 50
960663 37
960663 100
960663 24
960663 44
960663 32
960663 55
960663 62
960663 35
960663 86
960663 68
960663 17
960663 94
960663 5
960663 67
960663 54
960663 9
960663 24
960663 85
960663 93
960663 68
960663 49
960663 70
960663 31
960663 12
960663 15
960663 91
960663 28
960663 44
960663 5
960663 100
960663 75
960663 96
960663 7
960663 59
960663 90
960663 59
960663 10
960663 90
960663 48
960663 41
960663 19
960663 65
960663 76
960663 27
960663 90
960663 4
960663 67
960663 13
960663 41
960663 71
960663 77
960663 96
960663 42
960663 87
960663 52
960663 10
960663 88
960663 84
960663 86
960663 91
960663 51
960663 87
960663 56
960663 82
960663 29
960663 3
960663 78
960663 63
960663 25
960663 66
960663 73
960663 33
960663 86
960663 29
960663 47
960663 90
960663 79
960663 84
960663 26
960663 66
960663 61
960663 46
960663 79
960663 22
960663 56
960663 21
960663 28
960663 74
960663 35
960663 52
960663 76
960663 37
960663 35
960663 2
960663 38
960663 11
960663 75
960663 91
960663 57
960663 72
960663 81
960663 36
960663 46
960663 83
960663 26
960663 19
960663 74
960663 13
960663 38
960663 99
960663 6
960663 63
960663 18
960663 93
960663 40
960663 48
960663 47
960663 4
960663 32
960663 16
960663 40
960663 59
960663 30
960663 46
960663 95
960663 100
960663 46
960663 73
960663 76
960663 63
960663 73
960663 74
960663 81
960663 39
960663 98
960663 43
960663 9
960663 4
960663 78
960663 26
960663 35
960663 2
960663 79
960663 83
960663 70
960663 37
960663 79
960663 40
960663 39
960663 22
960663 27
960663 64
960663 78
960663 76
960663 25
960663 82
960663 1
960663 62
960663 63
960663 3
960663 49
960663 96
960663 85
960663 17
960663 38
960663 8
960663 94
960663 85
960663 45
960663 60
960663 22
960663 59
960663 44
960663 69
960663 78
960663 20
960663 58
960663 42
960663 92
960663 65
960663 24
960663 16
960663 73
960663 30
960663 42
960663 16
960663 16
960663 37
960663 58
960663 60
960663 1
960663 53
960663 94
960663 42
960663 30
960663 49
960663 28
960663 99
960663 25
960663 25
960663 75
960663 34
960663 86
960663 39
960663 71
960663 63
960663 30
960663 85
960663 10
960663 79
960663 24
960663 86
960663 1
960663 25
960663 94
960663 6
960663 13
960663 66
960663 68
960663 8
960663 78
960663 85
960663 5
960663 91
960663 35
960663 92
960663 22
960663 86
960663 35
960663 91
960663 43
960663 99
960663 87
960663 19
960663 22
960663 25
960663 98
960663 77
960663 55
960663 70
960663 9
960663 28
960663 94
960663 69
960663 67
960663 3
960663 39
960663 1
960663 20
960663 19
960663 91
960663 85
960663 40
960663 57
960663 9
960663 33
960663 79
960663 15
960663 88
960663 40
960663 75
960663 21
960663 28
960663 55
960663 89
960663 42
960663 99
960663 43
960663 3
960663 22
960663 5
960663 47
960663 57
960663 10
960663 34
960663 9
960663 62
960663 34
960663 87
960663 5
960663 86
960663 43
960663 43
960663 61
960663 62
960663 21
960663 44
960663 79
960663 88
960663 14
960663 64
960663 92
960663 35
960663 16
960663 57
960663 62
960663 13
960663 12
960663 60
960663 52
960663 39
960663 71
960663 25
960663 8
960663 8
960663 85
960663 52
960663 2
960663 90
960663 59
960663 42
960663 91
960663 14
960663 13
960663 56
960663 61
960663 94
960663 73
960663 3
960663 77
960663 44
960663 74
960663 67
960663 52
960663 76
960663 29
960663 33
960663 62
960663 70
960663 4
960663 30
960663 8
960663 93
960663 52
960663 54
960663 93
960663 71
960663 20
960663 73
960663 8
960663 95
960663 6
960663 41
960663 84
960663 63
960663 10
960663 8
960663 39
960663 61
960663 72
960663 72
960663 55
960663 48
960663 15
960663 24
960663 30
960663 90
960663 67
960663 88
960663 57
960663 33
960663 71
960663 40
960663 67
960663 23
960663 84
960663 61
960663 54
960663 6
960663 92
960663 60
960663 87
960663 88
960663 30
960663 43
960663 18
960663 46
960663 57
960663 89
960663 53
960663 55
960663 67
960663 34
960663 61
960663 20
960663 32
960663 39
960663 68
960663 77
960663 99
960663 15
960663 21
960663 54
960663 8
960663 70
960663 17
960663 23
960663 43
960663 8
960663 64
960663 61
960663 48
960663 94
960663 31
960663 18
960663 44
960663 77
960663 15
960663 27
960663 18
960663 35
960663 21
960663 72
960663 93
960663 65
960663 55
960663 67
960663 94
960663 65
960663 76
960663 1
960663 13
960663 1
960663 52
960663 77
960663 80
960663 44
960663 78
960663 90
960663 62
960663 86
960663 73
960663 35
960663 45
960663 62
960663 64
960663 5
960663 47
960663 89
960663 9
960663 58
960663 31
960663 24
960663 65
960663 75
960663 47
960663 38
960663 82
960663 19
960663 12
960663 93
960663 92
960663 33
960663 24
960663 62
960663 92
960663 62
960663 31
960663 99
960663 70
960663 92
960663 1
960663 80
960663 18
960663 18
960663 15
960663 96
960663 42
960663 37
960663 68
960663 29
960663 54
960663 10
960663 74
960663 82
960663 4
960663 70
960663 17
960663 84
960663 68
960663 86
960663 3
960663 31
960663 58
960663 82
960663 68
960663 11
960663 67
960663 88
960663 72
960663 78
960663 46
960663 65
960663 39
960663 72
960663 48
960663 16
960663 93
960663 12
960663 58
960663 6
960663 54
960663 72
960663 81
960663 41
960663 31
960663 76
960663 21
960663 91
960663 78
960663 99
960663 87
960663 5
960663 90
960663 32
960663 45
960663 89
960663 11
960663 19
960663 20
960663 60
960663 28
960663 10
960663 20
960663 80
960663 17
960663 1
960663 97
960663 54
960663 59
960663 31
960663 94
960663 7
960663 50
960663 55
960663 73
960663 61
960663 95
960663 55
960663 34
960663 47
960663 30
960663 72
960663 29
960663 60
960663 42
960663 22
960663 89
960663 67
960663 34
960663 86
960663 71
960663 30
960663 62
960663 61
960663 9
960663 83
960663 63
960663 7
960663 79
960663 80
960663 98
960663 88
960663 39
960663 70
960663 84
960663 41
960663 96
960663 67
960663 34
960663 10
960663 58
960663 18
960663 35
960663 54
960663 36
960663 59
960663 94
960663 44
960663 94
960663 67
960663 52
960663 41
960663 95
960663 38
960663 75
960663 13
960663 98
960663 52
960663 96
960663 18
960663 93
960663 93
960663 38
960663 31
960663 14
960663 97
960663 11
960663 90
960663 29
960663 10
960663 87
960663 45
960663 41
960663 83
960663 70
960663 21
960663 94
960663 93
960663 63
960663 15
960663 28
960663 8
960663 95
960663 6
960663 14
960663 12
960663 14
