1632
292650 80
574317 38
497863 55
230318 28
66919 40
667666 99
559478 98
281838 7
482166 52
830883 39
61460 72
811309 84
632988 57
318179 69
682108 85
159799 33
531547 67
110498 32
153009 67
245955 61
940318 67
683155 75
895091 71
572027 70
528232 39
484272 68
499135 22
633579 94
319802 8
951244 23
211047 26
990599 70
176322 56
3767 88
103764 67
100450 10
881355 21
929431 43
46232 39
390252 10
356130 96
839109 68
37624 56
38893 57
758023 98
349990 66
192568 48
757440 77
442196 47
201612 16
72745 17
627986 34
264689 4
651469 75
122480 3
626522 87
921145 15
314850 13
562969 92
131035 17
851878 12
663874 66
433307 19
356184 25
989507 35
195136 76
132780 66
728856 9
154963 87
677283 36
759624 20
367451 74
648061 42
651973 7
903293 13
744540 28
547643 43
984750 29
370426 37
572807 66
583298 6
991922 66
177688 81
51389 84
839220 82
361929 50
717609 63
672518 99
738243 28
270061 70
750464 48
802902 83
394920 88
606586 31
608000 45
187268 90
408197 25
568513 49
265961 51
124551 68
14678 44
490797 77
31583 36
808946 81
677150 92
560474 86
712892 94
127473 87
312336 28
453107 91
35353 67
491525 49
957309 17
556172 60
739096 64
814461 51
579325 79
834431 38
159028 2
409334 31
930593 94
313867 5
626381 70
184852 28
414871 24
464746 35
297774 1
69633 37
343198 94
726129 11
77729 76
198822 92
844588 7
990126 70
163509 28
485097 96
546653 8
41661 49
475917 9
899878 48
259295 97
735276 15
849388 6
606832 54
157979 43
896913 28
212607 44
474250 71
10086 10
740200 43
443819 21
67682 19
560936 53
629042 76
837592 3
427789 48
376587 20
480650 61
456701 94
345865 50
136808 34
939849 87
675565 1
797999 46
794414 96
90205 20
590049 24
312375 91
598547 40
787430 63
316744 70
98290 88
717887 34
561042 37
25932 7
768834 21
985142 67
813498 22
488550 61
842652 39
69702 35
209084 71
54948 67
20353 75
152242 1
31258 59
117048 59
806394 66
736029 13
64275 98
41092 17
955411 25
980794 61
311041 20
380133 83
605145 24
558003 71
201331 69
522621 63
607510 54
151511 98
642892 12
896708 22
788621 79
725385 67
536924 66
747793 66
682674 1
88102 3
676606 8
768804 87
281260 13
724086 50
538610 36
223288 77
884557 91
142550 26
264060 16
890631 81
177809 35
558756 17
51453 1
333149 74
754454 33
691052 79
287056 38
917984 78
529372 14
180755 100
606568 99
207647 69
316925 49
246593 49
573736 36
926554 72
455471 21
990419 60
986307 9
654803 34
552119 91
740289 18
235606 44
177491 61
246640 47
966989 27
325059 50
727166 63
903165 38
626796 73
806159 30
252251 78
461388 36
196409 49
478463 34
166494 24
810764 95
965783 53
853742 26
327224 5
283696 34
506406 27
600691 90
442912 48
111076 15
967018 49
18609 28
362979 66
293008 74
827319 54
691134 10
98025 72
14027 64
449953 3
520249 74
211849 19
515682 86
754339 14
106918 95
416592 20
399625 62
291213 44
961868 66
861517 26
769697 11
671794 6
745873 57
667872 35
944940 39
869074 37
892117 87
695299 53
647309 26
828549 100
515084 29
159448 85
351683 41
52905 78
602272 31
150517 41
590376 61
742029 95
990342 54
139820 28
851301 5
837021 76
713568 92
873311 34
640440 74
229776 96
106772 61
979908 96
872234 89
606032 64
512491 50
234869 96
117578 28
35561 86
258093 39
580922 97
996526 9
507189 40
112634 73
999194 73
555883 100
46471 11
107052 68
224991 55
837459 27
868438 75
520748 45
348584 71
280815 99
846251 73
808595 92
623221 61
763517 13
366990 76
311747 48
503661 6
493356 15
564653 99
747652 71
13363 52
838230 24
538445 18
843427 20
232938 28
873021 89
526006 99
783752 51
327814 11
172618 21
192409 67
989848 65
560149 86
302210 54
636420 89
14475 67
124172 72
283850 13
627337 2
766926 87
840598 64
941597 68
763051 14
143900 76
37018 83
79947 95
617035 99
58585 45
948811 2
74549 4
990929 60
136623 50
857205 64
276742 15
97885 12
362285 7
89542 95
597236 16
925551 59
677341 97
980314 96
826360 42
861141 40
635109 53
748811 72
724810 85
422165 40
202848 23
376569 8
679457 55
200219 10
228670 28
661589 56
52330 8
176037 24
870938 35
679539 87
112071 70
624556 1
658458 4
460625 23
610122 38
444564 20
745037 61
50466 91
636722 89
434199 12
855360 56
862431 1
688166 66
753454 24
399330 54
677968 86
2160 45
750145 13
538521 56
181846 50
564540 16
128145 10
936420 63
893244 44
126160 52
16227 80
74291 92
379582 82
285838 87
472879 42
323076 59
949594 81
411817 39
858441 94
387136 32
696790 100
646565 37
49167 93
273493 4
519761 10
349267 83
288595 5
389333 37
371726 13
318923 56
491211 57
479631 69
787966 97
726634 86
494838 57
245101 39
74380 100
497230 69
699216 17
65166 91
747374 48
835216 82
95866 6
785254 91
1257 46
700802 68
228899 87
99603 83
55589 56
287849 42
87931 79
960640 25
302835 66
472765 17
439769 5
336064 16
808540 8
85983 18
608298 70
475107 1
908971 36
433819 59
680860 93
488669 90
101692 94
365150 29
838411 3
805721 28
436742 4
842873 86
235115 55
737815 44
178151 67
713047 99
440183 17
61774 54
70254 49
934524 44
112728 17
967550 4
949934 85
904000 67
546457 82
670293 31
39168 16
439754 22
570122 50
423493 67
495257 94
889872 84
58995 45
838435 25
429774 1
654029 50
535675 14
488324 70
23524 25
138116 18
922648 41
490004 26
619612 7
790902 44
379769 58
401847 61
136062 66
357407 72
125234 61
560804 100
405029 91
624822 99
206055 63
476222 96
460107 55
889892 14
58811 88
731317 19
395861 15
575428 59
774267 2
903261 67
98977 56
396956 89
803334 57
358349 100
230094 9
277596 63
522175 35
900731 64
254925 85
633557 41
738934 82
73430 97
412262 56
465851 15
772050 100
766757 86
221197 88
348191 12
494659 43
510559 98
102757 39
471718 49
134759 97
51722 30
932181 7
664718 26
459194 70
413848 8
526986 55
68131 94
705027 3
798079 28
169804 97
938429 51
787964 22
419672 74
110085 59
955645 92
360065 84
705019 64
852110 54
261767 97
95356 62
419161 54
333628 92
345346 27
787727 64
873562 68
68650 66
444174 9
614467 25
841720 71
150152 22
110278 70
3312 67
320539 50
780003 25
179063 60
144301 94
432311 6
217974 99
233951 21
719226 75
458212 65
71345 70
53162 64
198315 84
949757 79
792137 48
823529 27
313176 93
498811 31
4608 26
320916 63
489666 41
736339 64
50293 62
551106 7
346631 5
996493 54
541166 7
964326 97
691209 97
474406 95
521700 39
594188 97
329306 57
757097 37
452367 44
107541 80
163756 82
297866 74
242035 4
774832 33
234233 41
176195 62
103850 10
295002 38
98158 7
508915 36
437299 8
144280 53
251100 70
953076 32
904123 79
927602 31
560096 71
354556 15
376554 40
721842 45
232594 21
511927 32
409329 40
922782 89
424429 33
481954 66
532242 87
72114 64
465406 31
581419 6
724015 17
270818 34
613328 12
609416 91
69207 61
102351 46
273174 37
510549 7
409933 2
7367 55
953882 47
745139 16
612507 98
919426 49
235045 63
324509 31
457558 69
377179 33
437871 92
625613 80
889075 66
234636 19
806345 47
160463 90
154954 73
25006 45
785224 71
701732 69
968041 57
402351 97
242931 21
927002 77
437404 43
82516 10
889136 22
537194 25
26299 63
464818 7
243436 3
27538 93
359795 45
515880 80
917577 52
234292 80
581528 47
573024 89
382796 61
943151 68
701163 73
463685 80
460294 4
21821 86
21224 81
918087 42
747330 95
461198 57
393171 29
733197 65
463153 34
382563 3
570371 14
54459 85
262738 72
513069 39
179054 70
876901 75
171300 39
306407 29
977014 65
594770 26
740048 19
202929 79
231540 56
743093 20
23634 58
639983 38
981252 82
169320 43
872680 90
790306 84
546256 14
672362 98
588734 96
910533 45
903265 57
601307 86
307992 17
264683 92
708514 48
913845 97
644736 73
20888 92
293750 82
851150 44
247857 30
390365 51
668733 32
3212 43
169669 14
844664 74
801698 56
188584 1
62108 9
356459 29
821800 30
593766 97
286989 30
389788 92
276469 96
805907 41
652625 23
756781 90
230110 98
150913 53
892269 14
357597 90
845877 65
335488 82
866848 37
720223 64
367952 56
219037 32
9549 94
590138 45
851099 20
906720 17
596523 20
388065 9
853856 7
952833 72
54378 57
519892 88
950421 24
332458 33
569255 1
979447 44
187686 16
504051 73
666515 82
839154 58
399428 12
31770 72
374560 69
614025 99
701229 78
447362 94
289517 95
131260 8
114749 10
237934 28
924532 92
915426 71
316981 19
127166 75
443185 28
213058 89
107018 52
332009 78
988949 7
474162 46
782321 59
879547 95
492523 99
144180 52
311912 20
851090 46
325129 99
116238 26
261320 10
183252 93
134395 59
41961 74
659465 55
134387 27
460012 78
428333 94
299605 60
415653 77
32214 36
54747 71
639697 27
938973 78
656875 84
142315 88
343337 93
62094 6
197123 31
522151 40
168091 68
980321 29
264265 93
202440 61
569798 65
886644 27
160609 64
326416 61
824243 64
180438 59
581083 80
368104 86
751652 55
806529 9
995997 30
270907 66
157083 81
885400 53
841933 76
757330 95
141998 96
215714 5
94526 51
231665 72
498185 17
327685 17
972637 30
569587 88
626307 79
306758 21
339612 47
106594 99
517989 58
25280 63
223773 60
876250 26
108728 53
932451 94
424802 100
697695 35
478862 73
629936 58
198132 62
278524 61
144403 12
145971 53
82450 81
595485 46
787924 77
24256 25
575324 29
457455 58
220239 53
506033 92
427263 54
468023 54
271869 16
613534 25
328611 18
50033 85
474461 64
605982 88
304787 44
450603 21
333314 6
608318 71
598252 91
872289 18
584735 66
633856 98
209801 75
366106 14
382097 99
632791 49
999533 2
784130 69
185708 56
537760 36
980081 30
172874 76
238858 32
770659 48
906864 75
778173 12
913745 16
218314 32
670833 75
817445 17
591812 87
908256 73
139924 77
218782 90
911565 13
948943 58
991040 18
609785 46
618504 69
31380 7
371723 45
312852 79
25746 60
495555 88
162731 21
170936 23
304403 21
979267 5
672476 69
636659 57
853257 80
460225 48
542802 47
924279 42
508246 97
185016 22
623393 29
103924 16
866188 85
73829 26
704490 72
872178 45
433336 62
516804 67
562440 41
71281 55
189036 10
16079 24
789755 17
534788 3
365840 98
916728 50
588692 92
8300 92
11051 13
648037 56
165538 54
813810 5
553133 56
230827 58
353947 65
689991 46
254080 55
246799 19
506830 62
215135 47
676624 24
66169 7
154248 10
990731 38
559704 75
99770 58
285764 60
443222 79
79343 75
420992 1
226712 56
127203 69
175186 86
761047 95
556509 85
391110 3
809650 10
629027 39
964959 71
547360 38
347584 78
466076 74
306181 87
600447 93
485047 84
658569 36
753922 8
96757 23
694059 74
536832 30
72572 62
916664 16
812304 67
471709 59
599996 80
998458 47
224333 82
690881 88
960150 42
396554 74
58754 51
857486 68
245851 5
430316 55
674966 22
894240 16
189117 51
563060 82
270341 57
529550 79
953154 98
301161 75
41066 30
851937 90
296748 50
633368 38
961097 16
177684 94
384679 17
693622 80
833760 72
402766 1
158900 91
53370 92
196845 4
488668 93
281685 42
985723 14
252226 88
969907 19
573561 48
747462 74
564552 57
870820 20
629673 11
352003 5
143058 13
173857 18
209460 5
424393 92
441443 54
45743 34
582807 29
841214 90
968385 87
144877 63
342320 68
102772 76
797243 64
831044 17
786340 19
968577 13
565367 7
481199 35
341583 81
188319 71
935745 19
11950 23
355435 4
269763 15
685201 86
492614 36
370500 65
926657 12
679195 82
309564 41
833819 8
45984 51
618204 72
664017 76
603608 29
469307 74
455138 82
441728 95
38325 92
263256 43
270748 53
408182 2
435944 26
577612 31
117028 5
305618 18
395664 52
708303 87
783306 12
972829 10
467875 60
455964 69
155106 61
674955 87
841303 50
175629 26
858256 23
764275 32
445071 69
706804 71
440209 57
473676 2
599944 35
641021 94
334029 58
636522 73
592515 89
537986 55
333083 88
142136 52
822901 91
281519 99
993301 13
720117 55
805484 58
939928 16
355549 83
256180 67
291908 91
641816 5
191471 5
60623 84
263435 8
143979 23
612265 42
660780 54
369072 4
614095 32
75799 56
952563 81
966259 28
206487 88
356483 4
532622 13
504776 72
208079 2
882877 16
927267 38
377677 83
525527 12
375718 53
633742 51
110957 38
585274 57
990722 71
497699 50
659413 30
901327 26
95550 5
883299 100
127255 52
440275 35
496064 90
167933 90
983644 65
562244 56
212334 41
890951 87
497935 62
569281 16
775552 64
400061 31
341894 66
730337 85
793673 83
783609 68
665268 71
244049 13
441219 38
870772 79
170060 93
414770 79
449243 20
662140 5
362871 49
937074 53
767356 74
300023 95
215610 61
2986 45
1951 12
322583 83
647265 95
491768 54
311059 14
798623 44
958832 95
366559 45
913672 35
836757 76
782155 33
934748 99
430178 69
497096 80
440034 99
896138 40
879803 83
200645 96
582626 28
253561 73
995065 63
332948 84
870234 29
374602 43
858513 34
842361 82
968555 52
910670 60
247835 55
315880 5
574259 62
197472 10
567576 76
353737 2
850619 48
577409 5
445313 78
729772 38
561502 86
366003 16
982289 3
257039 7
803708 91
837336 72
580116 11
714510 66
142111 100
860235 17
792305 60
951018 21
753068 11
974463 25
241653 16
227453 80
777422 26
14168 41
252642 71
626237 18
636576 44
87623 53
71991 29
974448 46
525145 67
652266 8
625601 36
273391 14
890939 19
326243 36
615585 62
753438 71
210302 82
584504 19
930143 18
620331 93
623226 25
55084 95
800751 15
730822 42
371732 63
932252 30
569218 69
231392 22
376874 28
246748 53
851664 36
482918 45
425729 3
95891 99
715492 6
691584 73
586926 67
90004 44
525352 61
978118 56
482179 35
655295 51
673265 96
309315 99
273339 52
953049 96
700685 29
676653 60
267753 20
973799 58
416907 55
813731 78
747166 96
439440 64
993419 17
432168 72
94681 45
636660 17
556232 63
788191 81
358323 31
983752 74
301346 76
268424 97
104394 78
986292 28
449776 80
585722 70
161709 66
125678 82
92293 94
142562 88
835913 82
422360 68
970177 93
13563 97
915987 35
745944 8
294619 91
805071 66
527798 90
282424 83
508077 91
237421 98
226175 2
976702 48
578048 4
690859 96
613830 23
716748 65
21273 61
106207 68
178655 40
8250 79
847683 7
608089 37
661249 22
106866 60
482141 100
532835 26
538166 98
217613 86
226599 25
69052 73
281219 48
158701 73
890889 63
258577 80
990298 28
611547 92
960868 77
201149 91
408509 78
412194 8
547997 62
583107 49
622261 89
628203 50
624229 13
906633 34
852212 99
712539 19
154509 16
220056 52
473990 23
150827 57
458890 82
893650 73
277246 95
417670 47
118021 71
561075 53
630304 89
523688 44
675238 98
894220 85
456842 29
157237 5
764961 5
593595 79
695400 100
238872 77
588800 63
298799 15
693847 22
996126 57
672114 39
411995 26
619545 35
588498 43
556308 27
207225 81
746234 31
928090 38
232254 44
677314 29
231937 17
635154 70
945553 68
437419 93
372122 17
872168 26
228606 96
731938 91
314435 77
435000 13
511130 4
864010 78
949365 81
573225 81
553248 20
404659 56
483669 57
869895 57
844615 76
772381 36
759131 56
78691 12
585669 62
187567 50
286466 98
670633 1
579363 83
571507 51
114544 69
628032 6
256451 60
735189 23
111399 32
692712 16
54894 82
83101 96
84076 32
864079 57
865570 48
361769 44
687224 5
866804 87
133082 20
370414 17
776797 48
940608 47
204448 39
820144 29
413178 85
434593 35
494992 57
471104 56
894689 66
275754 75
366958 64
693686 69
620872 9
761000 6
544171 29
415344 94
752495 55
550086 23
315123 80
651466 85
926160 58
239012 31
573050 24
558302 27
466381 73
391219 46
424839 27
574782 39
196885 89
127445 33
749504 1
656624 10
450201 66
73715 62
847671 95
870762 15
250030 2
706910 76
567029 30
648462 60
724034 66
450730 97
176453 17
940200 95
390211 35
171848 6
692996 64
780390 75
468750 52
327012 46
62119 86
131415 96
423445 17
390015 49
317197 9
962151 74
261908 98
313742 27
318981 68
41050 69
704693 52
242130 48
570978 56
435592 13
912065 27
100025 75
985150 51
842009 25
42313 78
919413 22
639180 66
765569 8
236565 27
976860 23
35298 21
581053 100
65996 26
383105 87
44870 100
596110 5
114213 16
937489 14
364471 55
655478 32
214349 47
785840 80
627070 34
408753 5
772121 56
128661 83
690166 71
267318 54
775981 96
178276 6
166809 72
562350 26
437997 52
591243 52
623309 36
343669 1
771556 11
730527 48
390382 21
40335 40
303986 73
183992 8
723101 38
590509 83
598330 97
173450 71
719368 2
257824 6
680204 90
382406 88
560635 70
89949 61
937808 86
459761 68
520871 78
576307 32
598836 52
580611 51
377393 69
310089 74
229271 24
976642 46
883069 86
972507 88
800630 43
42976 83
174459 78
465846 73
508630 51
162964 30
276403 100
480242 40
98354 24
297077 36
105485 39
750832 74
739686 8
165468 49
805475 50
659477 44
814940 12
74106 50
620362 36
719814 15
711351 52
227319 23
859102 70
510628 10
131838 16
567502 86
334605 94
546250 73
9162 16
681829 76
391782 54
583877 92
458227 1
653233 8
649442 4
622868 70
384951 13
985098 53
78898 23
431521 3
579691 88
788684 71
839371 18
808062 95
430183 59
604270 18
910767 35
66467 96
