1357
659309 9
659309 14
659309 88
659309 2
659309 51
659309 61
659309 29
659309 94
659309 85
659309 6
659309 41
659309 12
659309 5
659309 36
659309 57
659309 73
659309 51
659309 24
659309 86
659309 57
659309 17
659309 27
659309 58
659309 27
659309 58
659309 38
659309 72
659309 70
659309 62
659309 97
659309 23
659309 18
659309 13
659309 18
659309 97
659309 86
659309 42
659309 24
659309 30
659309 30
659309 66
659309 60
659309 33
659309 97
659309 56
659309 54
659309 63
659309 85
659309 35
659309 55
659309 73
659309 58
659309 70
659309 33
659309 64
659309 8
659309 84
659309 12
659309 36
659309 68
659309 49
659309 76
659309 39
659309 24
659309 43
659309 55
659309 12
659309 42
659309 76
659309 60
659309 26
659309 22
659309 71
659309 27
659309 35
659309 6
659309 84
659309 51
659309 99
659309 80
659309 2
659309 94
659309 35
659309 38
659309 35
659309 57
659309 94
659309 77
659309 6
659309 63
659309 49
659309 82
659309 1
659309 14
659309 42
659309 56
659309 56
659309 43
659309 63
659309 12
659309 78
659309 25
659309 79
659309 53
659309 44
659309 97
659309 74
659309 41
659309 14
659309 76
659309 73
659309 19
659309 11
659309 18
659309 33
659309 13
659309 96
659309 70
659309 32
659309 41
659309 89
659309 86
659309 91
659309 98
659309 90
659309 91
659309 46
659309 54
659309 15
659309 52
659309 41
659309 45
659309 59
659309 36
659309 60
659309 93
659309 6
659309 65
659309 82
659309 4
659309 30
659309 76
659309 9
659309 93
659309 98
659309 50
659309 57
659309 62
659309 28
659309 68
659309 42
659309 30
659309 41
659309 14
659309 75
659309 2
659309 78
659309 16
659309 84
659309 14
659309 93
659309 25
659309 2
659309 93
659309 60
659309 71
659309 29
659309 28
659309 85
659309 76
659309 87
659309 99
659309 71
659309 88
659309 48
659309 5
659309 4
659309 22
659309 64
659309 7
659309 64
659309 11
659309 72
659309 90
659309 41
659309 65
659309 43
659309 20
659309 14
659309 92
659309 5
659309 19
659309 33
659309 51
659309 6
659309 76
659309 40
659309 4
659309 23
659309 99
659309 48
659309 85
659309 49
659309 72
659309 65
659309 14
659309 76
659309 46
659309 13
659309 47
659309 79
659309 70
659309 63
659309 20
659309 86
659309 90
659309 45
659309 66
659309 41
659309 46
659309 9
659309 19
659309 71
659309 2
659309 24
659309 33
659309 73
659309 53
659309 88
659309 71
659309 64
659309 2
659309 4
659309 24
659309 28
659309 1
659309 70
659309 16
659309 66
659309 29
659309 44
659309 48
659309 89
659309 44
659309 38
659309 10
659309 64
659309 50
659309 82
659309 89
659309 43
659309 9
659309 61
659309 22
659309 59
659309 55
659309 89
659309 47
659309 91
659309 50
659309 44
659309 31
659309 21
659309 49
659309 68
659309 37
659309 84
659309 36
659309 27
659309 86
659309 39
659309 54
659309 30
659309 25
659309 49
659309 24
659309 60
659309 58
659309 67
659309 45
659309 56
659309 19
659309 27
659309 12
659309 26
659309 56
659309 2
659309 50
659309 97
659309 85
659309 16
659309 65
659309 43
659309 76
659309 14
659309 43
659309 97
659309 49
659309 73
659309 27
659309 7
659309 74
659309 30
659309 5
659309 6
659309 27
659309 13
659309 76
659309 94
659309 66
659309 37
659309 37
659309 42
659309 15
659309 95
659309 57
659309 53
659309 37
659309 39
659309 83
659309 56
659309 16
659309 32
659309 31
659309 42
659309 26
659309 12
659309 38
659309 87
659309 91
659309 51
659309 63
659309 35
659309 94
659309 54
659309 17
659309 53
659309 9
659309 63
659309 34
659309 55
659309 4
659309 35
659309 4
659309 57
659309 49
659309 25
659309 18
659309 14
659309 10
659309 29
659309 1
659309 81
659309 19
659309 59
659309 51
659309 56
659309 62
659309 65
659309 4
659309 77
659309 44
659309 10
659309 3
659309 62
659309 90
659309 49
659309 83
659309 54
659309 75
659309 21
659309 3
659309 24
659309 32
659309 70
659309 79
659309 60
659309 9
659309 20
659309 72
659309 4
659309 46
659309 82
659309 5
659309 93
659309 86
659309 14
659309 99
659309 90
659309 23
659309 39
659309 38
659309 11
659309 62
659309 35
659309 9
659309 62
659309 60
659309 94
659309 16
659309 70
659309 38
659309 70
659309 59
659309 1
659309 72
659309 65
659309 18
659309 16
659309 56
659309 16
659309 31
659309 40
659309 13
659309 89
659309 83
659309 55
659309 86
659309 11
659309 85
659309 75
659309 81
659309 16
659309 52
659309 42
659309 16
659309 80
659309 11
659309 99
659309 74
659309 89
659309 78
659309 33
659309 57
659309 90
659309 14
659309 9
659309 42
659309 91
659309 24
659309 64
659309 29
659309 85
659309 79
659309 1
659309 72
659309 86
659309 75
659309 72
659309 34
659309 68
659309 54
659309 96
659309 69
659309 26
659309 77
659309 30
659309 51
659309 99
659309 10
659309 94
659309 87
659309 81
659309 17
659309 50
659309 68
659309 29
659309 80
659309 65
659309 22
659309 6
659309 27
659309 17
659309 17
659309 27
659309 67
659309 88
659309 82
659309 65
659309 41
659309 87
659309 22
659309 63
659309 22
659309 65
659309 10
659309 16
659309 3
659309 74
659309 25
659309 42
659309 46
659309 63
659309 24
659309 32
659309 7
659309 69
659309 19
659309 3
659309 8
659309 8
659309 82
659309 13
659309 37
659309 31
659309 15
659309 10
659309 85
659309 57
659309 91
659309 94
659309 97
659309 53
659309 55
659309 46
659309 9
659309 49
659309 92
659309 13
659309 32
659309 15
659309 40
659309 59
659309 23
659309 5
659309 96
659309 53
659309 70
659309 80
659309 39
659309 24
659309 19
659309 67
659309 60
659309 99
659309 87
659309 97
659309 63
659309 34
659309 59
659309 23
659309 47
659309 93
659309 38
659309 26
659309 48
659309 59
659309 3
659309 8
659309 99
659309 31
659309 93
659309 1
659309 79
659309 100
659309 53
659309 49
659309 83
659309 41
659309 16
659309 76
659309 63
659309 68
659309 37
659309 98
659309 19
659309 98
659309 29
659309 52
659309 17
659309 31
659309 50
659309 26
659309 59
659309 30
659309 21
659309 41
659309 61
659309 48
659309 63
659309 56
659309 76
659309 93
659309 62
659309 55
659309 99
659309 47
659309 15
659309 47
659309 89
659309 70
659309 39
659309 64
659309 76
659309 16
659309 22
659309 76
659309 16
659309 29
659309 35
659309 71
659309 6
659309 65
659309 58
659309 63
659309 62
659309 25
659309 50
659309 70
659309 31
659309 24
659309 51
659309 34
659309 26
659309 11
659309 38
659309 37
659309 38
659309 79
659309 94
659309 37
659309 15
659309 65
659309 92
659309 50
659309 36
659309 6
659309 38
659309 5
659309 38
659309 24
659309 65
659309 71
659309 9
659309 69
659309 82
659309 86
659309 53
659309 74
659309 53
659309 95
659309 77
659309 27
659309 97
659309 73
659309 50
659309 41
659309 75
659309 20
659309 44
659309 12
659309 42
659309 90
659309 20
659309 66
659309 6
659309 86
659309 17
659309 51
659309 16
659309 10
659309 65
659309 67
659309 94
659309 75
659309 10
659309 1
659309 96
659309 74
659309 90
659309 62
659309 73
659309 69
659309 59
659309 32
659309 69
659309 27
659309 11
659309 23
659309 75
659309 80
659309 11
659309 53
659309 83
659309 92
659309 96
659309 65
659309 75
659309 65
659309 3
659309 56
659309 61
659309 75
659309 73
659309 22
659309 23
659309 48
659309 78
659309 90
659309 6
659309 96
659309 95
659309 51
659309 44
659309 55
659309 82
659309 13
659309 73
659309 40
659309 29
659309 13
659309 63
659309 68
659309 9
659309 16
659309 9
659309 24
659309 60
659309 35
659309 5
659309 87
659309 20
659309 59
659309 46
659309 7
659309 67
659309 1
659309 68
659309 93
659309 88
659309 33
659309 57
659309 75
659309 48
659309 22
659309 84
659309 23
659309 32
659309 77
659309 84
659309 49
659309 24
659309 83
659309 19
659309 77
659309 21
659309 12
659309 83
659309 57
659309 91
659309 26
659309 25
659309 87
659309 78
659309 70
659309 44
659309 35
659309 78
659309 69
659309 69
659309 92
659309 97
659309 84
659309 29
659309 28
659309 27
659309 72
659309 98
659309 13
659309 4
659309 28
659309 9
659309 46
659309 9
659309 86
659309 39
659309 38
659309 44
659309 14
659309 2
659309 51
659309 29
659309 12
659309 51
659309 50
659309 93
659309 55
659309 70
659309 82
659309 66
659309 68
659309 14
659309 94
659309 35
659309 73
659309 73
659309 31
659309 2
659309 43
659309 78
659309 78
659309 71
659309 3
659309 65
659309 82
659309 91
659309 24
659309 38
659309 24
659309 80
659309 96
659309 70
659309 28
659309 43
659309 11
659309 83
659309 59
659309 27
659309 88
659309 71
659309 29
659309 52
659309 59
659309 14
659309 61
659309 84
659309 87
659309 43
659309 11
659309 73
659309 29
659309 35
659309 42
659309 19
659309 4
659309 68
659309 66
659309 39
659309 82
659309 58
659309 51
659309 15
659309 99
659309 59
659309 62
659309 64
659309 57
659309 8
659309 79
659309 90
659309 36
659309 66
659309 76
659309 87
659309 87
659309 34
659309 61
659309 31
659309 49
659309 29
659309 93
659309 34
659309 41
659309 67
659309 36
659309 11
659309 100
659309 38
659309 93
659309 83
659309 29
659309 53
659309 70
659309 45
659309 95
659309 9
659309 53
659309 48
659309 33
659309 36
659309 9
659309 65
659309 98
659309 44
659309 50
659309 16
659309 42
659309 90
659309 1
659309 13
659309 49
659309 24
659309 52
659309 75
659309 34
659309 92
659309 1
659309 55
659309 91
659309 98
659309 20
659309 81
659309 79
659309 32
659309 45
659309 41
659309 88
659309 100
659309 26
659309 84
659309 39
659309 93
659309 94
659309 53
659309 12
659309 61
659309 35
659309 41
659309 98
659309 86
659309 30
659309 41
659309 6
659309 92
659309 93
659309 11
659309 50
659309 79
659309 80
659309 72
659309 78
659309 74
659309 94
659309 21
659309 98
659309 27
659309 77
659309 91
659309 83
659309 79
659309 60
659309 19
659309 90
659309 60
659309 50
659309 25
659309 73
659309 81
659309 9
659309 68
659309 9
659309 78
659309 4
659309 71
659309 8
659309 97
659309 75
659309 23
659309 12
659309 20
659309 62
659309 57
659309 91
659309 64
659309 84
659309 17
659309 33
659309 53
659309 42
659309 55
659309 14
659309 63
659309 97
659309 61
659309 16
659309 5
659309 100
659309 37
659309 81
659309 99
659309 33
659309 88
659309 85
659309 41
659309 18
659309 7
659309 71
659309 42
659309 83
659309 50
659309 24
659309 59
659309 6
659309 22
659309 96
659309 97
659309 17
659309 79
659309 79
659309 80
659309 59
659309 78
659309 51
659309 8
659309 30
659309 82
659309 96
659309 79
659309 77
659309 54
659309 100
659309 85
659309 66
659309 94
659309 9
659309 73
659309 44
659309 30
659309 15
659309 69
659309 56
659309 92
659309 74
659309 23
659309 49
659309 52
659309 87
659309 45
659309 47
659309 78
659309 18
659309 30
659309 17
659309 75
659309 92
659309 70
659309 13
659309 47
659309 94
659309 92
659309 16
659309 50
659309 58
659309 41
659309 53
659309 37
659309 52
659309 88
659309 27
659309 63
659309 56
659309 84
659309 95
659309 81
659309 98
659309 66
659309 66
659309 14
659309 62
659309 79
659309 79
659309 79
659309 41
659309 12
659309 48
659309 46
659309 71
659309 76
659309 90
659309 51
659309 50
659309 34
659309 66
659309 15
659309 83
659309 8
659309 33
659309 97
659309 68
659309 23
659309 83
659309 11
659309 42
659309 32
659309 88
659309 6
659309 80
659309 22
659309 39
659309 52
659309 48
659309 9
659309 47
659309 77
659309 60
659309 90
659309 23
659309 67
659309 87
659309 56
659309 29
659309 15
659309 61
659309 54
659309 78
659309 49
659309 4
659309 62
659309 32
659309 83
659309 56
659309 98
659309 7
659309 53
659309 22
659309 97
659309 82
659309 22
659309 56
659309 48
659309 25
659309 19
659309 36
659309 77
659309 75
659309 60
659309 99
659309 75
659309 54
659309 23
659309 36
659309 44
659309 89
659309 54
659309 33
659309 48
659309 81
659309 27
659309 79
659309 51
659309 2
659309 62
659309 100
659309 56
659309 64
659309 17
659309 74
659309 62
659309 46
659309 74
659309 75
659309 51
659309 54
659309 82
659309 88
659309 100
659309 11
659309 44
659309 66
659309 73
659309 30
659309 82
659309 13
659309 77
659309 82
659309 48
659309 91
659309 72
659309 6
659309 73
659309 33
659309 90
659309 21
659309 66
659309 32
659309 59
659309 94
659309 7
659309 79
659309 49
659309 7
659309 72
659309 67
659309 97
659309 98
659309 21
659309 95
659309 30
659309 89
659309 10
659309 85
659309 70
659309 79
659309 18
659309 16
659309 27
659309 85
659309 69
659309 7
659309 29
659309 98
659309 19
659309 91
659309 100
659309 86
659309 87
659309 100
659309 21
659309 11
659309 72
659309 14
659309 16
659309 86
659309 19
659309 81
659309 32
659309 68
659309 88
659309 45
659309 87
659309 8
659309 61
659309 28
659309 75
659309 32
659309 53
659309 72
659309 69
659309 94
659309 86
659309 38
659309 12
659309 5
659309 78
659309 7
659309 69
659309 23
659309 14
659309 1
659309 43
659309 38
659309 39
659309 89
659309 56
659309 90
659309 48
659309 82
659309 94
659309 85
659309 88
659309 62
659309 94
659309 18
659309 2
659309 83
659309 48
659309 66
659309 54
659309 5
659309 85
659309 96
659309 26
659309 22
659309 65
659309 82
659309 73
659309 7
659309 57
659309 44
659309 94
659309 81
659309 81
659309 69
659309 12
659309 14
659309 69
659309 52
659309 17
659309 80
659309 69
659309 41
659309 32
659309 34
659309 80
659309 64
659309 60
659309 54
659309 37
659309 96
659309 66
659309 75
659309 21
659309 36
659309 81
659309 77
659309 56
659309 26
659309 72
659309 9
659309 60
659309 57
659309 3
659309 33
659309 6
659309 41
659309 76
659309 63
659309 86
659309 63
659309 81
659309 37
659309 98
659309 3
659309 9
659309 81
659309 41
659309 77
659309 59
659309 94
659309 41
659309 47
659309 75
659309 74
659309 98
659309 81
659309 36
659309 73
659309 1
659309 8
659309 56
659309 67
659309 42
659309 89
659309 82
659309 69
659309 16
659309 97
659309 26
659309 10
659309 13
659309 37
659309 56
659309 63
659309 44
659309 43
659309 22
659309 23
659309 13
659309 49
659309 19
659309 69
659309 18
659309 15
659309 51
659309 91
659309 36
659309 60
