156
99 4
25 9
45 10
90 3
96 86
94 44
24 88
15 4
49 1
59 19
81 97
99 82
90 99
10 58
73 23
39 93
39 80
91 58
59 92
16 89
57 12
3 35
73 56
29 47
63 87
76 34
70 43
45 17
82 99
23 52
22 100
58 77
93 90
76 13
1 11
4 70
62 89
2 90
56 24
3 86
83 86
89 27
18 58
33 33
70 55
22 90
77 30
69 93
26 56
35 50
42 13
46 61
19 54
40 24
80 97
88 30
50 38
67 50
94 96
98 17
87 6
89 83
56 35
15 2
17 72
87 64
14 56
86 54
13 9
33 46
14 57
22 59
47 83
82 45
97 23
30 62
36 51
74 67
45 60
93 40
54 25
55 11
46 50
87 14
75 23
69 19
88 6
59 92
3 26
78 15
15 25
35 75
73 60
34 71
88 98
19 78
74 71
64 69
93 86
3 81
14 28
3 100
28 26
44 25
24 73
62 82
4 33
6 94
26 32
93 43
23 87
65 1
88 61
14 75
71 71
36 34
12 61
97 68
86 51
41 95
96 25
20 26
77 95
59 3
72 67
79 94
52 85
19 65
20 53
1 88
61 27
11 58
71 16
77 28
44 59
65 10
83 87
66 88
78 75
26 28
30 29
24 21
3 63
24 97
38 62
96 26
65 61
3 17
31 27
12 72
12 48
54 21
91 25
89 64
41 52
63 30
