1064
930726 34
726654 100
634023 86
905689 100
6268 99
570044 53
501822 9
188366 2
493038 32
536291 41
963955 18
149599 60
510021 13
883563 75
329254 38
816956 15
965942 53
370584 7
225735 52
785119 93
71356 100
389125 89
931603 70
877304 97
91956 34
827567 39
283471 31
670485 58
222393 73
165380 70
628164 18
78101 33
572865 60
951981 4
405754 29
628366 26
271288 79
358745 56
916600 7
340860 20
914204 53
297291 75
584763 79
679533 48
37785 36
133157 69
287476 2
939754 64
580006 100
630 10
460615 67
55975 23
980256 60
734978 19
32962 61
359278 7
113126 64
895249 100
51420 93
616136 17
440372 18
54202 79
639918 46
816110 56
835908 66
98416 20
252214 25
981934 34
439266 88
805324 19
816906 29
494881 40
992080 30
760348 24
910425 78
495820 17
816666 1
950253 1
388585 76
382676 51
600122 81
382740 74
284877 63
281190 43
212527 55
683266 76
901349 4
468647 98
428057 53
113480 58
855771 59
225049 61
522712 89
904424 37
153947 55
920015 79
192167 82
857567 57
452819 54
129426 68
578419 85
652015 65
341228 11
114580 52
684545 66
310256 47
635975 40
133780 41
340479 29
245080 55
192252 59
6034 70
349801 82
380618 18
914639 47
88565 69
760352 15
315485 45
844596 43
239802 42
442118 14
570030 76
957381 27
642783 84
417949 95
660136 100
430082 71
27472 56
459873 20
134225 55
353097 52
515985 48
637603 30
356248 71
356054 32
611885 74
455271 49
835997 4
6140 80
381982 69
369025 47
413697 95
756772 65
130428 40
400172 45
391023 99
369990 56
744427 89
525355 3
42987 89
640359 61
171327 99
841124 78
955097 11
839123 98
399155 55
889786 79
202128 41
484954 96
47690 68
286762 78
239072 49
487824 19
327428 30
729449 59
828512 88
869952 86
699140 45
535868 56
988924 56
164016 44
540353 26
506007 47
919871 99
188187 52
733355 68
733818 62
347613 5
671659 86
899360 99
675146 88
664643 89
593718 92
771215 90
398572 66
8290 90
275451 28
564203 19
513064 54
191865 16
255837 75
91924 20
150140 10
663266 44
523488 50
904514 50
720061 5
628959 25
164706 43
261938 97
114614 14
178789 91
158875 2
420181 74
977658 66
877097 34
832984 53
965495 56
839116 75
364522 55
677045 97
67884 3
545011 37
530687 73
512281 42
720705 21
815830 12
489761 35
393911 5
334049 26
743326 39
256379 28
338498 100
186502 38
873228 55
78384 43
283057 2
935523 80
28569 7
930669 65
860788 84
518990 82
467533 71
225200 100
680181 24
795059 18
854114 35
335448 42
794387 83
245174 91
808602 22
703599 1
338523 9
116008 77
703454 58
673781 52
313032 36
550573 62
492697 78
81966 2
675197 77
608813 2
138197 18
159853 62
827329 74
563769 7
75989 6
336482 79
688379 91
140479 69
307314 74
429281 13
593710 1
571313 48
831226 96
157045 4
32630 4
400754 39
955142 94
220196 51
965252 68
971330 21
113435 18
807108 60
899991 37
806443 74
403012 28
321470 87
477052 70
899308 35
789614 75
549472 80
567815 19
509093 77
779524 15
21289 53
671762 11
174532 72
757132 6
761039 56
916150 65
939503 3
23747 48
240725 52
981128 1
594866 63
784308 44
765579 26
99479 66
808170 20
333663 52
684133 2
802531 78
101426 50
505224 4
232256 16
118368 90
413325 84
645853 94
510833 21
340587 87
287701 22
572812 32
161040 57
647948 4
699619 93
109476 23
60165 54
287149 69
466559 64
293996 23
757649 37
110874 64
653322 11
390977 79
388767 84
430331 98
938857 55
997045 87
829835 51
826126 96
484916 88
435748 83
271603 23
970856 58
409695 43
888792 3
622333 52
525741 40
271271 40
441888 36
895848 11
156494 76
893376 61
861804 68
431446 84
586756 96
807358 29
127149 5
371034 29
169290 53
413443 74
504235 5
268926 86
577504 23
855912 98
310119 87
59288 90
396349 54
834798 72
354546 22
243789 99
158612 72
217319 77
198862 6
529125 53
764491 72
585439 14
674820 95
702801 81
876216 87
128016 83
386821 42
583545 64
65566 6
452550 82
956486 19
441226 46
506791 23
388751 4
257494 61
17920 93
505314 11
903783 16
940674 61
94127 4
6910 72
567074 39
784427 54
186135 36
832776 6
814554 90
829669 27
598249 21
912418 4
721179 62
600980 34
587348 49
361668 88
523980 8
459971 76
830421 19
248248 59
984480 24
793158 1
396157 37
543313 19
583742 4
728081 10
709508 62
174701 9
450029 16
191447 92
616206 10
79211 3
901187 61
661928 78
987580 19
184878 69
510671 17
210245 74
283318 2
450066 74
66884 42
999366 37
631735 65
321710 94
449128 91
722287 57
128280 83
312076 22
355454 93
313998 99
124321 9
524261 44
934896 86
370456 4
510668 2
826017 3
754944 39
201093 16
34268 13
292174 1
472112 32
463914 69
881758 29
173598 100
58864 73
363541 5
658685 26
672358 35
212871 26
380974 74
580043 51
231829 18
80901 82
237389 5
554126 17
715634 7
430695 52
134294 98
127113 41
114841 1
92299 26
459869 99
175052 95
972535 25
937431 31
799350 80
852030 46
484740 96
541925 19
971355 37
521001 51
881282 13
320177 28
617540 36
565446 10
118836 20
137732 4
21379 69
415306 86
510560 49
678499 97
352030 83
340528 96
533127 77
875443 23
587120 37
239431 90
358308 34
850287 9
867202 49
852159 94
349669 98
694797 21
433767 36
73392 90
87398 83
203437 26
641110 27
507307 69
720180 9
308355 4
173323 85
779396 87
190081 51
112582 52
10144 69
518623 96
387427 89
682714 30
990055 54
585914 59
224850 57
940154 33
510348 68
56571 29
851170 5
671464 70
564970 28
774842 99
674366 97
211097 98
766315 43
897745 28
451302 30
456348 52
183268 87
738019 70
490859 22
713867 15
850160 15
922218 29
682536 65
230709 42
254540 1
115973 1
496003 48
929930 64
327092 53
562113 84
470757 80
895623 19
162748 32
195814 4
599414 61
410724 84
476081 65
386053 61
538269 96
379516 49
938929 55
362495 53
183351 10
687548 63
938952 43
634905 44
381974 90
487118 13
96269 47
42686 42
641660 46
317512 81
614077 80
384853 87
118872 33
371728 73
106839 4
726788 6
368064 35
589650 29
36088 36
649988 14
162288 8
376869 63
618616 60
803302 77
58563 26
371001 69
971524 15
407141 16
638000 59
501509 46
109949 84
159534 35
856262 50
449072 24
340370 53
567981 25
348203 53
4989 58
197530 100
168665 47
450002 82
112444 82
29941 96
927298 98
758524 93
254382 61
644195 38
148185 14
404657 70
387768 49
256165 40
447615 9
594110 7
92875 78
102611 13
310994 71
416433 80
31250 84
726718 24
364021 3
856339 46
196189 36
923144 37
343711 87
759013 57
500237 37
868032 14
396198 36
55199 69
499393 66
763394 83
350604 25
179173 92
162943 49
428047 77
100233 24
120332 36
91302 26
901097 32
35419 68
979340 71
197267 37
114099 23
528139 45
495302 47
568529 100
418502 55
670850 6
291128 79
80326 61
28695 75
535883 78
525054 52
148123 19
635143 50
76585 17
990859 63
193132 71
136267 65
693851 92
124777 36
403632 68
895742 87
614318 47
93102 90
364394 54
695620 67
427716 81
963584 100
428240 80
643297 69
642275 77
236874 19
722235 81
195353 44
467009 11
995199 14
243856 97
486665 2
113613 5
395728 39
784046 12
651910 81
687744 80
572777 91
604376 50
168245 49
154981 71
840368 28
747748 64
701610 54
779238 58
259328 24
840676 94
948102 84
231641 49
452259 61
156372 10
789259 16
563146 98
578960 31
467845 92
822530 81
304649 81
773412 22
792905 74
318543 35
649143 11
885603 70
473887 86
929875 91
17740 53
218417 3
755745 17
349763 96
750636 98
717708 45
915819 47
630791 12
617771 18
953164 75
571725 30
62870 62
394909 45
983582 22
782964 23
587089 75
494947 4
66942 45
6230 3
189725 14
485874 55
337652 22
971292 20
27460 93
928229 23
636624 84
976276 50
179023 29
494469 32
874985 55
139479 13
716829 10
167511 37
244051 80
734839 37
137735 39
592295 99
918495 47
770348 77
735224 39
139091 68
713303 57
809536 23
952071 8
703705 82
288058 26
601657 63
276119 39
262373 12
518582 45
892678 94
320049 17
599445 47
76644 77
389421 50
479649 12
791759 39
161672 69
801588 83
545486 29
72581 11
428617 27
196430 80
354782 33
269510 10
23598 2
615624 98
39050 70
21064 72
923290 41
90740 72
248958 80
118708 25
730890 50
117012 41
785268 12
259954 13
145548 11
33802 10
82705 12
88950 8
905602 95
174782 51
385600 15
276875 82
422552 80
698833 20
943182 98
612638 70
684355 4
727554 23
63303 76
873357 31
899643 45
421214 77
955151 58
18097 20
71866 1
643949 9
117507 50
974633 17
204341 46
973017 48
219793 5
817064 29
194523 30
854049 50
535510 67
103744 29
191244 62
600447 20
903927 82
484656 25
614044 21
563094 83
726658 42
184364 22
500553 54
340383 96
655238 68
481387 52
119033 42
80789 28
94704 44
970806 61
365239 20
308831 58
491624 100
255343 50
969775 65
929533 47
55403 78
847648 85
572585 32
911861 85
139754 41
27653 47
100739 97
957440 28
470564 67
408539 75
653362 48
286832 37
499136 26
365417 62
706747 76
439397 4
883950 93
281231 40
774573 41
280687 32
264383 21
25487 20
56865 35
568197 57
493313 47
121368 16
335669 73
654567 93
218272 60
745562 48
360454 14
351696 30
575609 86
262470 40
853932 5
153184 16
748481 97
80868 15
409978 82
518920 26
513495 43
382682 38
229815 7
702326 97
424485 71
602171 84
505367 44
246082 72
922365 41
692878 27
690749 23
176026 42
925041 77
663583 79
24117 91
248171 18
87731 69
985355 29
983597 68
816272 16
767855 24
691720 31
305653 27
883071 20
761318 47
974642 99
340152 58
956273 63
971661 4
356509 2
566841 42
916113 99
398502 28
429463 27
953361 95
982056 93
389341 98
729916 86
328168 37
805832 49
816294 56
932223 89
935602 61
48567 29
203093 45
933238 92
125548 18
235742 86
874302 92
840039 80
689368 80
870257 46
860878 71
444498 43
220277 81
360225 51
961706 68
869118 26
436291 55
848000 43
658823 78
62279 8
209142 97
263540 81
384010 60
667304 29
293753 46
208991 75
350753 42
722309 33
203046 90
874700 41
515106 49
227387 14
243458 27
995422 53
428387 15
613995 96
626430 79
612086 15
791577 74
481219 100
782764 35
775075 31
498229 90
567759 95
36159 76
971214 97
50108 57
127936 32
755079 44
237541 28
169318 24
262588 32
520555 63
863303 11
637882 46
184101 17
604647 2
24689 84
128041 23
249837 85
92937 9
974440 59
492392 61
775898 7
978279 40
930472 98
18514 6
506005 54
18019 40
355083 96
367805 6
838009 66
514210 63
662589 71
350427 99
64025 100
939978 80
768031 73
711061 63
287890 14
698746 44
932729 83
335523 96
718738 39
877902 80
369061 1
626735 62
651880 74
94804 53
727544 53
177388 49
323342 1
506569 52
302004 22
323825 46
519347 20
547864 62
846507 71
351706 79
73485 31
337363 55
404854 97
909665 17
325343 73
599987 9
481367 62
819257 65
407238 2
569869 16
219690 35
476972 1
793610 48
426390 28
558163 58
852086 40
339682 92
625881 19
847523 71
210273 57
294024 73
537142 65
465484 68
493602 81
781566 10
502366 44
110918 56
334708 83
856288 88
571596 99
32706 75
439093 24
510251 91
556551 41
438350 58
637246 38
167694 98
963989 61
902409 20
299846 72
55215 40
564482 41
368202 47
47930 59
350145 61
661202 73
428107 67
