1693
125923 82
996438 49
320449 12
640908 28
522385 63
709114 18
687263 1
617759 77
361208 31
91504 38
952387 28
484484 12
181953 54
926346 86
279948 1
890912 71
196512 32
964455 41
714083 49
458718 97
910879 53
17396 65
842025 57
936011 83
252462 100
562021 32
488605 51
386035 39
858792 44
454069 96
460684 64
800634 89
496486 80
469659 80
670974 3
455613 24
139145 24
477453 96
659805 9
537642 66
563011 11
591161 6
783144 70
897374 6
106791 46
653954 86
470169 95
44030 49
49841 57
101753 83
200275 36
268952 28
873560 69
142940 72
164047 12
210107 13
863955 62
341971 27
533000 44
798612 20
832937 94
307305 95
383844 28
70987 87
608893 38
767560 79
862886 4
886557 12
233944 96
678904 5
352977 42
17979 26
788408 13
701082 97
273439 95
124772 23
83929 56
725792 71
444194 28
840639 97
706947 42
81935 26
500409 30
943164 95
940692 88
68600 42
932535 61
668908 22
436750 18
891060 44
328464 12
302429 79
193315 93
527647 24
11141 48
466555 62
936511 72
16854 100
742737 68
914788 92
269206 47
106612 22
787284 100
154890 2
76847 5
963593 42
998591 21
151311 26
321777 75
934172 50
520448 4
902428 38
649516 52
968483 18
540463 85
997123 70
106602 98
916801 28
385658 83
179798 94
98551 5
862656 96
544142 93
758855 100
924014 75
771407 15
52934 19
329154 39
456901 64
279294 89
250392 21
172680 69
418587 58
117879 39
447420 7
968398 57
357312 24
274175 98
852640 7
809494 52
63685 44
668334 79
190538 15
324108 25
769029 18
46892 3
143117 99
245284 90
531635 76
956013 90
447279 13
370226 73
612326 54
976239 86
942488 98
229770 36
11297 17
95217 12
683839 97
604697 57
295271 59
711606 87
320722 29
234820 50
956286 29
794043 20
893028 48
730112 7
579267 70
12469 22
499226 17
324978 36
71598 50
299727 89
955544 78
968328 56
715430 1
443362 89
257129 11
829720 98
87431 5
920502 100
21870 13
184760 52
532210 34
980665 84
539145 11
879133 42
734614 85
959934 70
637001 93
359608 13
531901 36
503800 98
10711 35
876238 79
933273 35
296950 13
242337 93
151895 56
741647 74
136673 23
724102 23
189338 18
273540 98
313077 58
264323 99
297928 85
417382 97
313469 39
277085 96
383894 7
746110 94
75987 10
281487 66
73759 10
658356 76
10710 48
795638 28
878713 10
314019 91
34028 87
462331 45
715286 17
103774 72
358970 86
536191 86
170719 69
886338 9
479714 37
561357 71
131660 29
413053 1
540029 12
598971 5
512711 42
501406 7
818841 8
866146 79
285507 56
467679 33
165941 18
10688 8
839959 63
772976 27
735867 15
153387 80
509791 80
454981 77
685310 71
877497 45
699029 1
131681 62
742836 9
432173 80
848044 8
226660 78
657014 10
169571 40
650670 2
100242 59
83318 98
23871 3
105879 33
502437 82
501696 28
63442 83
220337 89
978582 14
331764 72
941709 39
700401 60
90343 34
801027 50
133483 42
6866 53
533812 39
163048 56
799641 23
700594 49
341307 69
267561 69
527209 38
105386 46
444840 75
850383 57
377399 82
894833 35
231205 28
487459 92
825754 92
335988 1
472673 44
216297 6
944079 67
955247 33
131999 46
719457 2
855522 85
888783 6
770754 71
766844 94
37597 57
883339 77
530007 91
48413 51
475957 62
217665 30
40163 83
700945 85
588338 83
777805 89
851502 11
373583 22
191263 55
518320 81
771152 21
393844 66
269362 91
625566 40
370362 30
292984 14
349053 46
807400 19
67398 8
456949 18
387478 65
193420 43
571587 56
986074 59
290115 11
69594 81
396667 41
476139 65
33577 71
37321 7
80711 97
447356 68
605366 76
231321 20
600661 22
806254 98
671565 72
575467 60
56696 100
5481 37
536625 16
911390 42
212400 9
294362 82
896181 8
352619 50
917627 25
643951 85
578851 46
133123 50
950363 8
976529 6
625514 56
294632 34
755176 37
803874 55
484493 5
514761 71
541145 77
953784 87
658889 76
580195 39
831567 39
664856 43
698695 32
458068 82
813154 73
237687 3
407426 99
466242 7
819183 95
583981 84
65337 86
524076 38
712673 31
877307 59
702873 19
570511 77
421311 85
303935 13
349476 12
839996 89
513462 84
608757 49
328358 88
919160 59
444584 17
802929 42
452633 16
984085 99
309236 6
290843 70
783318 88
181391 43
244870 74
44714 78
764030 86
123242 80
88994 36
707364 87
454377 86
394058 61
312813 89
723029 93
885199 99
87315 12
669116 22
290382 3
16692 73
959747 21
257632 81
164256 61
781272 68
979020 37
409008 91
104025 73
400991 68
811063 96
869145 87
482815 27
752638 66
597685 61
230307 13
236875 7
449831 50
532552 14
996102 22
509352 70
644661 66
652690 82
936108 54
102253 16
160539 90
488956 42
793544 73
389719 89
422729 100
466891 45
903127 7
274250 24
756256 74
772222 35
175924 18
985738 27
858456 14
867179 60
680737 34
744117 80
52719 94
998746 72
86100 72
310916 20
679444 53
32610 58
94080 58
720258 66
710868 60
154820 29
392037 70
948940 79
404228 44
799749 25
803034 23
971786 96
850671 84
546640 23
505176 4
162477 91
874049 6
601995 19
947338 21
781161 14
206069 83
281977 59
556820 95
304309 65
15099 91
632656 64
116449 32
182273 19
502253 21
532764 67
976625 27
816760 19
522996 15
166356 57
434273 52
135223 95
533877 77
657083 90
469116 2
155981 24
650562 28
489403 17
882306 24
232947 16
412029 70
97981 59
580983 38
845709 17
815567 75
275660 57
725871 17
614562 43
16585 50
658155 83
317912 17
845273 60
967258 45
476916 25
571655 22
570358 18
526898 61
551475 86
24391 9
690387 21
535477 30
302274 94
274399 23
759906 17
317795 13
703206 80
185955 3
468706 55
113607 39
199659 64
917885 49
141408 8
192158 38
146940 62
400252 62
855153 73
498953 73
602501 12
66716 30
789421 57
495094 21
383053 21
684375 84
916335 92
266123 65
252750 54
420461 24
685962 12
335381 50
797271 47
147760 5
105998 82
771375 84
685989 13
218194 48
182331 70
729141 40
626685 72
648945 57
775109 46
391211 99
416269 16
721379 73
451466 83
486377 34
916228 33
457150 65
734224 33
716041 39
733743 46
29482 45
622786 50
958292 59
284886 4
160107 27
80109 1
974248 48
820695 31
944873 1
551030 87
600622 80
325761 61
416770 68
816351 53
407355 71
87284 91
68113 51
968826 68
865860 18
975863 89
628480 80
476205 70
494279 10
50842 20
172235 21
256103 94
374070 100
68878 51
135382 66
510562 95
933927 20
250370 54
126834 61
675994 92
27193 55
730431 17
847594 46
707084 22
149193 60
499974 40
72532 69
489523 33
197653 36
22057 17
950806 17
251071 84
971568 58
669032 43
628918 7
188247 4
417255 36
743309 79
657382 50
489938 27
203314 42
571978 97
893838 69
372400 10
206110 62
421137 24
871964 50
692063 51
934457 70
220853 68
939145 59
394347 64
524927 59
47104 30
386221 71
422597 84
294404 47
810196 70
220934 98
4215 59
658339 92
182726 1
598852 37
418343 81
536294 85
151032 86
514839 37
535179 50
180342 100
652854 38
674300 18
505516 77
552004 45
583124 1
708421 35
824990 41
51832 42
684358 40
735208 100
660030 27
592793 84
143488 25
180106 71
303662 93
156861 74
2576 69
206604 31
303374 15
650099 59
213241 12
485974 29
420220 81
495151 13
770065 76
132195 12
843277 45
746805 67
871645 39
891533 48
10188 53
125385 11
454443 51
183706 26
663539 75
794454 37
630001 59
276614 62
42856 75
121116 83
559333 76
650193 1
501497 38
328286 30
811357 95
209099 76
621019 85
608972 96
34152 46
792671 57
652193 67
33454 54
855084 90
224030 29
815480 95
229969 55
805249 31
469773 57
338603 44
374454 94
144206 94
217776 93
210707 43
232057 62
14564 21
34327 22
363359 7
728959 16
298904 64
39721 36
728069 82
313378 53
609125 31
78897 100
787656 95
198753 84
767105 89
293350 3
709547 54
60291 76
117759 24
776062 6
735668 88
125515 31
471333 36
797556 75
868837 72
234210 31
942415 37
776536 53
684855 34
378240 61
31684 43
376600 44
909081 90
718813 99
418520 8
415245 48
1000 83
501335 49
52802 50
84808 26
142959 40
86691 76
517311 86
81886 78
442849 71
31609 30
77607 16
542449 63
430996 29
379450 60
124366 87
870528 41
661121 86
475300 62
834270 51
665649 62
335674 66
343481 11
796275 22
848733 15
564843 70
712172 72
572023 83
314844 52
183572 11
813517 96
773823 53
696018 13
198470 76
416246 12
395239 84
374010 51
859741 75
39542 36
313386 12
965681 51
908349 2
940222 24
202757 26
551749 49
272848 50
251849 83
496268 71
843198 20
598014 32
786640 26
789452 70
227949 64
502767 71
435566 25
36516 66
888500 56
207166 33
292497 40
421726 49
243669 49
742142 34
724642 15
50259 55
426623 59
414513 89
966005 57
964670 38
613462 44
527174 85
394548 37
983519 29
602561 94
363924 84
192840 98
610323 2
468025 4
450517 33
310729 34
923442 33
416208 67
810789 27
49384 45
317354 34
337215 41
28347 28
786970 88
678746 66
151284 19
873767 4
354183 79
277810 73
634651 57
111117 99
444659 42
79945 63
628460 94
333922 52
121579 72
116351 85
675381 56
907364 51
158324 11
539989 49
692776 20
989854 72
409264 24
193866 1
796711 85
870749 42
165969 63
830968 52
553742 39
338989 95
990147 46
20910 50
946689 2
745560 93
490900 43
502606 77
134583 49
437920 48
869030 50
521386 32
187014 69
221115 57
590104 87
426204 79
212465 90
219983 55
590705 57
53476 4
368623 20
486382 100
834446 46
693573 33
535036 4
868756 55
171469 15
272866 78
270885 32
906079 48
248122 75
600661 88
822480 92
477006 28
814201 97
23312 98
626505 3
826237 25
588404 24
473720 3
614675 90
93216 36
189127 53
766783 33
475054 72
825023 5
401642 20
678529 29
528165 86
45617 52
817950 16
724834 75
860763 47
798108 34
710490 19
824679 64
415895 59
403564 46
441783 21
531026 61
531468 36
493202 36
931675 66
58497 26
678573 13
68992 6
12770 74
230089 94
108912 15
617122 1
646355 86
579919 69
388385 49
1119 63
276289 93
795944 20
140779 92
43345 15
551360 100
542963 20
847394 86
136897 89
275658 97
959924 15
903507 38
682342 99
505457 64
12210 42
896719 56
415904 19
566791 71
172306 46
897908 66
616560 38
731532 93
212597 32
693118 23
504827 76
457367 62
329105 23
357710 27
676543 78
986760 45
704140 22
752761 67
934357 48
87276 52
915038 78
279316 77
400744 75
397042 7
493480 49
138814 59
947573 74
398413 84
464911 11
734381 69
411972 24
464170 42
619358 24
657725 36
986150 10
113492 66
474012 70
404789 77
533808 94
77733 98
613545 1
457755 41
625847 43
145647 47
335839 72
949691 75
897549 50
650091 5
526055 58
90995 51
182650 44
442849 84
823321 90
442754 88
887806 13
473688 49
477080 31
584274 41
964743 13
132160 73
662830 87
433218 3
147759 77
488285 38
740580 17
944888 7
707704 21
512822 48
913829 32
732455 6
292106 24
573503 83
186709 70
970012 52
561004 75
455491 30
597228 70
242318 77
802946 62
591892 26
747543 30
93799 74
741382 63
31607 83
969616 44
378061 69
993674 73
579915 90
528573 34
673269 99
639406 69
868730 65
468103 67
405802 49
258077 42
136355 90
750716 49
733850 72
850829 74
870982 31
620776 40
403553 68
855350 91
282353 74
367215 37
342361 40
247122 68
890921 48
820591 7
882337 4
606743 33
231900 64
547476 41
697900 71
446642 13
246214 87
519612 65
608973 79
386308 6
367842 18
901452 15
723137 2
164897 37
769491 34
544722 84
576509 34
351751 78
300051 64
210653 69
922425 67
169948 59
932635 6
506203 71
106748 100
300716 4
539347 89
288626 49
933225 88
650466 14
45307 79
720993 17
780810 38
119876 33
675546 27
544983 15
762331 47
807412 94
990695 39
806612 15
858074 26
261157 45
564534 77
256831 48
875212 45
411418 70
605540 97
367880 69
679251 31
118118 91
236997 47
478016 7
814382 97
481695 58
630093 68
165558 4
951056 17
494948 19
398013 98
45140 75
281510 8
963282 28
121681 76
21305 100
560034 12
201026 36
299815 15
319832 33
810124 6
722501 69
324017 86
462737 25
719051 4
57955 66
230173 3
699982 95
432 29
344144 52
880836 43
777057 91
741123 31
294256 63
570642 86
190813 90
668497 30
730381 47
54581 23
878322 55
920501 52
28823 32
474376 3
236749 70
557414 86
989147 28
736193 100
579312 94
942849 73
592839 99
523866 88
957582 53
352151 79
378334 31
689340 90
931242 28
500793 14
809463 89
16305 89
583793 4
633795 17
830459 26
98251 3
4820 89
406118 75
17567 23
548625 51
689515 87
342074 2
602718 68
386602 82
448135 9
1411 85
799035 87
37388 91
293015 74
144386 63
401142 52
49125 86
293309 5
654270 85
216717 22
649163 58
889714 98
465044 2
765301 32
135649 14
310616 94
514428 15
436249 13
940362 53
254558 10
490781 70
447443 66
850066 12
33306 7
320404 51
346089 43
300826 37
78562 60
294912 7
622154 52
449156 29
813548 21
346065 79
942729 39
594783 38
796711 83
930001 22
840153 5
473941 5
647386 45
552627 30
685386 17
601234 34
700987 33
504218 40
972676 88
63350 30
219602 98
782316 45
197634 16
65919 100
498832 65
500056 84
350672 38
530864 52
946859 53
906981 62
578248 74
290246 92
775547 88
552573 16
472585 62
798107 24
953690 51
785272 79
419386 22
85723 84
869240 10
494765 4
558398 50
579047 43
457148 60
174710 2
175672 7
446152 10
449186 52
198146 25
860929 39
995030 18
124817 16
816545 20
913128 20
302120 31
223677 45
737995 86
81642 3
239293 74
710397 12
722097 60
154610 46
120427 92
384110 72
771911 91
998419 19
537416 67
433416 60
475792 80
363332 46
360535 21
428735 22
119980 88
386652 49
767925 19
447645 32
739744 9
813902 93
775748 8
603551 62
263141 52
934630 57
95702 66
885965 29
434 13
355653 58
313245 100
198430 43
912269 1
375065 21
425490 69
391051 35
582415 83
694561 65
244388 37
173554 30
630391 29
138977 11
569442 98
247407 11
707633 91
829537 100
831980 65
353975 7
169063 48
738154 88
373526 65
60789 16
920009 48
614212 56
969758 38
753833 60
788632 54
375210 5
427088 66
628733 84
850489 40
505743 42
678711 21
538410 6
267511 88
384342 40
821638 39
30923 42
339544 12
541516 84
804806 83
923008 36
178533 57
801385 14
115266 65
361414 8
482035 39
789703 84
922289 60
222166 38
829430 24
990050 48
531171 85
164347 1
553800 58
732881 86
93679 34
671864 28
786294 91
491781 80
754971 86
97370 37
758348 100
358976 96
987277 28
930201 34
355937 4
357783 76
93297 91
388982 58
912868 50
53867 99
921003 10
691920 82
454696 39
504100 71
67263 56
39942 19
417198 65
263216 45
226942 2
505620 42
374577 25
3643 41
80179 55
215784 46
707127 33
955887 19
386190 91
930181 36
95702 22
594030 34
712975 71
367579 9
503172 78
958606 51
808311 19
566245 80
783075 72
478741 68
577323 73
391811 78
838667 42
121398 18
176490 22
303768 15
419482 33
958795 83
927473 36
620775 21
940793 25
768146 4
158123 83
280746 31
160176 23
26157 39
822174 27
934580 79
513644 42
534997 69
550227 88
767048 40
474767 75
955551 19
56901 35
68089 91
870264 69
912115 56
204237 9
599620 19
752980 81
91081 85
896525 41
555755 98
331685 23
616101 28
37083 48
768083 31
148433 32
230292 83
545520 71
769312 57
966381 58
903015 34
334097 15
904336 38
13258 21
883376 42
652028 29
953686 100
658432 11
318907 94
490774 35
348536 14
574842 75
657807 78
86676 67
741035 47
774274 90
969062 67
701672 74
463726 7
424781 19
117161 27
570414 24
950117 19
321865 71
39664 26
785367 38
825591 50
672102 95
220152 93
413461 7
867754 40
508002 52
539558 77
575175 3
919229 50
199577 24
241724 9
103142 57
459014 46
345163 44
298457 32
384368 95
604750 52
645807 46
102646 85
322645 100
739754 10
4920 100
508639 88
902175 46
421532 25
138023 69
898031 50
920871 24
717546 12
126673 82
970319 89
102581 69
468605 45
234289 12
896048 1
887287 26
789692 21
196592 81
724423 26
264165 5
599466 39
390707 67
182409 65
478515 87
418814 52
427109 93
385064 97
191544 88
102657 6
634374 11
401548 38
120286 36
876206 79
677875 12
408726 31
224075 49
856518 71
154552 19
549905 10
973774 86
168305 49
455059 2
779834 2
519501 10
322396 71
517385 3
964083 89
383534 90
383759 52
825198 58
392066 16
535108 11
597838 97
405936 19
143631 62
108860 67
34611 94
985253 61
341342 81
980551 62
755146 74
344022 59
728138 2
215369 57
519278 26
943755 22
627651 88
324483 31
916131 100
949400 54
152841 86
172093 94
554995 7
149224 20
141993 100
932792 15
489165 8
286024 93
872760 99
346515 93
248154 25
127478 90
942799 97
146171 59
945762 69
826922 48
752966 44
996247 50
126368 53
459237 32
174260 26
251060 17
755489 78
213433 9
998438 33
338733 45
140003 28
20952 69
749534 62
451807 28
384747 81
337953 90
496526 24
626060 41
621544 33
664359 51
327445 58
637837 34
351559 20
390852 34
940089 37
342653 13
792278 97
322910 59
82918 59
770530 51
147741 54
317496 17
962215 19
785118 66
587450 72
741755 75
98 10
803159 49
483005 93
83269 18
641497 82
990691 62
57348 59
871858 82
311839 2
572983 68
232728 40
639785 75
403992 26
768658 25
86919 75
203562 16
912820 31
681188 38
896323 92
990166 13
95405 1
998916 92
822587 99
924159 29
759103 39
639954 78
603320 5
45617 26
334568 22
627433 85
704252 39
215296 38
241121 63
351944 38
499095 12
429395 70
636060 31
281346 7
175946 38
850352 64
994174 100
184612 39
256031 88
613129 23
112991 92
540263 52
612360 53
390279 90
198784 88
930134 22
197880 28
906262 15
752204 83
970048 20
989440 63
544369 53
707602 21
901282 51
898091 25
843374 41
946178 83
608526 81
221852 7
584332 52
334567 23
171104 97
67558 50
842619 16
797669 86
795426 24
375532 78
312491 8
7539 28
858301 49
342331 58
680281 17
185562 52
265507 4
768549 56
173848 95
791919 37
228602 8
418463 82
531228 23
837070 9
163978 92
627293 58
831691 59
