1000 1000 2332
1802 1 124 564 224 1987 1178 1495 870 199 682 639 1520 749 254 2186 2055 1108 2015 1947 75 946 2062 1071 2103 1918 616 1850 1087 1260 1419 2063 674 1468 932 1139 1782 1259 1755 783 1842 240 2154 2037 1479 409 1346 1840 2054 2036 1076 1917 4 2054 1781 2210 671 1755 575 719 514 600 2229 228 2033 1740 947 1240 386 1148 1308 1413 929 731 1710 2321 1397 1530 2274 2223 1877 1197 1809 1776 2296 1823 608 1482 554 1490 236 589 1752 1366 1535 285 788 2141 1773 2237 270 1774 236 399 1040 2026 2005 18 1607 1436 593 1163 2288 287 2148 576 116 962 1185 508 1764 843 1041 648 2286 1421 1567 1640 237 824 1598 2160 958 1405 547 1539 1982 1527 2231 796 1816 1492 2223 1416 57 690 1523 1261 1579 730 54 1122 33 900 1544 1505 151 2093 1215 952 75 1804 559 864 2184 1433 1894 2305 2046 1562 1125 1259 1181 2168 296 1170 1838 1170 490 960 425 1139 1134 2206 1094 975 1048 1291 814 478 546 845 1195 1717 283 2029 1670 2171 1740 1371 1859 585 2253 200 56 1803 85 1018 1542 612 1455 2088 514 589 1782 1051 1593 1171 78 2078 390 1461 84 819 214 2007 1434 1784 667 1694 893 635 770 398 1733 690 2263 746 2245 1239 581 231 1420 1773 1887 725 1373 1442 220 2192 2239 1879 88 2089 546 11 1585 1763 977 2124 163 1298 1481 1800 101 1140 1089 1401 873 1010 628 2090 967 1699 628 220 759 1054 1519 2113 2203 1403 1952 2068 278 1406 291 372 1683 1852 1786 453 235 1104 825 1354 1295 1123 1747 741 2206 1604 74 2213 1493 1401 1919 1551 678 600 1476 790 28 1551 200 827 367 1941 2079 798 1981 1122 1355 1147 185 2287 812 929 1128 367 1605 363 1955 2207 1384 1098 782 599 2150 1596 600 2308 1172 824 1209 408 900 1984 1999 236 1578 909 1665 1545 1863 1803 859 831 158 162 1164 745 646 766 1199 144 237 2292 774 463 1708 1738 446 8 1836 1911 1909 2118 2054 1217 566 1153 2028 1766 2209 1514 1259 2011 553 2000 871 636 2316 640 1430 742 126 1609 1689 859 574 501 717 2062 1335 1022 775 816 1468 606 944 600 333 1403 1718 1112 108 428 1554 1749 2153 1586 2076 931 207 0 313 1391 1088 1956 2188 516 1641 1471 1321 342 2319 2161 2029 914 1195 374 525 2160 1355 655 787 1763 1451 1631 527 1377 2273 838 1763 1116 1857 1345 1968 1434 598 744 2295 869 747 2307 1073 800 1130 770 263 193 477 1336 1926 925 732 764 455 2111 1384 1735 529 2265 1348 163 742 2221 1038 80 1406 1442 1366 2101 2065 156 1396 328 71 972 1485 823 1799 1669 94 1648 1921 100 2297 1566 503 2041 517 1801 1381 111 1062 41 1429 1456 1791 888 1015 495 891 300 2298 1493 480 574 365 1060 2171 146 1423 2227 34 1580 1640 51 1992 133 1910 2228 705 1708 721 1766 1444 1697 446 261 627 1841 1072 2193 490 524 1246 134 2200 2241 131 526 1064 1778 1250 1802 885 446 2114 2300 1319 677 800 1040 800 1532 1040 1990 1316 538 1487 626 1586 171 864 1821 160 1637 1802 1529 299 174 1175 1545 1328 2196 33 1702 136 1545 2140 579 2161 2315 2169 549 2323 1201 214 880 1236 360 355 1133 1180 1523 1363 1414 234 1251 2049 1461 1309 324 1387 1845 92 1698 2051 1335 826 2097 536 830 79 626 1781 1456 37 1440 159 479 676 1643 167 1033 1358 748 1521 1736 1695 1139 623 2278 1715 615 1010 622 1435 850 284 1482 900 451 812 1859 1092 1602 329 12 2218 1240 892 763 1874 2224 453 250 723 510 2238 907 2256 260 2124 125 1051 772 1996 845 801 887 168 106 200 990 1739 1917 639 415 980 813 1010 97 24 1276 1324 1545 1299 368 1103 374 375 748 2199 1610 1005 89 467 302 1562 25 10 90 1919 199 1912 1654 358 2020 1135 1374 1279 2323 2070 803 23 71 2201 1580 1540 2300 935 1390 1495 1710 346 1289 1865 2042 1542 1649 623 2118 783 1209 1934 2105 927 359 1547 1237 1457 1166 2228 1807 401 811 1001 1523 541 837 204 1041 121 1128 1810 541 1524 2006 192 2320 641 2061 987 212 1211 434 260 1653 669 1514 2060 54 1567 2223 2309 684 1707 1275 355 128 2021 706 2136 243 1643 1459 1065 25 705 555 2122 1275 159 422 662 644 346 924 337 989 911 821 956 233 1160 1594 1661 834 536 638 360 1198 631 1381 1819 1899 1028 1008 1410 1575 2142 754 1268 1304 188 329 1457 2101 584 552 121 1783 2000 886 1744 1734 196 1061 1024 1178 957 581 1152 2089 1881 1057 829 43 681 1573 259 1554 1094 623 1893 1170 912 1145 1018 1015 858 1080 25 463 1784 1069 910 1699 823 246 1067 1598 1821 1877 392 2106 1975 1270 1174 1741 1320 1204 1108 390 1285 1884 589 434 1027 1034 2212 91 75 2138 504 1195 539 436 1508 858 2066 933 2240 32 2076 2195 786 1344 1107 1949 1451 621 447 2108 23 47 1243 1503 2316 238 2234 2221 2228 831 775 57 862 1465 849 849 841 202 1696 456 309 2131 1222 1778 984 2256 1443 1840 59 1581 585 530 742 714 1953 1611 879 432 944 536 1239 1685 1866 474 44 2004 1067 2243 1434 747 1717 553 342 880 468 387 493 272 78 1401 18 583
0 188 314
1 535 995
1 390 704
0 490 515
1 558 660
0 90 509
0 446 971
1 620 674
0 342 477
0 219 737
1 621 811
0 422 672
0 401 423
0 258 378
1 114 932
1 26 139
1 202 452
1 528 907
0 521 786
0 303 601
0 123 245
1 381 422
0 633 753
1 377 876
1 247 829
1 67 384
0 236 968
0 41 121
1 750 815
0 296 992
0 889 991
0 477 837
0 417 869
1 535 819
1 583 955
0 78 968
1 323 519
1 170 245
0 338 948
0 164 458
0 137 647
1 20 596
1 432 963
0 114 596
0 52 938
0 20 431
1 329 715
1 289 459
1 726 928
0 207 907
1 715 729
0 768 989
1 324 860
0 67 262
0 690 741
1 895 959
1 456 766
0 17 322
0 499 992
1 383 755
1 393 842
0 198 500
0 617 741
0 381 405
0 88 833
0 408 844
1 737 872
0 82 799
1 143 598
1 140 894
1 258 438
0 96 495
0 42 253
0 24 66
1 77 944
0 324 820
0 339 347
0 766 874
0 800 956
0 331 646
1 114 830
0 593 875
0 255 842
1 549 610
0 437 562
1 753 799
1 274 778
0 117 299
1 62 868
1 320 852
0 546 756
1 782 933
1 453 989
1 69 578
0 177 273
1 119 502
0 66 415
0 380 633
0 107 507
0 483 715
1 87 455
0 406 647
0 211 340
1 313 532
1 75 367
1 165 398
1 640 690
0 44 788
0 332 722
1 419 756
1 49 634
0 363 547
1 500 894
1 199 717
0 259 294
0 428 799
1 253 854
0 316 765
0 312 742
1 11 52
0 384 530
1 25 808
0 114 780
1 146 533
0 254 517
1 171 803
1 280 358
1 842 883
0 638 655
1 321 564
0 68 154
0 19 235
0 448 843
0 61 906
0 382 587
1 356 550
1 6 575
1 609 635
0 510 862
0 192 598
0 604 766
1 360 807
1 329 549
0 31 251
0 386 813
1 729 735
0 835 929
0 343 414
1 90 933
1 227 871
1 68 805
1 331 847
1 480 957
1 783 970
1 222 390
0 433 720
1 141 396
0 353 909
0 453 729
0 133 716
0 30 489
1 205 902
0 108 433
1 446 655
1 483 501
0 621 893
0 156 683
1 604 639
1 217 779
1 279 414
1 483 712
1 675 793
1 193 774
0 446 965
0 17 270
1 288 396
1 99 653
0 134 862
1 61 130
0 302 920
0 116 182
0 491 717
0 816 830
1 102 122
0 953 974
0 182 289
1 131 436
0 798 902
1 496 631
0 145 390
1 300 583
0 12 599
1 54 469
0 19 328
0 85 791
1 176 618
1 916 978
0 72 129
1 474 869
0 122 672
0 522 631
0 845 954
1 49 574
1 49 82
0 35 803
1 177 538
0 812 918
0 164 223
1 192 920
1 177 502
0 135 875
0 97 813
1 65 270
0 472 752
0 348 869
1 472 647
1 133 796
1 442 892
1 405 771
1 425 873
1 336 550
0 41 858
1 42 574
0 31 52
0 332 548
0 16 722
1 261 326
1 647 929
1 239 491
1 490 683
1 517 666
0 86 799
1 611 942
1 168 667
1 437 974
1 525 951
0 105 615
0 309 873
0 160 841
1 694 904
1 648 768
1 290 404
1 13 182
0 131 459
1 349 707
1 173 981
1 182 221
0 281 537
0 475 538
1 633 686
0 25 281
0 8 459
1 112 646
1 131 534
0 512 992
1 101 713
0 156 187
0 474 952
0 91 440
0 424 728
1 80 93
1 838 853
0 512 639
1 312 358
1 71 459
1 584 980
1 241 712
0 275 464
1 29 906
0 479 966
0 168 809
1 712 776
1 421 468
0 200 544
1 26 585
0 76 440
1 27 111
0 32 500
1 267 564
0 158 232
1 793 795
1 577 727
0 701 747
0 298 671
0 59 990
1 88 113
0 356 764
1 357 864
1 151 647
1 206 246
1 106 558
1 499 997
1 86 942
0 647 749
0 532 647
1 212 370
1 541 737
1 73 182
1 369 662
1 122 291
1 365 628
0 302 829
1 700 756
1 373 477
0 139 831
0 28 581
0 128 571
0 399 891
1 703 792
1 393 845
0 30 383
1 319 892
1 291 863
0 698 764
1 87 106
1 297 304
0 453 793
0 574 604
1 372 903
0 246 695
0 260 997
1 80 792
0 72 99
0 111 177
1 97 887
1 265 617
1 456 768
0 954 979
0 18 49
0 89 644
0 414 724
0 188 626
0 113 373
1 95 807
0 219 269
0 592 859
0 461 524
0 297 856
1 24 419
0 131 144
0 159 467
0 221 229
0 708 712
0 247 862
1 144 928
1 364 383
0 592 607
1 92 763
1 277 979
0 445 611
0 398 684
0 405 974
0 146 511
0 889 954
0 675 805
0 85 769
1 545 828
1 85 143
0 76 395
0 273 918
0 124 867
1 353 552
0 166 754
0 207 420
1 798 804
1 610 896
0 594 902
1 316 356
1 25 179
1 246 600
1 283 553
0 579 996
1 928 967
0 163 546
1 139 648
1 644 686
0 306 359
1 702 862
0 110 545
1 78 807
1 70 429
0 385 395
1 108 282
0 431 803
1 227 584
0 163 419
1 325 670
1 1 408
1 285 847
1 382 887
0 315 765
1 208 376
1 625 957
1 495 652
0 106 658
1 284 610
1 92 588
1 62 398
0 582 947
0 222 789
0 676 849
1 1 749
1 468 636
1 347 764
0 68 353
1 666 800
0 108 490
0 184 612
1 274 326
1 10 375
1 738 999
1 368 990
0 316 398
0 213 807
1 40 273
1 52 944
0 111 674
0 609 880
0 171 343
1 896 939
1 25 253
0 75 863
1 433 959
0 320 543
1 572 910
0 103 310
1 288 771
0 165 766
1 430 758
1 392 863
0 334 951
1 205 873
0 380 990
1 303 430
0 764 794
1 172 222
1 4 51
1 92 263
1 598 797
0 375 576
1 451 803
0 236 975
0 669 875
1 541 969
0 552 560
0 141 720
1 542 673
1 131 269
0 337 679
1 834 967
1 88 668
1 308 575
0 112 889
0 366 830
1 475 720
0 236 919
0 90 622
1 872 973
0 653 864
0 142 508
1 649 962
0 523 666
0 653 812
0 783 925
1 97 470
1 42 298
0 395 767
0 374 770
1 71 845
1 326 942
1 248 900
1 461 849
1 226 398
0 332 419
0 24 293
0 451 653
0 92 206
1 320 643
1 63 162
1 308 972
0 34 616
0 157 683
1 333 393
0 201 476
1 630 715
1 433 508
0 89 861
1 632 850
0 343 652
0 317 898
0 476 478
0 150 678
1 347 351
1 525 939
1 313 967
1 625 760
1 154 338
0 301 708
0 6 186
1 205 323
0 172 668
1 166 852
1 567 572
0 353 747
0 643 938
1 743 941
0 737 806
1 135 610
1 481 494
1 722 977
1 257 306
0 327 820
1 635 919
0 279 646
0 54 361
1 675 845
0 478 1000
0 93 391
1 556 852
1 553 580
1 411 621
0 529 773
0 99 722
1 166 277
1 45 594
1 144 884
1 10 631
0 467 659
0 57 801
0 504 659
0 368 929
0 308 593
1 185 427
0 633 937
0 56 614
1 550 877
1 84 104
1 555 671
1 504 523
0 635 849
0 713 817
1 25 276
1 730 983
1 225 592
1 340 616
1 763 939
0 340 874
0 49 171
0 386 879
1 603 698
0 299 851
0 52 109
1 578 621
0 945 963
0 103 694
1 204 482
0 560 596
0 587 644
1 188 944
1 15 129
0 74 450
1 207 708
0 22 110
0 97 527
1 229 983
0 568 852
1 35 365
1 174 863
1 591 761
0 430 469
0 107 467
0 500 896
1 160 515
1 123 505
0 158 496
1 176 728
0 36 131
1 489 788
1 707 798
1 642 768
0 11 650
1 722 882
1 131 496
0 248 426
0 467 718
0 793 907
1 347 572
0 760 826
0 110 469
1 282 959
1 197 395
1 136 228
1 30 364
1 859 922
0 389 686
0 12 737
1 203 534
0 96 360
1 129 233
1 721 836
0 700 730
0 111 879
0 336 916
1 851 889
0 377 382
0 880 916
1 64 777
1 174 808
0 39 754
0 327 930
1 452 892
0 12 161
1 416 565
1 147 886
1 303 557
1 158 901
1 197 942
1 451 877
1 145 555
0 5 507
0 605 705
0 99 904
0 661 883
1 467 801
1 516 859
1 644 708
1 479 721
1 455 591
1 25 294
0 362 467
1 249 692
1 230 924
0 982 987
1 576 642
0 239 810
0 865 967
0 331 548
1 35 836
0 306 490
0 807 879
0 458 461
1 572 627
1 53 605
1 5 791
0 344 396
1 784 959
0 890 920
1 370 454
1 335 489
1 240 489
1 288 347
1 360 832
0 70 852
0 92 749
1 120 544
0 35 999
1 633 688
1 113 518
1 735 899
0 448 961
1 64 639
0 685 739
1 83 435
1 439 976
1 629 693
0 252 909
0 105 930
1 618 872
1 260 603
0 965 992
0 50 771
0 199 897
1 326 429
1 553 760
0 482 789
0 10 637
1 131 308
1 41 939
0 333 630
1 113 328
1 296 374
0 21 418
0 67 386
0 42 869
1 132 568
1 203 974
1 298 944
1 829 859
1 349 945
0 439 556
0 586 626
0 597 734
1 359 731
0 226 589
1 219 636
0 28 486
1 310 998
1 366 385
1 459 923
0 583 831
1 588 818
1 196 750
0 786 954
1 158 377
0 166 549
1 75 529
1 238 437
1 461 501
1 430 739
1 317 582
0 66 215
1 378 559
1 526 622
1 17 428
0 270 271
1 641 917
0 111 295
0 309 565
0 618 762
1 658 709
1 764 888
1 125 847
1 600 728
0 615 984
1 291 464
1 157 324
1 323 871
1 384 617
0 434 863
0 148 509
1 242 602
0 238 825
1 50 309
0 11 443
0 581 894
1 764 826
0 382 470
1 435 947
0 130 742
0 394 687
1 204 648
0 458 997
1 219 369
1 587 741
1 141 201
0 730 991
1 176 377
0 38 558
1 173 756
1 404 903
1 142 898
1 290 816
1 592 637
1 310 696
1 769 858
1 440 596
1 560 726
1 157 699
1 29 456
1 397 821
0 91 993
1 52 496
0 624 680
1 437 652
0 185 356
1 344 436
0 94 400
0 165 510
1 616 956
1 447 716
1 86 818
0 117 380
1 74 633
0 207 512
0 366 642
1 237 397
1 422 839
1 629 812
1 351 417
1 452 666
1 110 952
1 494 508
0 496 768
1 298 801
1 207 598
0 587 914
0 74 723
0 68 993
1 928 945
1 25 507
1 599 862
1 723 883
1 542 851
1 476 571
1 579 705
0 46 813
0 561 699
1 325 370
0 793 818
1 502 903
1 664 942
0 444 999
0 812 876
1 604 752
0 176 780
0 364 912
1 214 643
0 255 808
1 137 625
0 431 583
1 555 916
0 410 990
0 246 688
0 406 730
1 843 985
1 396 519
1 17 39
0 159 605
0 280 567
0 495 648
1 89 361
0 493 736
0 836 906
1 190 751
1 161 559
0 433 633
0 143 678
1 632 804
0 630 825
1 433 466
0 646 793
0 633 803
0 729 996
1 27 789
0 401 508
1 217 532
1 581 840
1 150 465
1 405 637
1 230 494
1 132 435
1 72 330
0 294 662
1 376 864
0 572 848
0 520 603
0 142 506
0 417 827
0 675 939
0 246 676
0 470 868
0 248 990
1 137 507
0 776 804
0 191 504
0 549 874
1 919 977
0 121 895
1 472 497
1 80 870
1 552 805
0 334 886
1 31 846
1 190 197
0 460 792
0 426 488
1 881 881
0 360 623
1 219 682
1 81 892
1 462 902
1 736 869
1 469 535
0 646 992
0 587 883
1 635 703
0 536 669
1 109 748
0 792 932
1 135 644
1 370 465
0 294 912
0 455 611
0 326 451
1 534 885
0 108 918
1 463 735
1 538 890
0 414 875
1 467 586
0 942 985
0 566 845
0 304 633
1 389 774
1 802 880
1 387 918
1 245 569
0 267 713
0 270 799
1 258 961
0 306 482
0 109 762
0 736 875
0 484 760
1 238 340
0 656 999
1 505 682
1 268 543
1 212 619
1 441 695
0 157 880
1 56 421
1 460 828
1 544 819
0 592 685
0 780 832
1 425 910
0 353 976
0 234 466
0 260 932
1 545 758
1 17 455
1 182 943
1 219 366
0 276 916
0 559 679
0 437 604
1 301 425
1 102 667
0 44 189
0 396 545
1 472 594
1 89 581
0 652 877
1 36 125
1 630 895
0 82 898
0 289 842
0 106 815
1 619 717
1 367 586
1 386 541
0 49 450
0 74 124
1 152 274
1 121 407
0 718 866
0 369 668
1 696 760
0 27 547
1 143 612
1 233 830
0 514 697
1 109 275
0 345 702
1 359 642
1 133 844
1 265 519
1 63 522
0 447 473
1 58 316
0 478 771
1 206 785
0 228 638
1 528 549
1 71 897
0 230 450
1 379 603
1 116 996
1 827 992
1 589 848
1 154 907
0 84 333
1 237 703
0 608 749
1 429 912
1 78 528
0 558 877
1 105 232
1 580 879
0 191 296
1 165 351
1 44 403
1 875 881
0 517 879
0 995 997
1 140 169
1 291 322
1 230 358
1 254 276
0 733 971
1 349 934
0 393 519
1 931 992
0 182 336
0 47 926
1 393 411
1 48 576
1 120 612
1 72 530
