1000 1000 233
86 225 178 130 25 153 23 92 67 83 72 47 228 75 175 33 229 232 81 107 186 66 196 59 215 229 174 173 66 163 120 78 29 0 161 72 175 232 89 120 139 50 103 106 101 173 9 225 157 40 118 105 155 147 47 189 220 127 71 61 109 228 140 52 121 9 105 196 116 164 47 82 152 34 9 99 92 208 208 90 90 158 101 137 203 149 93 1 191 89 191 230 222 208 68 33 227 198 219 36 135 28 100 196 182 67 17 19 1 116 7 209 45 31 95 57 161 78 184 187 84 85 130 149 192 148 158 225 113 75 187 168 44 192 175 124 230 187 35 49 21 182 73 121 153 208 3 44 223 7 208 92 31 142 32 220 69 213 135 63 21 199 132 62 190 209 222 213 164 194 204 40 127 90 107 87 136 191 124 15 109 152 15 156 54 146 111 213 208 6 20 220 13 75 207 190 68 45 186 142 194 106 194 84 132 229 58 4 141 174 212 7 188 206 109 43 221 184 124 77 31 138 59 133 37 30 6 104 111 181 168 195 184 206 68 120 67 49 89 8 85 106 164 167 92 91 104 40 149 232 203 138 40 229 198 151 10 187 214 192 217 59 114 30 57 138 191 7 214 9 87 228 220 8 53 212 126 30 125 46 80 16 21 6 118 22 3 177 171 192 187 175 99 140 209 167 54 160 98 211 80 18 72 19 79 81 6 230 158 151 104 178 177 165 199 171 93 135 116 188 205 60 143 122 203 26 76 198 9 146 72 63 153 155 220 121 194 201 97 145 152 88 143 40 45 197 153 102 144 183 82 164 205 224 226 77 181 182 55 91 104 62 173 117 24 37 3 60 53 20 73 70 230 53 112 133 150 124 206 34 17 149 100 59 172 21 103 104 75 217 171 139 2 12 6 143 121 96 0 111 103 175 72 75 59 212 25 141 53 142 11 5 56 111 99 178 178 179 0 228 65 186 62 226 120 113 15 82 12 38 64 179 129 168 156 189 209 140 74 13 47 55 13 80 71 225 102 176 160 186 139 153 70 185 115 179 142 0 100 28 148 230 159 223 49 20 0 17 25 168 122 52 57 202 145 213 112 83 149 35 191 155 21 199 185 106 155 46 79 173 28 232 159 150 140 1 177 171 131 221 98 130 109 78 97 220 216 174 138 154 92 115 124 37 186 219 157 186 23 126 230 205 82 155 175 138 182 18 134 88 74 176 13 80 67 140 8 3 135 64 109 199 33 228 116 178 140 88 19 45 220 65 60 212 176 199 173 222 12 181 150 209 190 54 38 193 169 57 42 36 117 35 72 121 80 115 104 67 123 191 129 198 79 158 204 127 124 223 23 70 102 70 143 90 147 17 200 142 43 27 183 44 5 187 74 165 164 143 224 50 170 167 57 27 143 225 186 5 9 164 167 149 29 53 66 166 35 86 180 139 114 38 131 63 78 228 159 0 100 223 29 161 201 82 162 70 60 153 182 178 118 34 97 215 183 173 50 142 200 124 150 199 163 141 43 206 95 88 205 22 197 1 148 115 45 214 96 6 167 166 180 131 44 84 23 37 55 102 197 136 95 199 22 156 64 69 86 101 36 92 22 215 186 232 28 181 3 164 221 224 172 219 36 74 154 91 196 128 206 202 192 105 2 49 206 149 61 189 183 32 44 102 43 108 144 118 143 153 131 35 101 170 30 149 60 11 130 223 63 134 209 61 30 147 157 203 60 179 116 90 95 31 185 126 160 87 116 164 198 155 13 152 16 152 129 232 18 221 189 27 111 170 226 186 119 9 146 145 163 94 89 50 3 41 48 179 104 146 122 59 183 130 194 131 81 79 127 199 94 119 163 218 169 84 124 16 135 22 182 110 87 105 155 125 110 32 82 115 66 36 180 218 30 116 108 0 42 107 30 49 101 126 100 24 192 187 84 231 20 57 22 47 53 55 25 66 217 179 42 35 182 156 162 78 198 225 46 135 81 3 192 46 71 187 231 167 219 161 146 100 232 64 44 40 72 98 43 223 89 135 64 178 4 169 157 102 6 93 77 187 9 215 75 101 217 199 77 38 210 225 154 132 80 24 221 21 196 73 73 28 24 159 222 92 50 9 49 79 230 3 29 85 196 48 93 181 173 165 144 42 73 149 61 86 191 179 0 9 18 115 199 6 192 201 9 97 65 211 162 69 18 119 114 71 199 180 43 28 175 151 122 102 67 153 131 1 21 24 133 168 30 86 9 50 49 13 140 64 225 215 130 61 62 109 16 164 155 148 91 163
1 159 848
0 343 607
0 131 521
1 364 472
0 180 853
1 142 933
0 341 491
1 644 700
0 500 730
1 228 401
0 138 895
0 796 933
1 761 769
0 219 411
0 256 280
1 260 938
1 640 698
0 70 924
0 620 634
0 62 996
0 481 684
0 84 420
0 83 156
0 269 378
0 42 111
0 93 201
1 575 792
1 502 810
0 589 751
0 126 369
1 182 598
1 440 812
0 284 520
0 287 853
0 645 718
1 98 272
1 137 175
0 634 990
1 393 480
1 212 689
1 707 896
0 661 682
0 311 811
0 280 711
0 420 506
0 380 653
1 431 468
1 417 434
0 652 762
1 779 868
1 624 725
1 189 470
1 627 822
1 502 772
0 219 738
1 677 786
1 294 555
0 197 325
0 255 541
0 444 704
1 185 788
1 300 449
1 745 747
1 207 734
0 267 753
0 316 632
1 139 605
0 84 794
1 286 631
0 520 621
0 38 272
1 567 628
0 229 606
1 335 529
1 856 886
1 291 791
1 204 786
1 18 467
1 459 744
1 309 503
0 579 695
1 550 584
0 653 702
0 573 798
1 566 911
0 67 457
1 388 417
1 443 999
0 316 454
0 419 637
0 177 943
1 765 992
1 95 793
1 36 111
0 182 924
1 489 803
0 68 973
1 558 702
0 575 592
1 463 823
0 116 640
1 746 928
1 724 989
0 827 939
1 95 401
0 77 698
0 547 582
0 416 446
1 98 275
1 185 296
1 39 627
1 125 955
0 149 817
1 124 599
0 274 871
1 214 453
0 95 253
1 490 924
1 117 310
0 72 797
1 372 628
1 363 750
0 746 788
0 423 711
1 572 873
1 332 818
0 623 799
1 347 454
0 197 608
0 159 279
1 427 849
1 122 592
0 273 600
1 501 633
0 95 508
1 188 949
0 276 511
1 658 777
1 344 582
1 557 649
0 582 641
0 89 345
0 78 939
0 31 582
1 510 858
0 388 601
0 356 800
1 24 69
1 503 803
0 195 598
0 714 760
1 151 259
0 269 966
0 182 511
0 136 859
1 840 880
0 347 403
1 459 540
0 47 584
1 408 439
0 120 697
0 544 904
1 310 904
1 148 163
1 249 640
0 853 981
0 34 181
0 401 771
0 256 487
0 2 117
1 964 993
1 43 879
1 183 416
0 762 768
0 747 790
0 539 921
0 100 665
1 548 844
0 375 800
0 311 722
0 419 936
1 18 988
0 633 836
0 168 764
0 590 625
0 335 773
1 641 853
0 390 489
0 511 918
1 79 469
0 39 761
1 41 141
1 824 828
1 609 776
0 403 674
0 510 571
1 490 714
0 445 650
0 710 998
0 766 930
0 658 776
0 347 967
1 319 392
0 742 869
0 41 390
0 157 231
0 393 680
0 98 182
0 395 942
0 869 874
1 525 642
0 502 883
1 1 133
1 119 493
0 535 589
0 369 831
1 101 478
0 249 639
1 168 590
0 831 979
0 584 749
1 119 545
0 121 173
0 273 598
1 20 158
0 690 866
0 402 402
0 27 524
1 95 229
0 903 960
0 587 906
1 46 769
0 93 291
1 392 540
1 603 723
0 703 806
0 590 993
1 192 659
1 751 889
1 192 281
1 674 734
0 17 498
0 430 619
0 727 752
0 380 575
0 114 681
1 271 462
1 516 927
1 374 393
0 100 525
1 188 920
1 173 974
0 257 823
1 281 579
0 70 853
1 340 454
0 445 780
1 506 682
0 57 545
0 862 962
0 557 974
0 572 892
1 126 218
1 5 529
0 99 858
0 28 420
1 248 634
0 21 375
1 350 511
1 234 290
0 50 317
1 403 699
1 457 779
0 76 781
1 469 695
0 609 793
0 253 355
1 227 591
1 435 901
1 706 817
1 730 911
1 72 444
1 553 785
1 30 124
1 188 734
0 270 318
1 77 450
1 447 576
0 8 297
1 247 683
0 281 704
1 153 806
0 77 654
1 8 646
0 16 537
0 605 965
0 528 812
0 535 668
0 185 462
0 415 869
0 209 628
0 236 514
0 541 738
1 257 819
1 492 726
1 398 774
1 476 723
1 112 316
0 318 856
1 364 736
0 224 795
1 545 860
0 287 873
1 467 540
1 329 757
0 263 771
0 832 908
0 211 279
1 446 887
0 279 319
0 7 816
0 894 977
1 112 437
1 198 800
1 524 610
0 30 957
1 931 945
1 746 853
0 540 922
0 177 675
1 322 401
1 312 947
1 383 426
0 556 855
0 200 344
1 392 642
0 60 177
0 295 516
1 118 619
0 70 287
1 299 475
0 192 653
1 950 997
1 14 292
0 118 141
0 328 576
1 360 755
0 74 359
1 920 967
1 49 92
0 795 867
1 26 772
0 641 753
0 432 936
0 422 797
0 80 93
0 36 67
0 579 745
1 19 167
0 25 471
1 414 969
0 265 582
0 550 856
0 521 917
0 504 729
1 33 380
0 371 874
0 732 932
0 568 756
0 438 625
1 337 710
0 197 475
0 160 481
1 209 820
0 703 782
0 288 450
0 102 726
1 675 862
0 318 755
1 306 683
0 746 909
0 490 887
1 35 672
0 324 516
0 166 997
0 499 819
1 577 838
0 187 387
0 297 768
0 604 953
1 8 52
1 433 695
0 442 522
0 10 78
0 859 907
1 204 984
1 49 871
0 35 329
0 481 898
0 535 913
0 489 504
1 370 569
0 215 223
0 172 225
1 456 911
0 320 809
0 517 700
1 295 673
1 156 772
1 706 991
0 281 796
1 120 751
0 613 703
0 128 763
0 331 409
0 230 754
1 25 809
1 181 560
0 344 831
0 47 65
1 78 906
0 893 926
1 22 623
1 863 943
0 482 809
1 855 999
0 507 717
1 467 485
1 739 809
0 265 882
0 24 192
1 68 559
0 844 896
0 131 248
1 376 555
1 242 949
1 192 489
1 294 430
0 611 663
1 561 821
0 307 852
0 17 723
1 100 722
1 822 917
0 70 966
1 67 788
0 97 423
1 894 946
1 1 84
1 147 759
0 418 420
1 91 494
1 289 781
1 30 374
1 314 583
1 180 265
1 511 993
1 761 846
1 765 784
1 503 770
1 24 155
1 675 956
0 91 472
0 292 571
0 297 787
1 467 656
0 601 981
0 608 652
1 542 965
0 836 913
1 68 874
0 507 558
0 122 199
0 328 749
0 508 613
1 102 312
1 132 581
1 187 609
1 408 852
1 774 929
0 571 702
1 228 421
0 310 574
1 348 467
0 404 799
1 114 543
0 144 898
1 519 988
0 264 673
1 439 497
1 252 447
0 231 658
1 33 782
1 459 551
1 309 509
0 234 313
0 248 382
0 184 484
0 831 937
1 359 833
0 68 585
0 530 850
0 652 965
1 493 637
0 476 830
1 223 741
0 250 723
1 622 673
1 401 479
0 369 566
0 421 568
1 162 394
1 222 744
1 537 744
1 97 737
0 155 957
0 592 984
1 900 982
0 873 967
0 887 968
1 209 247
0 194 854
0 434 839
1 106 845
0 350 416
0 475 922
0 603 944
0 327 577
0 117 493
0 607 657
1 169 598
0 363 494
1 204 348
0 284 885
0 652 657
1 391 461
1 166 796
0 359 974
1 108 870
1 150 470
1 610 985
0 59 417
1 469 875
1 238 881
0 148 544
0 110 967
0 185 191
1 296 319
0 37 673
0 156 338
0 717 1000
0 48 963
1 456 886
0 254 711
1 235 284
0 21 560
1 4 679
1 433 489
1 207 875
1 397 513
0 11 336
1 191 795
0 744 768
0 221 954
0 438 532
0 893 936
0 419 639
0 677 886
0 325 796
1 494 732
0 182 332
0 488 817
1 104 343
1 130 731
0 668 925
1 233 776
0 731 810
0 118 425
1 32 517
0 751 976
1 783 794
0 524 708
0 283 650
1 181 745
1 406 751
0 364 494
0 608 863
1 381 629
1 246 502
0 23 229
1 128 942
1 635 706
0 598 769
0 841 954
1 513 534
1 654 681
1 181 811
1 533 671
1 288 729
1 182 670
1 320 831
1 553 993
0 68 806
1 537 742
0 121 734
1 160 339
0 431 757
0 249 326
0 633 895
0 115 779
1 171 619
0 506 752
0 204 706
0 116 829
1 304 742
1 3 90
0 771 893
1 483 541
1 454 621
1 493 732
1 120 605
1 158 197
1 351 603
0 520 910
1 379 664
0 82 734
0 387 913
1 127 673
1 195 874
1 3 572
0 124 324
0 465 860
1 125 890
1 782 817
0 36 370
0 367 904
1 270 931
1 219 961
1 117 713
0 90 708
0 236 407
1 186 630
1 122 457
0 69 266
1 104 838
0 72 969
0 461 727
1 517 562
0 684 863
0 597 759
0 160 317
1 257 568
1 312 996
1 257 853
0 292 542
1 472 484
1 149 600
1 39 890
1 428 959
0 164 377
1 37 662
0 17 708
1 184 541
1 167 551
0 96 756
1 788 899
1 7 294
0 763 869
1 75 951
1 431 603
0 790 839
0 650 679
1 22 803
1 277 725
0 284 763
1 34 287
0 388 438
0 73 372
0 126 177
0 258 814
1 311 747
0 81 953
1 91 826
0 648 992
0 215 410
1 275 613
0 717 892
1 361 490
0 243 901
0 2 371
0 568 819
1 361 363
0 454 478
1 20 131
1 183 225
1 351 691
0 438 573
0 65 422
0 768 886
1 353 858
1 402 739
1 183 839
0 226 874
1 597 744
1 148 238
1 422 711
1 109 658
0 634 777
0 85 977
0 108 886
0 636 681
1 348 999
0 351 850
1 275 339
1 173 539
0 538 821
0 460 550
1 164 913
1 567 842
1 106 832
0 251 953
1 8 680
0 345 467
1 414 746
1 225 817
0 493 656
1 244 644
1 266 442
0 164 485
1 224 701
1 384 500
0 837 885
0 158 794
1 100 658
0 140 570
1 284 558
0 56 298
1 562 919
1 235 900
0 359 698
0 225 977
0 428 970
0 320 932
0 239 621
0 206 233
0 10 102
1 72 839
0 4 458
1 64 513
1 355 644
1 129 306
0 603 748
1 616 728
1 400 532
0 454 914
1 353 794
1 68 459
0 178 879
1 458 881
0 677 957
1 199 384
0 19 104
1 203 290
0 380 603
0 31 614
0 768 869
1 186 873
1 451 917
1 418 787
0 281 957
0 72 844
1 251 809
0 264 601
0 201 1000
1 223 594
0 248 652
0 386 897
0 512 852
1 192 827
0 179 459
1 871 938
0 186 952
1 123 712
0 288 908
1 337 995
0 35 387
0 292 777
1 607 614
0 47 927
0 503 673
1 88 588
0 315 979
1 151 998
0 174 218
1 58 247
1 268 968
1 358 604
0 548 747
0 703 955
0 31 696
1 384 533
0 92 918
1 216 839
0 602 943
1 686 739
1 324 532
1 616 863
1 151 794
1 281 987
0 893 971
0 568 904
0 582 666
1 459 804
0 163 753
1 140 524
0 673 730
0 211 782
0 446 578
0 34 315
0 223 585
1 48 706
1 308 507
1 315 498
1 413 495
0 159 576
0 313 1000
0 197 701
0 151 762
0 212 419
0 244 669
0 178 239
1 201 927
0 426 589
1 178 536
0 755 755
0 330 968
0 369 887
1 343 501
1 649 723
0 249 530
0 578 761
0 251 523
0 48 782
1 224 393
0 760 890
1 91 642
1 12 453
0 258 397
0 300 995
0 739 975
0 522 950
0 160 177
1 266 676
0 62 752
0 229 467
1 13 855
1 188 238
0 293 346
0 231 234
0 426 430
1 402 924
0 914 969
1 29 457
0 315 442
0 419 887
1 260 440
0 46 802
0 252 584
0 190 530
1 592 833
1 367 740
1 177 961
0 256 895
1 179 941
1 8 382
0 750 960
1 859 864
0 177 377
1 642 671
1 623 829
0 23 141
0 840 882
1 85 449
1 115 787
1 28 357
0 362 737
0 205 772
1 334 963
0 377 592
1 236 602
0 501 976
1 379 866
1 547 613
0 208 755
0 487 642
1 351 383
1 370 969
0 448 837
1 182 293
0 84 974
1 363 867
0 855 859
0 217 622
0 331 334
0 17 188
1 882 924
1 118 544
0 304 766
0 571 714
1 859 941
0 477 584
1 188 273
0 304 638
1 615 677
1 182 631
1 43 329
0 517 657
1 686 771
1 130 627
1 669 810
0 179 189
1 298 897
1 462 745
0 381 999
1 57 581
0 177 896
1 286 744
0 628 675
1 526 700
1 69 219
1 451 816
1 388 395
0 725 865
1 806 988
1 206 780
1 173 245
0 468 942
0 298 818
0 515 913
1 653 954
0 193 247
0 321 699
1 247 652
1 54 522
0 625 928
1 654 792
1 405 558
0 533 621
0 543 915
1 628 976
0 401 880
0 244 820
1 626 700
1 242 325
0 645 953
1 631 754
0 212 610
0 468 838
0 91 157
0 30 326
1 455 521
0 6 489
1 268 291
0 108 249
1 665 820
1 192 832
0 189 535
0 215 636
0 163 898
0 117 793
0 117 993
1 227 742
1 380 625
1 688 692
0 418 945
1 767 899
1 321 804
1 100 811
0 108 859
0 444 454
1 182 576
1 731 919
1 499 991
0 890 925
0 349 729
0 767 831
1 802 851
0 893 997
1 7 343
1 38 296
0 30 282
1 585 979
0 298 763
0 404 898
1 243 682
0 80 461
1 215 247
1 40 478
0 32 678
1 409 966
