875 3 2 1
1 1 2 0 0 2 2 0 2 1 1 2 1 0 2 2 1 1 0 2 0 0 0 0 0 0 0 2 0 0 0 2 1 1 2 0 1 2 2 2 0 2 1 2 2 2 1 0 1 2 0 1 1 2 0 2 1 1 2 2 2 2 2 0 1 2 1 0 1 1 1 1 2 0 2 1 1 1 0 2 2 2 0 1 2 1 0 0 0 2 0 2 2 1 0 0 2 1 2 0 1 0 1 2 0 0 0 2 1 1 2 0 2 2 2 2 2 1 2 0 2 1 1 1 1 1 2 0 0 0 0 0 0 2 1 0 2 0 0 2 2 1 2 2 1 2 0 1 2 1 2 2 0 2 1 0 0 0 2 2 2 0 2 1 0 2 1 0 2 2 2 2 2 0 2 0 2 1 2 0 2 2 2 0 1 2 0 1 1 1 1 0 0 2 1 2 2 0 0 1 0 1 2 0 0 0 0 1 0 0 2 2 0 0 2 2 0 1 0 2 1 0 1 1 2 1 0 0 0 1 2 2 1 1 2 0 0 0 2 0 1 0 2 2 2 1 1 0 2 1 1 2 0 1 0 2 0 0 0 1 2 0 2 1 1 2 1 2 2 2 0 2 1 1 1 2 1 2 1 2 0 2 0 2 2 0 2 1 0 1 2 2 0 0 2 1 2 0 0 1 1 0 0 1 2 0 2 0 1 2 1 0 2 0 0 2 0 0 1 2 1 0 2 1 1 2 0 2 1 1 2 1 2 2 2 1 1 2 0 0 1 1 2 0 2 2 1 0 0 2 0 1 1 0 1 1 2 2 2 1 0 2 1 1 2 0 1 2 1 2 2 1 1 0 0 1 1 1 2 2 0 1 0 1 2 0 0 0 1 2 2 0 0 0 2 1 2 0 1 0 2 0 1 1 2 1 1 0 0 1 0 0 0 1 2 0 0 1 2 2 0 1 2 0 2 2 1 2 1 2 1 1 0 1 1 2 1 1 2 2 0 0 0 1 1 2 2 0 1 0 0 0 2 1 1 0 1 0 1 1 2 2 1 1 0 1 1 0 1 2 1 0 1 1 0 1 2 0 0 2 1 2 1 1 2 0 0 0 1 2 0 1 1 1 1 0 2 1 2 2 1 1 0 2 1 0 2 1 2 2 0 1 2 1 1 2 1 1 0 1 2 2 2 1 0 1 0 0 2 0 2 1 0 1 2 1 1 1 2 1 0 2 2 0 0 2 0 2 2 0 1 2 0 1 2 0 1 2 0 2 2 1 2 0 2 2 1 0 1 0 2 2 1 1 2 0 2 0 0 0 0 0 0 1 1 1 0 1 0 1 0 2 2 1 1 2 1 2 2 2 1 1 1 1 1 0 1 0 0 1 1 1 1 0 2 0 1 0 0 1 1 0 2 2 2 1 0 0 2 2 1 0 1 1 2 1 1 1 2 2 0 0 1 0 2 0 1 2 0 1 1 0 2 2 1 0 0 1 2 0 0 1 2 0 1 0 2 2 0 2 1 0 2 1 1 0 2 0 2 0 0 1 2 0 2 1 1 2 1 0 0 0 1 2 1 0 2 1 2 1 2 0 2 1 2 1 0 2 1 1 0 1 0 1 1 1 1 0 0 1 0 1 0 1 1 0 0 0 2 1 0 0 0 0 2 1 1 1 0 1 1 1 0 0 0 0 0 2 1 2 2 2 2 0 2 1 2 1 2 0 0 2 0 0 1 1 1 2 0 2 0 2 1 2 0 2 1 2 1 0 1 2 2 1 0 0 0 2 1 1 1 2 2 1 1 0 0 2 1 1 2 0 0 1 1 2 0 0 2 0 1 0 0 2 1 0 0 0 0 2 0 1 2 2 2 0 0 1 2 1 0 1 2 2 0 1 1 1 1 2 2 2 1 0 2 2 0 2 2 2 0 2 0 0 1 0 2 0 2 2 1 2 0 1 0 0 0 2 1 1 0 0 1 1 0
1 324
1 220
220 728
1 181
220 708
728 478
1 278
220 852
852 41
41 104
478 208
1 302
728 139
104 393
278 344
208 426
181 543
181 453
393 786
278 17
208 168
426 245
344 371
708 504
245 754
344 223
708 869
181 124
168 14
168 176
14 640
708 76
478 544
76 655
786 726
168 51
426 827
544 424
504 342
827 737
17 462
726 683
544 709
181 273
543 20
737 414
424 446
852 148
20 790
426 532
14 614
544 673
139 131
76 116
673 632
131 196
17 599
543 26
504 314
371 95
371 629
614 749
116 293
446 701
726 126
701 856
543 255
737 23
683 763
124 768
126 460
640 677
124 661
302 785
737 851
673 452
273 562
302 169
785 684
131 585
790 225
709 477
585 264
763 625
673 22
255 125
293 428
504 162
125 347
278 535
148 8
20 108
314 325
453 502
728 874
176 251
393 561
737 335
709 718
51 262
673 844
76 676
8 366
314 107
562 628
95 291
502 2
453 542
108 849
335 418
366 211
23 698
561 659
108 696
366 778
718 720
852 524
428 682
220 329
95 221
562 464
22 383
20 218
737 753
785 697
737 593
682 52
673 191
383 53
542 59
585 830
462 280
125 396
125 747
291 282
661 767
851 50
196 592
543 404
278 739
221 25
453 540
768 201
383 79
684 160
1 183
418 267
293 516
446 297
41 586
25 575
225 570
676 564
532 533
191 68
208 602
76 112
17 666
25 252
524 660
516 589
223 305
478 644
2 410
718 777
1 156
585 626
393 801
344 733
51 235
393 200
477 675
76 120
844 358
139 766
211 270
830 665
532 557
107 352
786 425
191 29
827 241
708 215
629 431
297 399
557 560
107 128
801 834
120 316
708 638
183 186
709 265
562 507
342 651
342 355
76 203
314 180
126 357
625 669
324 663
720 407
660 519
570 627
139 147
575 135
414 449
660 390
684 313
628 98
477 517
1 685
211 263
557 142
251 710
874 99
125 658
564 796
278 780
532 209
314 96
599 119
200 350
507 648
659 36
718 244
104 815
36 515
305 476
404 538
834 769
542 401
22 549
26 326
201 689
218 327
410 416
767 473
316 122
698 672
139 835
785 234
557 552
685 501
460 130
203 408
476 536
104 348
326 69
383 773
844 681
297 228
282 227
393 807
627 866
180 57
658 318
532 315
211 582
561 631
557 597
191 257
672 577
801 35
644 58
766 103
515 89
660 467
685 37
52 19
869 299
701 380
517 461
59 294
315 745
416 385
675 503
251 792
29 569
147 758
270 494
273 11
162 32
2 811
366 471
104 132
335 361
208 356
380 77
380 713
718 860
834 420
874 711
544 816
785 468
449 88
552 486
632 229
632 490
209 359
191 395
754 243
575 307
586 343
1 824
792 63
676 233
307 392
112 189
677 158
811 724
677 46
176 100
88 182
350 389
17 776
200 13
676 567
407 271
660 432
874 793
327 803
160 192
418 837
710 752
305 199
307 556
128 391
13 653
358 630
63 806
293 363
125 194
535 647
648 454
135 853
560 249
262 867
796 47
243 511
867 334
302 413
515 764
89 456
786 239
777 429
176 742
35 800
461 87
270 258
462 422
160 269
592 603
830 21
413 539
570 848
399 94
297 338
338 301
614 430
675 498
220 688
471 546
830 18
659 772
245 690
223 845
37 242
540 277
696 197
453 379
524 365
267 714
806 427
343 872
352 74
546 248
631 400
358 691
816 722
557 521
632 349
249 172
89 286
786 289
663 608
452 680
816 246
502 300
835 144
215 639
708 466
338 340
13 863
632 440
790 634
689 829
383 161
753 858
262 354
640 831
709 551
273 346
76 850
199 871
665 337
25 606
244 217
104 345
564 152
227 495
35 93
683 398
430 274
556 862
867 406
227 746
577 693
192 621
131 381
116 311
327 224
724 741
606 403
277 645
11 512
277 67
655 861
549 328
495 387
383 463
769 54
59 748
68 725
144 174
850 480
630 149
724 731
305 331
235 472
47 175
29 190
507 712
516 616
348 484
297 522
199 610
366 457
299 320
96 465
181 275
13 642
511 624
631 434
46 155
356 579
698 254
490 717
343 436
255 157
168 839
335 847
533 415
606 82
13 360
683 185
32 458
748 832
726 611
626 573
711 568
645 309
696 73
389 310
144 598
126 591
461 774
718 240
181 319
560 657
827 80
208 288
220 376
63 744
107 64
87 782
776 65
229 284
744 620
665 492
536 825
663 805
647 584
681 222
519 706
401 129
856 397
135 836
733 438
436 40
825 411
398 822
725 71
338 368
691 10
490 374
731 654
538 226
385 134
420 497
717 572
201 750
690 7
748 820
126 317
724 613
300 369
866 818
270 469
338 687
239 813
271 236
218 276
805 106
387 537
625 206
73 188
472 770
593 81
577 808
93 177
366 437
597 705
564 601
41 583
361 173
741 48
430 514
492 45
408 339
452 272
803 662
288 612
249 86
806 443
201 510
116 761
297 27
368 762
215 740
639 864
329 797
537 743
116 448
494 372
471 447
284 216
411 804
309 421
820 439
749 859
223 91
612 664
664 865
592 336
51 707
255 571
314 563
415 384
342 303
289 308
147 193
278 110
156 534
194 72
176 388
229 159
156 529
849 702
858 141
415 417
591 678
162 75
728 802
226 590
746 205
745 692
865 686
264 370
832 321
770 716
510 133
421 491
862 520
13 85
19 362
790 105
50 751
48 330
74 526
859 56
597 643
808 479
802 268
2 49
494 493
258 734
830 367
338 163
767 207
434 609
804 433
82 195
490 554
168 441
479 485
264 513
131 812
108 83
858 238
155 259
396 364
21 833
241 423
478 587
634 382
522 353
658 528
26 668
692 810
746 166
73 623
535 42
680 4
128 482
871 377
36 123
190 760
380 828
562 843
660 419
427 250
692 821
400 794
651 378
772 789
50 12
278 765
571 594
23 732
423 506
504 97
263 735
173 113
244 727
629 44
157 167
367 558
448 470
41 799
208 143
188 34
844 230
866 652
753 145
303 136
748 721
399 351
610 694
278 55
495 204
692 90
773 604
526 24
521 771
73 266
183 496
512 617
143 219
371 846
399 548
794 530
443 703
496 114
802 292
133 140
395 619
152 6
226 854
734 775
7 214
196 565
94 170
291 231
254 341
717 649
837 555
754 817
843 699
747 253
314 674
288 3
549 489
301 641
548 61
50 488
259 445
817 247
233 736
771 700
602 298
131 187
714 525
387 115
175 451
262 16
106 581
763 531
531 842
274 151
234 541
313 580
517 386
302 838
300 5
357 855
502 607
293 475
275 290
446 605
147 450
434 9
367 154
145 31
515 171
288 109
355 566
531 30
866 656
416 146
299 857
491 791
511 296
216 102
204 679
850 779
450 756
8 588
472 295
806 287
571 798
735 184
23 281
406 795
851 92
230 870
170 547
639 784
575 873
113 509
768 781
620 823
644 15
822 312
509 759
641 178
193 618
220 43
680 405
336 650
632 375
356 285
27 646
87 210
22 730
855 402
706 260
685 729
677 138
449 394
5 127
702 550
81 826
348 576
260 578
199 704
519 574
327 111
172 137
610 757
154 118
573 723
272 33
205 409
361 101
693 636
143 150
733 667
343 84
240 39
607 527
621 304
123 322
377 719
539 787
711 553
552 875
665 70
747 153
608 412
9 212
76 637
541 635
632 518
853 121
76 545
354 481
296 715
160 164
1 523
700 283
30 66
524 442
328 595
454 179
873 256
527 596
608 117
98 306
458 232
97 373
236 505
805 508
720 444
124 840
282 38
812 670
331 499
553 622
572 819
431 487
837 237
520 755
425 483
104 600
785 615
19 28
741 435
517 198
494 459
313 213
271 261
835 332
650 809
442 695
791 671
250 474
350 279
138 500
101 323
263 165
707 333
813 783
313 738
101 78
40 62
358 814
63 788
266 841
799 633
732 60
826 455
373 559
153 202
798 868
