92 58211 40079 30390
21748 7963 9570 6217 21138 15917 29099 25395 24001 26388 27863 4164 31241 10760 21972 21512 30168 6035 18322 14326 26066 7828 12030 2202 27240 2954 23860 28404 29612 3343 2544 14619 30563 24995 23110 5669 19804 4779 16276 18763 9729 24761 17076 6217 20268 17678 3958 30980 15164 11358 21581 17007 32359 20179 19016 25775 13906 18772 31044 27774 4062 23558 3169 21965 24389 29203 19122 29101 32359 22187 2105 25455 25950 15177 8978 30986 12632 29496 24814 25278 3494 2133 16579 3575 13072 3350 5314 10100 29036 20427 30858 2216
1 57
57 46
57 7
57 73
57 42
57 53
53 36
36 71
42 86
57 68
7 32
32 47
1 19
7 20
68 29
57 8
19 24
7 9
9 60
42 88
53 72
68 28
72 81
46 17
24 44
57 82
44 66
60 75
7 50
36 56
36 40
56 45
32 37
9 25
8 39
17 77
56 5
9 92
17 14
57 41
40 48
71 63
66 15
46 65
60 12
25 16
82 49
56 52
53 54
54 10
68 91
63 31
17 23
57 26
54 69
36 3
66 4
57 55
69 70
49 62
17 80
73 67
50 34
10 87
69 30
63 38
56 64
26 74
69 35
41 22
40 27
66 78
9 83
60 89
47 21
89 90
39 61
1 58
31 13
23 76
29 11
46 18
28 51
69 6
22 43
76 79
73 59
32 84
55 85
16 2
76 33
