853 2 1 1
1 1 1 1 0 0 0 1 1 1 1 1 1 1 1 0 1 0 0 1 1 1 0 1 0 0 0 0 0 0 1 0 0 0 0 0 0 1 1 0 0 1 0 0 1 1 0 1 1 0 1 1 0 0 1 1 1 0 1 0 0 1 0 0 1 1 1 1 1 0 0 1 1 1 0 1 0 1 0 1 1 0 1 0 1 0 1 1 1 1 0 1 1 0 0 1 0 1 1 1 0 0 1 1 1 1 0 0 0 1 1 0 1 0 1 1 0 0 1 0 1 1 1 0 1 1 1 1 0 0 1 0 1 0 0 0 1 1 1 1 1 1 0 1 0 0 0 1 0 0 1 1 1 0 1 0 0 0 0 1 1 0 0 0 0 0 0 0 1 0 0 0 1 1 0 0 1 1 0 0 1 0 0 0 0 0 1 1 1 0 1 0 1 0 1 0 0 1 0 1 0 0 1 1 0 0 0 0 0 1 0 0 0 0 0 1 0 0 0 0 1 1 0 0 0 0 0 1 1 1 0 1 1 1 1 0 0 1 1 0 1 0 0 0 1 1 0 1 1 1 1 0 0 1 1 0 0 0 0 0 1 0 0 0 1 1 0 1 0 0 0 0 1 0 0 1 0 0 1 1 0 1 0 1 1 1 1 1 1 1 1 0 0 1 1 0 1 1 0 0 0 1 0 1 1 0 0 0 0 1 0 0 1 0 0 1 0 1 0 1 0 0 0 1 1 0 1 1 1 0 0 0 0 0 1 0 1 1 1 0 1 0 0 1 1 0 1 1 1 0 0 0 1 1 1 1 0 1 1 1 0 1 1 0 0 0 0 1 0 1 1 1 0 1 1 0 0 0 0 0 0 0 1 0 1 0 1 1 1 0 0 1 0 1 1 1 0 1 0 0 0 0 1 1 1 1 0 1 1 1 1 1 1 1 0 1 1 1 1 0 1 0 1 0 1 1 0 1 0 1 0 0 1 0 1 1 1 0 1 1 0 1 1 1 0 0 1 1 1 0 1 0 0 0 1 1 1 0 1 0 0 1 1 0 1 0 0 0 0 0 0 1 1 0 1 0 1 1 1 0 1 0 1 0 0 0 0 0 0 1 0 1 1 0 0 1 0 1 1 0 0 0 0 1 0 0 0 0 1 1 0 0 1 0 0 1 1 0 1 1 0 1 0 1 1 0 0 0 0 1 1 0 1 1 0 0 1 1 1 0 0 0 1 1 1 0 0 1 1 0 0 1 1 0 0 0 1 1 0 1 1 0 1 1 1 1 0 0 1 0 0 1 0 0 1 1 0 0 0 1 1 1 0 1 1 0 1 1 0 0 1 0 1 0 0 1 1 0 0 0 0 0 0 1 1 0 1 0 0 1 1 0 0 1 1 1 1 0 0 1 0 1 1 0 1 0 1 1 0 1 1 1 1 1 1 1 1 0 0 0 0 1 0 0 0 0 0 0 1 0 0 0 1 0 1 0 1 0 0 1 0 0 0 1 0 1 1 0 0 1 1 0 0 0 0 0 0 1 0 1 1 0 0 1 1 1 0 0 1 0 0 0 0 1 1 1 0 1 1 0 0 1 1 1 1 1 0 1 0 1 1 0 1 1 0 1 0 1 1 1 1 1 1 1 0 0 1 0 1 1 0 0 0 0 0 0 1 0 1 1 0 0 0 0 1 1 1 0 1 1 1 0 1 1 1 0 0 0 0 1 0 1 0 1 1 1 1 1 0 1 0 0 0 0 1 0 1 1 1 1 0 1 1 1 1 1 1 0 0 0 0 0 1 0 1 1 1 0 1 0 1 1 1 1 0 0 1 0 1 1 0 0 1 1 0 1 1 1 0 0 0 0 1 1 1 0 0 0 1 1 1 0 0 0 1 1 0 0 0 1 0 1 1 0 0 1 0 1 0 1 0 0 1
1 76
1 390
390 543
390 546
390 389
546 237
389 645
389 721
76 343
1 548
1 279
543 203
76 227
645 173
173 317
227 218
76 828
279 284
237 361
227 66
361 504
721 670
218 566
548 618
66 117
76 489
343 550
548 186
218 414
546 512
645 136
389 520
489 656
1 509
512 5
550 587
1 639
548 711
670 208
587 212
186 586
670 309
284 99
512 593
656 683
390 162
618 370
66 238
117 642
227 481
117 50
237 777
361 654
218 454
136 193
99 214
645 591
390 741
162 160
546 207
208 404
586 412
512 825
618 665
670 375
193 319
566 24
227 652
711 764
670 596
186 852
550 252
117 344
593 352
390 540
656 611
162 560
520 293
764 706
587 14
512 704
828 612
343 782
741 387
543 372
652 55
704 745
540 43
352 498
387 529
372 219
586 69
593 805
498 163
370 276
5 581
238 362
24 251
412 650
219 659
520 273
805 396
612 766
404 150
24 676
66 561
66 762
481 605
293 427
389 77
825 462
24 60
370 40
618 354
777 342
605 329
150 812
117 487
66 707
665 460
329 243
329 233
243 154
504 474
683 91
581 377
581 115
115 477
24 132
252 840
115 757
160 458
212 341
777 556
404 623
251 597
586 638
150 555
238 171
40 187
343 430
645 165
777 724
659 784
586 346
14 199
540 532
218 629
427 144
665 400
77 442
193 179
40 125
784 461
782 314
361 312
160 73
638 847
314 817
477 808
659 666
117 336
361 253
808 12
370 386
115 684
199 471
618 33
1 818
654 259
1 651
825 632
354 472
115 677
375 340
69 786
618 145
656 831
207 297
442 27
233 298
251 111
115 531
352 164
587 763
462 646
125 138
414 748
414 491
297 30
561 613
273 823
138 606
390 783
203 22
504 32
458 446
805 177
400 565
163 443
55 832
840 539
12 47
32 104
472 258
786 127
132 306
808 622
491 679
707 46
704 428
540 771
276 627
312 141
342 631
852 610
251 794
293 751
314 49
30 190
613 153
721 405
164 598
163 810
704 549
162 523
461 249
253 698
489 39
165 723
784 17
55 172
317 527
782 175
509 90
90 811
561 301
817 96
153 72
33 494
276 444
298 747
764 727
24 578
253 803
412 411
309 13
458 74
724 188
523 609
605 445
252 338
24 54
154 421
477 709
90 8
782 118
237 754
811 388
5 792
555 241
361 799
50 305
613 294
711 649
458 836
474 131
150 398
306 394
458 229
372 634
481 680
458 274
177 53
90 56
208 322
131 149
111 129
666 59
73 601
207 816
259 800
329 318
706 235
618 194
343 315
609 508
727 522
606 108
831 696
751 45
30 526
125 365
531 681
679 842
587 791
823 413
77 525
527 347
365 269
269 351
696 373
681 693
162 295
782 288
77 761
527 440
404 827
816 57
306 383
471 789
586 416
446 287
175 407
186 376
407 89
5 759
125 819
5 25
346 728
284 744
315 255
819 9
587 732
386 339
526 678
556 657
623 567
578 349
76 242
683 15
241 158
55 787
707 209
145 44
90 467
361 168
298 419
238 507
494 423
194 720
46 313
404 205
842 435
390 715
168 225
634 486
471 542
792 289
567 291
288 126
289 270
55 198
825 712
73 41
715 662
651 505
141 846
440 275
270 752
89 722
108 603
789 350
149 694
512 850
387 406
670 804
520 692
241 37
115 780
186 695
539 668
45 624
54 788
54 137
786 699
60 655
811 835
505 459
317 482
642 806
811 463
539 248
766 701
313 513
525 64
294 725
69 564
662 500
819 562
847 490
657 382
440 545
752 671
386 102
696 92
377 348
654 182
349 719
375 178
593 355
293 689
138 582
724 61
655 397
657 106
454 767
681 231
549 98
791 195
102 302
203 853
531 128
427 324
291 844
539 122
427 663
650 78
340 528
258 558
722 718
274 571
383 103
792 4
39 717
645 580
54 191
771 535
108 167
413 516
715 79
317 105
500 272
41 87
377 113
812 250
677 793
49 374
627 311
352 439
812 592
638 807
279 641
404 453
388 839
567 80
799 202
218 690
45 81
580 702
96 360
255 134
132 280
840 585
586 541
390 371
702 770
199 399
419 169
208 261
844 82
261 778
839 97
297 455
531 425
847 438
823 321
207 146
57 159
592 36
360 384
374 185
238 621
365 790
461 65
360 464
276 756
272 189
782 304
593 266
836 3
680 23
14 617
512 230
541 457
129 466
853 114
846 358
167 538
466 300
566 713
208 530
458 821
53 296
684 776
238 733
131 174
494 729
852 254
174 183
342 703
461 848
174 450
690 403
679 688
99 675
33 615
190 245
610 26
531 224
163 256
102 35
764 584
270 669
800 364
129 112
706 401
235 152
44 366
578 409
80 85
803 130
129 493
394 356
603 579
202 574
138 480
145 470
189 107
840 735
805 737
203 327
227 192
454 475
73 426
606 533
480 119
598 779
491 734
639 607
832 204
273 691
638 201
192 667
733 708
85 841
14 422
396 232
162 200
90 575
126 433
819 521
430 502
605 479
457 619
784 851
103 424
627 369
160 775
535 604
9 101
560 730
623 628
398 630
235 749
529 264
117 88
397 577
639 594
734 772
362 452
23 28
107 210
98 838
428 755
397 653
89 588
767 239
165 785
439 685
564 451
252 833
309 753
254 20
666 499
545 7
318 456
387 380
825 739
650 303
178 798
375 496
108 760
398 52
782 392
604 501
607 11
675 495
388 814
842 263
204 226
191 710
314 402
183 48
533 62
454 845
241 6
806 410
587 614
153 815
56 503
318 310
375 278
416 220
457 139
266 820
744 488
193 768
296 714
665 283
504 246
663 84
204 140
609 589
130 337
191 824
224 537
759 602
274 570
499 123
366 331
319 277
296 257
305 176
503 590
753 94
852 332
65 109
82 547
239 308
657 268
74 325
611 822
146 608
348 75
841 813
467 367
127 18
336 536
264 326
668 441
77 797
804 51
140 142
294 774
671 197
833 143
688 640
804 563
387 469
294 148
832 215
183 206
139 86
792 599
355 285
777 316
779 244
714 672
119 750
443 223
45 2
704 515
364 121
617 381
398 447
779 553
309 213
272 93
210 320
699 216
529 135
337 773
791 166
27 58
344 31
599 620
105 110
69 240
704 368
825 71
140 796
392 418
606 353
560 514
456 378
442 345
665 95
215 483
584 758
331 830
669 21
273 795
244 743
520 636
627 234
274 465
718 431
53 801
190 437
472 660
248 359
139 829
590 100
27 551
197 769
657 196
799 492
499 292
287 518
650 700
240 19
378 290
580 299
748 363
165 151
734 448
753 260
713 70
254 42
165 395
412 635
380 497
314 731
679 583
197 661
152 781
709 557
557 647
92 221
838 417
586 323
289 834
351 34
364 554
699 511
546 726
347 716
245 265
838 282
590 837
691 809
838 211
744 436
144 420
454 334
413 63
17 434
383 262
732 473
698 156
850 184
417 328
356 408
495 534
329 38
812 664
795 83
332 544
209 155
413 124
288 222
240 432
812 637
231 705
7 826
369 519
783 674
725 307
730 330
359 648
34 391
737 643
578 468
203 157
748 247
125 600
405 476
756 576
239 170
473 335
262 29
578 385
464 357
474 573
261 517
216 742
78 68
290 552
851 429
753 478
851 686
790 738
591 286
414 595
123 161
400 271
619 67
439 333
29 147
632 180
29 510
73 658
240 484
411 485
666 572
692 682
486 740
663 802
230 415
75 393
444 379
627 116
29 626
234 746
298 625
767 133
691 616
118 120
723 644
775 697
646 736
457 281
595 181
503 559
551 217
194 228
241 10
58 16
14 687
255 849
732 524
611 569
47 236
102 267
629 765
562 568
648 506
202 673
89 449
552 633
628 843
