91 8209633 4855128 3235463
1807 13376 9233 8289 29268 26951 14779 30053 5257 29989 15334 1493 1446 1221 1377 23702 4878 9677 19401 32033 1381 17698 13309 30249 30882 30382 2770 1918 31333 27233 30216 24369 25226 12917 12669 12793 6654 16119 11425 13013 17361 12931 7210 11763 31885 29775 21513 19153 9159 9066 32156 14754 25587 20294 32293 20467 27773 6517 8571 22670 4629 9392 23807 6814 18762 29981 16082 23573 12122 9682 23877 25419 5448 6037 23185 15335 16688 31973 20681 17155 23000 26431 14860 16011 12423 14746 10495 998 23834 9268 25978
1 58
1 65
58 26
65 4
58 16
58 77
1 25
26 24
65 45
1 70
4 7
77 49
70 79
16 14
79 51
65 89
58 80
25 53
14 67
77 91
7 66
70 64
67 72
51 39
25 3
70 44
26 63
64 81
26 11
70 12
58 55
1 8
49 47
24 22
25 35
22 87
12 40
47 38
64 83
35 27
4 61
81 62
79 2
3 13
39 86
26 82
77 42
91 37
8 43
51 15
2 10
66 54
40 6
6 78
40 34
10 36
15 33
77 75
83 88
87 50
3 28
82 20
54 76
78 57
34 30
42 59
49 90
49 18
91 71
59 31
12 17
11 29
63 84
78 9
89 21
40 19
39 74
88 52
14 69
18 5
74 23
25 41
15 46
81 60
3 85
63 73
88 48
50 68
16 56
54 32
