79 401308759 37861085 381230986
28620 904 8572 20247 14095 22334 12056 31815 23734 20708 11164 20125 328 14000 3311 19130 9205 9189 30432 25725 2857 7948 2141 26478 7009 25985 2277 15965 4158 4146 2623 24134 19415 30116 21101 22648 12372 27959 8668 22518 14265 22442 10717 3614 15871 4321 18265 21128 12649 12006 21951 31281 7445 12847 11842 10713 16850 2847 10050 10153 12593 6350 10247 28697 7903 1293 9397 4625 23601 8613 5756 5710 12801 10976 17424 30216 3257 4939 28249
1 73
1 45
73 62
62 2
62 42
2 3
1 39
39 70
3 26
73 15
39 28
42 53
73 33
62 22
26 77
26 78
3 74
73 17
1 52
52 19
73 63
19 43
19 55
43 59
3 44
45 16
53 47
1 11
47 31
78 35
26 38
70 41
31 46
22 54
38 61
1 30
31 66
26 18
19 10
45 37
74 72
28 24
62 8
61 13
77 56
73 21
54 25
44 34
39 20
31 48
63 7
13 49
62 4
20 76
26 36
26 6
37 69
43 67
41 32
74 27
63 9
34 58
59 50
34 64
63 40
10 79
56 68
35 75
11 65
65 29
61 12
68 71
7 57
43 23
22 51
31 5
9 14
70 60
