6
111111
0110001
10001
1010110
010011
0111011
111011
011110
000110
10001
10101
1001011
01111
00010
001001
1010101
100000
000110
10101
0011101
1011010
0000100
00101
100111
0111011
10001
0111000
110010
01101
0100110
111011
0011100
1001101
11111
111010
110000
1000110
0000101
101110
010000
1011100
10101
0110011
01111
100001
0001010
0100101
1001000
00010
10111
1010110
101101
1111110
000000
1100101
00000
11101
10101
0011111
0001100
01101
110111
10001
0110100
1011000
1001000
0100001
1101100
11001
0000000
1011101
01111
10000
0001101
1101100
011111
010011
111011
0011011
10101
1010010
000100
100100
1101110
0000001
10001
0011001
00111
00111
0100001
00000
110110
010110
11011
1000010
10001
101100
110010
0100101
010110
000010
01110
110011
0010101
011011
10010
0011111
011111
11100
11010
0001110
10000
010101
1011010
000001
0101010
000101
00001
010100
01110
100011
00110
11111
010011
0001101
010001
0101111
01000
01100
0011011
00000
1010100
11001
110111
101010
0110101
10001
01001
0101100
010011
0001000
1100011
11001
1001000
0101101
111101
111101
01011
00001
100100
00110
10100
011111
001011
111011
111100
1010110
1000101
111100
111110
1101110
0100000
011010
110011
01001
01101
00100
0101011
100100
010011
10010
11000
10110
101001
000101
110001
0011111
11111
10000
0000001
1010000
111110
1110100
11011
0000110
00111
00000
111001
00000
00100
1010000
110111
110100
0100010
100110
1101101
1001101
101000
1111010
01000
00000
001000
111010
01001
00101
100010
111101
1100110
01000
11001
0000011
0101100
1111101
0110101
0110000
01011
000101
1111001
0111001
10111
00000
1100100
0110101
00000
11000
101111
01010
00001
0101111
100111
0011000
0000001
011110
00000
00100
111000
101111
100010
10110
001011
011111
001101
1100111
11010
000110
1010010
1000011
110011
010001
000111
10011
101101
1110110
000001
10001
1100011
0000011
11010
010011
01000
1110001
1011111
010111
1001110
11000
0101100
0100110
0000110
0110001
1100110
0100000
111110
01100
100010
100011
0011010
1001001
11110
0111111
011100
100000
11110
01010
11111
00111
11010
00010
101010
01000
0110100
1110101
1101001
00000
11101
000100
11001
01010
00010
0001000
10001
0000110
0101001
10111
00111
1000110
00110
00111
110001
001111
100111
10010
1010001
011110
000110
11111
1101000
010000
10100
100101
11111
00101
111000
101001
01110
10100
100101
01000
000100
1100100
001111
11100
011000
100000
101101
00000
111111
101110
1011110
0101101
1110111
0100011
1101000
01101
111000
111011
001110
01110
10110
111101
001100
010011
01000
01010
10010
010001
1001010
110100
11100
1110010
1110100
11011
1111110
10110
0110101
11100
111000
0010100
0010000
00010
0010110
101110
11010
11101
100111
0110101
01010
1111111
000010
1010110
001001
010011
00111
010100
010101
110001
010010
011011
00100
0111011
11111
1110111
111101
0101110
10010
10001
011011
101010
001100
1111110
0111000
100011
1100001
10011
10010
010100
01100
00100
10110
0111100
10101
011011
10110
010010
00110
1101111
010110
11111
10001
10011
1011010
1111001
001000
010001
10010
011010
1101100
101110
11100
0001000
0010000
1010111
1011010
011010
010100
1111101
101011
11101
0001111
10111
0111000
111000
00001
1001101
1011000
11010
101010
0001010
000010
011110
00001
10011
110111
101011
010001
001110
001011
00101
0010000
111001
100111
1100000
101011
00001
00111
110111
1110100
110000
10110
11011
00111
010111
011100
10101
011011
00111
1001110
10010
100101
1110101
1101101
00010
0100000
001111
10110
11000
1000100
111011
1000011
100011
0001001
00010
110010
1110100
1010000
10000
00000
001001
100111
0001011
0010100
01001
1000100
0100111
01000
001101
1110011
100110
00000
10011
1111001
1010101
0011111
11011
1111011
01100
1010101
101101
1111101
1111010
111010
000111
10101
01010
100111
1011000
0011111
00010
1011001
100010
0110010
101101
0000000
00000
1111111
001000
100101
101110
0001110
00100
10101
11100
101111
11111
0100011
0101010
1001101
10001
110000
011100
11011
11111
101000
1000100
011001
110001
10000
01101
111001
100111
11010
001110
11001
10111
11101
000011
01101
0011100
1011010
011110
11001
001101
00101
100110
11000
100000
010000
00101
110011
0000001
11000
01110
111101
01011
1101001
101011
01111
01100
1000110
1101001
110000
011101
0000001
1001111
01000
10001
100001
1101111
0011101
100001
000011
10111
10110
110111
100000
10101
11010
1100001
1000000
0010110
101011
111100
01001
00111
000001
111100
0101010
111000
1100010
00111
11111
0100111
01100
110111
1001010
1001000
0101001
011101
111011
001110
0101110
1111001
1010101
011011
1000000
11010
101101
000011
1111000
01101
00101
00111
0000100
111100
111111
101011
00101
0110111
1100110
110100
111100
01110
0111110
101011
11110
0001111
10010
010010
101010
0110001
110011
1111111
00100
1110010
100111
0110000
111001
010000
0111100
110000
1111101
00010
0100010
001101
0100101
11101
100101
0100000
00001
01001
101010
10101
10000
011010
10101
0100000
0011111
100110
110001
000010
1100100
00001
10000
0011001
0000101
0100111
0011101
101110
0011110
111011
101100
1101100
10000
1101100
10111
01011
110100
1100010
10000
000111
1000101
1100111
01100
1100101
001011
01111
0000101
01110
1001111
011110
00000
1110000
10011
01001
101110
1110111
11010
11101
010100
110011
0100011
1110000
1110000
001000
00000
101100
0011000
010011
111010
1000100
001100
10000
0100111
00111
1101111
1111001
101000
0000101
0000011
1101110
1001010
1011001
010110
01011
1111001
01100
10011
110001
0010100
0111010
01000
01101
1001011
011111
110110
1111001
01010
01110
001110
11000
0010100
0011111
11000
111111
111000
00001
1101010
011100
1001011
00011
11001
0000100
111010
11100
0010010
1101010
0111000
011000
01110
11100
11000
11100
00000
11000
11101
011011
100111
0001010
0010011
01111
001000
011111
01101
10110
1011001
00011
11101
01111
11100
1110101
001001
11000
010110
0110111
0001001
11100
00100
1111011
011000
001001
0100001
0010100
0000011
011001
100110
0111001
100111
1111010
1001000
1011100
110100
001001
010101
0110110
1101000
001100
0001001
010110
110111
0000111
00111
0001011
1101000
0110100
110000
0111101
00010
11001
0010101
10011
011100
0010001
1101111
010101
0011011
11110
110111
110111
00010
01000
001011
10100
10011
111011
00011
0001100
10011
10101
1100010
10010
100011
01011
1111011
110000
11111
01010
0001001
01000
11101
10101
1100110
00000
11111
010101
11100
10100
010010
11010
011101
01011
01110
0000101
001010
01111
10001
10000
010100
1111101
00001
0001111
01101
11101
0011010
011110
0110100
00010
0100111
1001000
101000
000000
00111
0100111
10000
11111
1101110
010100
1011010
001110
10110
00001
010001
0000011
0100110
00100
000111
1010110
011100
0010111
0101101
011001
1011100
00110
01010
0100011
10110
1000101
0111100
110100
01000
01001
111010
101011
1100001
0010010
1111100
11100
1011011
0011010
01010
00001
1001111
00110
111100
101101
1000001
01010
0010100
001100
01001
10111
00000
0001011
1011111
110011
01001
001110
1011110
1111110
00110
011000
11011
011011
1001001
10111
101000
10101
010100
010000
111111
0010010
1100000
111101
0110000
100011
00100
0000100
11001
100110
0100110
1100011
111011
1010101
01001
10110
0000110
11011
0110001
101111
10010
1001010
11110
