100
1111101111001000100011010000100011101001100000011010100001100100110111100111001011011000101101101110
01101111010110100010011110101000110101010111101000001101001110001001010001010010000011101011100000101
00111101100111010100010001110110100111010110000000101100011010110010101110010010001001011101100010110
1010110110101010001110101011100100001000110110111111001110010100111000110000011000110101111101111010
1111100100010011111011011110111101000001100010111010001100011001001111100001110101110011000010011110
10000111111110111111011011110111110100110110000010010100001111000000011010110010000010011111011101111
00001100000110010001101111011001101110110111111111100110110101111001110111101101011110011011000110000
01011100110101001100011100111001010110111001111111010001010000011111001001011110110111010001110110111
1000110100101100110101101110100111000101010100001010010110111010111100110000111100010101000111010010
0101101010111100101001010101010100000111111000111101110001111101010011001101101011011010111000101111
