5
11111
10110
01010
01110
01100
1001
101110
101110
110111
00000
100100
1010
01110
10110
1111
0001
1001
0111
1010
110000
1000
100101
11001
101110
10101
0001
0000
010100
111011
011010
0110
11000
11001
00110
101001
01111
1110
11100
100110
01111
111101
01100
01100
11010
0010
11011
00010
00110
110001
10110
100110
1111
10000
100010
010100
011100
00000
0100
011111
1011
1101
011111
110100
0001
10010
000000
1110
01010
100111
110001
000011
1011
1110
000110
101001
011000
100100
10100
0111
011000
100110
0000
11011
010011
101000
1000
10111
011001
11111
01001
011101
100110
10101
1110
001000
0100
10010
11101
101000
0010
