2000 3000
1 410 294279223
410 1582 455355749
1582 370 463936450
1 1726 339112841
1726 625 566593847
625 366 969227648
370 1946 586329195
1 1621 157644050
1621 1651 810550842
625 395 47033388
366 318 506876333
1 678 909069663
1946 1930 321416998
1582 1882 71208645
1930 1923 483683955
1930 1917 603073277
1882 1912 71871446
1946 862 97036736
370 1629 710123321
1946 1385 913526417
410 463 283275746
1621 1532 411109349
1726 1045 289305588
1582 1328 22001576
1629 392 119845677
1629 835 27358911
1 1572 663254368
1328 1853 561545929
1882 1789 763918018
370 797 938452955
1385 443 390049477
1 682 518278764
1532 1489 380211061
797 613 415861166
1882 1888 733322959
1726 1011 278546442
392 1353 273967412
1912 851 189490974
1629 1561 415045987
851 315 801379211
392 79 124692878
1011 1517 972059273
1561 320 763120667
395 1695 680437730
1385 506 243283643
1912 1147 911410353
506 470 999650217
366 37 133638396
1917 1938 775647310
443 1044 145836564
1726 621 190714265
315 34 243306875
1621 243 143164722
613 1379 659588560
851 1333 309436899
1333 444 666712440
1379 71 501103628
1651 1992 137452064
1011 1213 143222167
506 542 576027531
797 1297 462557317
1912 26 282030147
506 692 979989510
625 188 781035924
613 1442 25378125
370 1546 86794684
1992 336 453785669
1532 1380 18586248
463 729 470910572
1853 1824 881078580
1629 1033 755064553
1923 1443 451169951
470 1492 647117246
1546 1312 495737673
1443 1055 812269281
1789 610 483413162
1923 536 731336156
470 476 834765393
1044 76 320572595
318 15 452417342
476 1398 40885950
1824 816 349480548
1888 1620 164168268
1695 173 365865065
470 181 53125577
1385 217 989402630
1853 1605 859599583
470 309 125925324
1695 720 783201242
71 1415 177626978
1621 1083 456865364
1443 619 64978977
320 571 793530901
1055 1231 411330621
1033 1247 288042486
181 597 52009915
476 1878 465598478
1992 1632 845101924
71 531 515202322
392 1039 144393612
463 411 570587138
243 1412 306937064
1629 1484 911182571
1632 763 861486547
1247 822 223508991
542 1694 624057223
1415 1631 978932404
619 72 315561967
816 1461 345468469
1 63 635588219
76 198 966074057
506 413 607732273
1631 1444 118313898
443 47 204316279
1213 1429 47803985
443 407 883646301
1 77 702960728
1572 1325 934039605
1415 13 13767663
571 733 317547790
71 1707 547069326
542 887 781998837
733 1665 601771508
1444 742 442260385
1443 1225 85037682
410 1154 195125577
1992 662 989489646
1225 1407 791256133
1695 1303 460475283
887 1639 868182055
1415 1670 395327838
822 362 551241738
1517 852 674588218
1946 228 871967688
76 1761 444745251
571 1119 777792415
1632 490 720582484
1532 1220 501129433
1639 1868 216491624
72 1307 74963572
1492 1871 55253511
1055 1030 641086427
1444 801 589905315
410 1595 592382632
1878 1406 781677835
71 943 19420444
1213 1035 360130230
822 1790 432970913
1605 1896 215567695
610 1322 945122280
662 113 880847883
309 1255 639117061
1923 90 2055364
1665 97 366948572
1380 642 911825570
1398 262 352430580
1083 167 186463077
181 1720 364162414
1033 1005 396048345
1896 1260 853041091
729 538 50246829
571 324 967265808
1407 1108 542650364
506 1159 49931495
167 656 968499957
943 305 936070352
1888 1998 628627892
763 1227 840129593
1030 800 724714768
1761 1984 729301535
1992 1972 894650522
1492 1584 363331879
1572 1745 141478081
852 1417 799035810
621 1359 156589560
1083 390 693871622
1443 1692 574253932
1055 555 330238519
1303 1110 507611235
571 1818 918765458
1333 1134 203044119
1147 1891 915884449
851 1956 2141290
625 1174 415843284
1 1725 47549356
1984 213 443238096
1297 327 938955077
262 1919 449582593
763 66 902650160
1882 1856 914597790
324 1626 773691894
1651 1075 43731912
619 698 914847133
1761 28 195692732
1665 1943 232602373
542 1072 174989101
621 31 380970586
816 859 351445247
1620 636 242226229
1998 302 985160376
1231 1830 973355490
1005 549 168299847
862 144 238118505
1670 1158 299014880
1546 382 616852651
1227 1185 797773065
943 200 151034762
943 38 774974660
76 349 719350510
1632 573 908162038
1407 363 499421942
1853 1501 723624691
1896 458 638340653
458 931 643896287
1670 1329 920987175
1035 1971 283973301
1185 803 605649523
931 1547 697769730
1707 1641 137971675
1641 758 848770582
37 740 15363714
1695 491 448623312
444 1829 488603215
851 1462 135170947
859 50 623857591
763 1198 346101945
613 1744 136936728
1312 1145 579483881
1943 1434 211707191
1415 650 88563177
1154 1478 122705771
1325 1244 466851889
47 1954 224874694
50 996 615910470
1213 898 739382422
1415 1756 1090833
1198 1500 181424081
1670 1295 735855632
1442 403 326837376
1532 1351 69893030
1919 358 865895553
1333 1802 39293510
302 1911 818816755
1725 1172 637733870
395 903 686176313
1295 1341 795322420
1329 406 142717151
302 193 277187720
1790 955 523776956
1379 836 347609424
362 335 689527286
1856 1046 545494966
66 525 65882846
862 240 136364308
71 1902 162826405
862 1251 800893512
692 273 375932247
1639 290 220421816
1917 1211 815690348
1956 101 501639692
678 1645 566395037
476 1767 819603337
1919 1138 95990314
38 44 407452382
1938 583 391462722
729 1348 748063834
740 1393 434138102
898 1556 901817531
1412 1551 624695507
822 183 897068113
1385 1342 744037804
1478 170 93005860
1551 684 474888209
1351 633 409739368
1547 1037 27352915
1938 1633 485692802
1303 1795 619212871
1720 998 761166583
1329 1397 808854945
506 1838 382109695
678 1413 978424803
621 1872 711091745
491 652 392137676
1380 725 119297353
490 417 857161181
228 235 955019077
1322 160 134643631
315 209 839996545
113 804 236474221
79 1116 295373456
1595 155 324556396
1260 590 79783610
742 883 487946486
1342 1706 863723730
1633 1736 271415064
1172 1906 469846486
1172 627 504260689
302 1541 624399926
144 1189 266566898
1412 1739 777472325
101 352 47927998
1923 272 441660722
1891 119 379746181
1489 190 460876719
851 468 632043125
213 332 301099621
160 710 534277117
1517 1263 523506172
1325 897 53186099
1342 241 394153362
1489 1357 203383888
1902 1731 269107004
1158 660 819405385
1584 1491 289644454
742 941 92472875
1500 1137 901100792
76 186 762675112
1911 1635 427703173
160 563 493382338
262 1798 437584271
443 9 842345799
1795 1367 505129597
859 1805 971274167
1417 1402 624645238
1033 1056 324342596
887 1371 169096314
1442 1338 528906965
200 956 955087013
1972 1729 633908949
1641 319 472148541
458 1424 658680241
1725 806 777745649
1260 631 635793543
1670 909 746618874
1484 1205 383624405
797 1419 575894537
167 567 514267373
470 1624 913802424
1011 564 559578989
531 1815 853564484
571 731 41046032
1551 1735 950232416
1896 1775 512010772
382 481 188756966
491 1144 561542279
1333 1698 600997504
1856 114 627869062
190 224 944077207
1255 1770 771305270
468 1192 576162268
1739 815 771250264
319 153 14758736
1561 1364 803693042
1192 1139 538463874
1033 844 787722483
1145 602 468719956
1902 1062 617771115
536 759 529230715
1938 1191 757431665
698 946 962424187
1896 1788 860585826
887 686 945137317
327 1113 245644746
1357 1989 511592964
567 853 132218618
931 694 388923987
1824 1052 278599274
571 236 306660509
1353 317 716132642
262 1400 944194381
186 1271 377633302
835 1580 750607001
1878 1252 146310486
1478 1738 261205250
66 128 933721106
800 1288 378148159
1220 1363 738274308
627 1627 944015205
1297 1622 739390539
1635 405 465004491
731 333 597398501
476 1525 619971968
324 1038 353911222
1444 1354 221015624
1906 1885 273515265
119 1684 984427967
1205 55 769147830
686 723 261784811
336 1181 786987070
55 646 146947906
1348 1959 194773838
1645 985 638036803
1694 1779 448157905
1044 158 263227394
956 1195 225854613
1546 1256 516498887
1745 1330 972517523
119 1257 718145149
444 1305 337335135
417 635 412886786
1192 1948 475509561
198 999 928084490
114 371 990882986
1039 744 452658842
371 177 59927035
66 663 604513645
859 297 833636962
1992 1755 234699923
1906 558 167147215
153 1659 101228126
1342 365 622948534
733 234 71052560
1546 1875 477255313
1400 967 485381281
816 1125 516629152
1541 928 888231111
763 929 168120471
213 215 985011806
234 673 335420658
1492 1970 886521679
1584 574 376329178
1260 1983 87968899
1424 1846 1938535
1983 1060 572340716
558 1526 86792953
458 781 435391944
1429 1347 346775780
897 1643 253513553
15 178 682641277
411 524 605778485
650 1569 545869011
90 1638 619813686
315 637 587240823
1256 396 370250862
1192 547 174682819
1670 78 431237435
1158 1857 150150950
1035 691 527074409
1342 409 646404841
1620 1601 552479336
1492 1449 820920936
1872 895 913925911
144 808 146030094
590 1448 620124341
241 708 374014523
1252 274 397975564
38 404 231107417
1154 1834 1746646
815 1583 288507261
1561 736 922391350
1891 1808 280249933
186 1226 735273026
1484 311 34699230
887 687 11096912
1695 1369 666796697
740 1474 949259860
1620 43 132726743
1192 1975 813533879
1367 1238 128368340
224 819 328376744
662 1313 569533917
173 1264 495742569
1605 1876 361521258
262 1751 796340726
691 226 293226478
853 58 513620797
1083 1940 226040904
240 152 565275318
1532 189 382410349
835 1202 141275912
1755 1373 203717317
650 1909 849654133
490 1376 38147722
985 838 14119629
800 522 843805781
79 1690 120224165
1429 157 684799781
1629 1534 477453296
1902 1304 921120575
491 761 219416980
1818 497 452535604
1834 1242 911411973
525 1452 866534991
1191 842 140547046
1517 1566 431768796
66 250 866255515
234 350 678135390
1795 1156 128878360
836 1515 249382293
302 762 751848779
635 702 260389018
1288 884 990547423
470 1666 290214724
1052 388 872167669
1624 1480 67005944
883 1781 965228145
702 1387 238853129
1738 1676 332623199
547 249 245186557
619 1900 337905568
816 550 674666551
1238 1199 5535793
1474 1571 522350427
1116 401 429131669
1853 552 237391731
1983 106 81535375
106 509 257622443
1072 1873 976576637
1338 1015 768452324
1911 622 969754255
470 1713 962413879
956 1482 98969361
1312 36 654474275
371 1993 7809529
1367 1250 965246481
1357 1557 987003382
1919 770 574379675
410 821 873685988
76 1612 498352159
77 889 747400780
1639 1656 290026161
366 132 190733504
781 73 520628770
481 1691 735148341
1790 802 115154004
597 461 401035184
678 1646 82488899
193 1734 60395984
1621 225 656181681
1917 813 390418800
931 1066 798720819
1871 1544 302555852
1694 671 275160455
687 1472 655506563
909 973 330916337
909 184 397703088
1808 773 285482413
1888 1013 130265086
1359 546 89285831
710 257 375602771
318 1766 22979284
558 1395 868169747
1665 1206 25777800
1304 1962 357972084
1413 381 920922678
682 875 16434793
1055 142 629123100
1379 265 779755380
803 1170 689652331
396 1727 933102901
1211 794 486806209
836 1274 20527922
1052 893 214277180
305 693 674779635
1055 1269 128964612
1191 1581 193407428
1195 1565 118579207
213 738 447288884
546 1130 105661903
66 1776 8743982
636 1852 997851480
106 1301 556756618
627 1049 343895467
371 1162 359768676
1191 230 974812420
1805 56 831668367
1242 1611 472280345
999 252 692498861
1154 1032 118016559
1876 136 594634061
691 1545 120101405
1385 1077 48521854
1641 496 293429123
1885 1740 800414281
806 1705 700479241
1333 239 797911952
844 921 614475903
1838 528 36021372
662 1320 362249983
37 1319 946355204
1263 219 992832345
883 48 177634702
1351 147 975256675
720 164 327487249
1341 1384 199786407
931 707 766023339
773 1964 862605783
1271 1550 169096937
1790 1499 264258062
239 995 969505696
1726 629 434898913
859 1378 922983839
319 1894 104954182
136 447 58825734
893 187 806393562
1206 1514 265466780
1514 218 138188590
481 1990 342695246
1443 469 434272164
1645 1422 969492474
1257 206 176961597
490 150 222968508
707 338 709689794
686 1007 17974891
637 1272 45879373
1108 680 180398147
1130 440 609572616
1005 1594 883046990
1256 1120 472137448
1605 1018 361124097
742 1939 388451362
26 6 926633721
186 796 272243403
1185 1224 184565272
895 342 813388417
836 1750 66398305
1480 1152 162615641
218 724 143041112
1872 1693 904756805
1379 890 408688750
693 172 853557087
1434 1423 459045313
555 1058 458587995
1776 1591 354902630
1888 429 847867252
571 1881 589203674
1303 33 925918137
38 1383 460350848
1750 756 597502911
1779 11 117471053
671 1278 630548273
1269 1689 217327260
1313 357 637235555
1060 1212 309736001
128 1311 794980028
1147 53 369778075
797 1436 756434656
1211 544 230773355
770 530 846672531
1948 75 148271043
1484 269 727546442
883 1455 571778599
219 1772 830501306
1698 427 587102856
1250 1688 166080371
1 1671 354071703
1342 1826 189732240
761 231 554508847
1322 117 976844289
875 1718 481383347
801 1636 192066212
1489 849 648969617
1876 1717 137444631
835 423 147295204
1412 1950 205928109
273 1568 754606741
55 1752 490952612
1651 1807 217544673
853 1850 789142963
1695 369 46043274
1113 944 597385167
851 88 112900676
762 1640 879189872
1830 788 808014150
853 453 760828400
28 1445 236665890
1263 1299 635334628
6 379 243794593
635 1973 971545392
1695 292 357902993
1035 199 693518831
1305 1579 620774383
1312 478 150252469
1489 1828 956974080
1379 554 241470493
862 86 244344285
297 130 620489
236 1784 72300801
290 4 496337133
317 74 667615391
1272 1898 879011713
250 1921 865553643
999 1270 278014933
382 65 841377552
1557 442 501954932
1659 559 458044894
241 986 452355461
1956 191 65849187
1380 1302 381374070
1402 1182 76127159
702 1232 849164657
646 1153 335048055
1062 486 757352161
1720 644 682393007
895 1298 9560185
842 896 994534819
6 545 364721691
729 799 481523524
130 1447 127625565
186 1468 223163147
1671 339 812981316
1448 676 153371783
1946 594 546063026
1484 459 650028020
404 488 167460051
1584 1988 635395095
1526 1335 373916174
1930 976 980746270
231 891 42185341
1698 1200 420773309
217 504 262048338
317 614 422322373
269 505 979219862
694 192 245458956
803 3 672937599
1379 1960 328354558
1134 878 413347712
943 847 719429094
1971 951 359483876
350 1210 178395323
470 212 897685417
73 1025 823216703
1422 1531 982534953
1888 437 874863670
1798 1258 248727019
1622 1053 45074046
481 683 287712377
1790 1483 256736368
396 151 150809895
1052 422 673410201
1738 59 16874069
1946 510 245857061
9 121 262306191
602 1680 320696943
797 741 835035172
1834 1040 737760345
1923 1114 54743733
1385 1703 47612125
443 902 225597219
1561 1647 37546641
461 368 616125784
1923 1034 707298641
636 954 258781808
676 926 178870985
79 62 78023663
1954 1190 916481596
691 579 461282237
614 1848 81829669
1579 1662 136951353
1624 580 329083203
36 1903 564726376
555 313 134265502
816 495 920586288
468 1041 475561728
660 1771 937521241
808 1508 375959384
1689 255 129403289
1882 1543 560439680
170 326 205665836
1950 1763 276638522
1192 1362 36977097
1939 1559 788414221
1072 675 327491462
66 474 415054152
967 1522 700673855
895 1945 698245692
554 665 906831969
1611 1435 477693625
1484 1967 282739458
1763 704 103082930
1798 1490 43690833
1750 1655 29068720
440 827 28143860
1878 1533 35617471
682 254 986334753
62 1006 505830784
1705 591 582251251
28 569 47330918
1582 1963 101016598
729 94 728384401
1639 850 486165825
239 445 104736425
1211 557 515988919
1319 966 415975065
761 952 226689714
47 1135 110795643
1278 515 630728695
1320 757 634210737
1492 1793 126771415
1736 120 652952181
1038 1715 580871921
240 990 97671350
770 668 107853075
1992 518 962018431
1413 1535 586634096
1371 696 425001525
1781 1071 941049517
1793 448 486163444
273 1093 546680980
1990 1276 509760842
206 487 289305998
324 1708 57163337
799 977 679775566
1325 1366 166349180
704 1146 256719479
836 137 20886682
1891 1300 879394307
1559 587 435846482
1501 245 257535783
74 648 989465183
243 1833 162936619
579 718 16603588
437 433 948122551
1366 450 631917940
1526 289 797671599
893 502 287055953
231 1816 963539799
804 743 458374742
835 605 929053120
1771 1036 735354283
1990 1418 847674644
1384 885 221454908
150 882 225685437
1921 298 69272285
352 876 221525182
388 1457 851157893
1795 1399 254150061
370 1081 600324640
801 1965 771650107
1170 1078 369783215
132 367 699164050
1584 1519 425487422
583 1059 826845664
1591 295 140088805
1041 1804 824331718
884 566 410595956
254 503 683687618
683 482 171270832
241 752 308100862
1461 314 929713080
1872 2 201546185
183 1074 200096676
850 905 406756792
119 1614 254162609
531 1952 926886921
252 924 219981853
1077 1063 205817511
490 604 374830653
1412 1425 891960362
219 1122 986158133
1954 1169 545809172
1333 1372 103444316
1013 1598 480789070
550 1672 801343460
544 904 395582878
1299 634 13848657
1257 1927 696074440
1930 260 670912633
1053 1009 647826333
1565 281 627916141
1114 677 609455663
1705 1521 202665567
114 746 51659566
999 1012 947167286
59 697 893258525
1232 1678 559248402
1447 222 529862774
1059 1003 425615514
996 201 402606747
313 1388 222004031
876 598 724920525
1766 1246 71726186
1137 1179 376938289
522 391 130059380
1676 1916 9051913
486 1730 533483383
1656 1893 871589229
758 131 677147536
1444 1600 1625283
635 1800 446176775
55 174 163197637
1784 1497 334978774
478 1899 359172736
1369 1453 109672314
1745 608 337934636
1750 484 643851792
1256 925 812219349
34 457 304878102
1963 1711 970432123
13 1079 240588094
459 980 345330878
742 661 949393621
131 755 169505946
1202 1065 588744278
1611 1197 222060806
132 16 785660069
1715 1432 102595288
1372 537 944868053
878 1663 576136177
1694 516 97535544
1818 1494 267527278
1422 377 459974274
1739 1279 293945084
1766 416 368405953
142 539 751377677
1398 1193 898967682
1594 166 2771986
1435 1607 354513402
853 1787 264613505
1384 12 98769362
1276 1995 374124414
58 1454 994772686
509 439 415057701
1114 1922 600258135
38 534 379940256
128 1860 427401412
1423 858 924350639
806 35 243417084
662 807 681085956
1647 1411 410100719
1871 923 273591366
1543 1667 777869890
1876 576 231287323
542 1599 833454587
547 658 600652816
314 1261 22525010
1872 630 629495036
1034 805 885621610
503 223 397834395
973 232 835809670
152 68 88245405
531 1178 356871917
1561 1658 347360322
1383 493 813789173
1632 1082 965049338
644 1861 749230644
762 1799 60897665
217 1294 84283146
1034 400 761623861
619 428 986482991
88 1496 363309694
1711 581 298193892
1802 1029 997393027
1388 1161 86029624
1040 975 224243031
1003 1700 193429968
1611 1564 433292465
327 585 29852847
1718 910 627848362
1684 1280 999844825
756 779 452229068
121 1426 855521389
1752 1140 120945898
478 384 744993413
542 523 144947736
147 1542 530942342
707 865 178133911
445 1111 84424
1927 983 278203417
1065 1184 202812748
1030 242 444423908
55 337 744453514
429 1094 211651053
236 1290 397762420
702 321 752584883
946 1143 170734358
497 863 955187581
1491 968 473395549
1541 210 814360836
327 1469 111709206
619 351 936093673
443 414 711466061
1116 908 421217877
897 1466 350781412
1300 1523 663466514
1139 441 88963779
1824 1008 927702058
1299 376 128192871
72 1127 581807111
181 1002 886902537
1461 107 716474895
1720 606 285694104
1247 1840 645039813
272 451 733385645
151 383 523663156
1690 570 52224487
448 824 994850152
160 901 789982592
740 1323 556556356
9 89 893211773
1607 963 155489767
838 1168 23945457
417 1176 595138290
710 1504 518926831
1738 1747 354440867
1444 1346 669728394
114 857 725250193
403 1634 82659569
1307 251 926817308
676 860 14100201
192 360 844302616
26 1897 742984773
1130 60 803309135
439 1712 436606157
235 140 79734628
1143 473 129295410
1005 361 995372022
1543 1765 887977424
943 229 850763157
594 568 777479885
622 1464 244344827
215 175 206468137
1002 1810 893799035
1153 1394 45334297
836 464 150702307
1771 1924 334919479
1705 772 635920435
1108 1686 66928222
445 165 28143396
1468 936 405569763
977 616 449076929
58 85 93706197
1313 498 485319085
1359 179 882263631
172 1282 615335077
1074 1017 714876436
439 1219 195907322
808 732 819045643
1726 348 465854045
1964 1953 177684110
189 1786 793651380
1730 588 789851933
187 948 386672854
658 1865 36339166
1040 1628 228272736
1508 134 659516460
1342 1187 856504912
1489 828 60922085
1399 1392 871193200
1632 947 671682353
369 197 330716190
136 347 155731145
351 1215 797399581
1353 104 77136831
1676 1495 353067246
536 1403 476453198
352 1409 922777612
1271 1588 771572403
1311 1585 548570586
824 659 5803335
1063 1214 545399640
724 1095 108446552
1903 185 767577564
1372 1797 255288838
206 899 60331680
292 1277 12139795
88 624 506571125
1168 1067 423315863
1376 1653 97173458
1213 64 229879500
1583 856 205364547
570 1732 594168223
1046 29 284058379
1658 789 144148826
1595 1267 451098228
682 640 855965907
450 1441 607343240
1784 1931 904556950
1882 46 476578101
1274 1021 831871823
554 1603 310725561
1873 843 698393963
185 1001 909135437
652 1685 918829193
594 517 292821660
1727 1524 760573627
252 584 142268198
1808 1391 457001351
1313 1616 581633055
633 527 596465738
523 918 660941402
1378 1841 432562165
656 1133 53806110
1260 1150 850493744
1143 548 360026050
1302 1892 34302141
865 1721 91919451
1276 244 758484290
26 933 93544173
481 1769 305628850
544 866 104241027
1038 900 126750309
1311 340 955977165
1138 143 76338738
1373 467 92836986
318 1324 196740232
390 749 95432540
1075 211 408856371
1002 1076 798108911
1251 1230 299536341
188 872 423323444
1039 820 297626983
63 61 870361343
1499 355 119875668
1550 494 442478985
1319 233 809269605
1761 1936 5606064
1178 1618 958488580
1176 1306 741702646
1025 1343 569598440
272 1867 507082561
170 962 575054540
904 775 68763435
642 1836 207425064
1399 456 910455710
1178 1914 985811901
573 927 300442889
1338 259 866799893
1601 434 803355469
1002 706 688727283
153 1241 146246333
1922 1026 755654528
588 1978 473835587
610 148 194775781
416 1574 91055832
1771 993 49901274
1412 1987 717884809
1826 978 555969742
35 1977 452004507
1299 965 105808785
63 1743 575806624
1826 1913 929982940
1366 430 369248416
250 1884 182855516
347 1180 769985253
1074 1604 355965682
1071 1999 278798432
1059 784 925395360
1658 446 409950256
1424 711 878271984
1187 1777 209031022
835 162 282022887
1125 1839 959388482
951 286 293683257
1008 1608 594514938
158 1615 59458871
802 953 91506124
488 247 782340808
148 888 5144095
980 1486 134236514
61 1687 933602580
1274 982 646028003
1993 420 967771365
1325 511 613652070
1841 562 91118906
1200 2000 518887460
1081 435 398410331
1387 1173 894319375
9 1087 983935978
557 521 109530579
1727 1637 194714649
1225 42 634662304
1029 674 6956593
697 1317 299762479
1346 220 678654062
1322 1673 706705246
496 1031 217795108
1290 171 166620043
1173 385 289825460
1144 1782 100494998
1063 1949 25107471
336 1529 59471210
1727 1567 113798138
468 870 200299242
151 299 882470796
206 958 60962541
928 353 494304279
28 1106 236747902
853 1827 762711746
1504 1488 491667788
1376 508 738031367
515 21 734815880
1159 1934 983199956
1304 1248 895318926
320 1427 672939901
859 764 726307513
953 1221 815545789
439 1358 402805384
1304 719 122930169
187 455 700159058
101 709 709050831
130 832 43159677
977 268 575162705
193 1737 442193246
1133 879 748560297
1808 1866 823021358
1771 1350 791643233
860 1879 806848172
353 500 828146065
1278 753 428613089
413 1240 215969439
1449 10 278637812
1298 957 848011523
353 499 932617924
1224 275 997682753
1639 399 514347465
191 994 331963146
1464 1733 138123360
1828 1171 93017285
1733 1548 594099676
1805 937 138059729
1290 1870 102657629
1745 906 897730171
166 880 695157994
622 1027 456879886
1786 1710 223088298
642 285 89033204
574 1377 87051285
1834 839 467414853
184 1757 989877162
1009 716 147380357
297 87 860333691
113 1101 899944497
1399 810 360277904
1815 769 899038081
411 620 772764411
574 80 673147955
810 1955 99792835
888 418 24714859
493 1910 113880023
1270 1287 71708062
236 1590 786777271
1066 1259 326663166
1492 267 998406988
725 1410 82283411
1735 1575 89693473
1827 766 720085645
320 987 30572572
1257 1516 132693879
1461 52 809210168
1706 730 298619201
1781 1194 880313130
742 512 621623472
243 1283 621705070
395 778 632859460
1655 578 613828444
130 1401 484356308
1410 364 364455341
634 1092 772961227
1645 93 696154822
347 1749 854464917
47 149 952463812
48 586 935881476
929 1164 618833800
1083 1549 310708045
844 974 17609086
1202 91 572666222
1407 1177 398878124
1338 1968 344030261
411 325 200185166
900 1562 335094372
958 540 315834373
1790 1577 126700286
842 786 700275550
177 397 955463724
1191 1148 985949549
630 460 795306688
1306 1961 984443982
704 1668 23685131
1490 1028 172767952
1464 1915 277775576
333 603 304375572
1829 984 359768146
62 1266 639733156
1225 1121 463753748
1868 1396 634595318
955 394 357657438
1150 529 425542746
47 1047 609682106
1312 1613 124173480
423 30 599944779
416 154 851141368
733 1592 319241005
1708 39 614401195
1170 611 181278461
1358 1404 300322545
413 328 10328022
1592 1080 943677356
1698 768 343424019
813 750 837447947
1861 1503 902665583
213 141 104892569
71 312 12285696
813 102 51041373
1385 1091 736764029
1045 1155 3767195
1220 1365 20878568
559 1702 88059373
944 1115 930052974
515 787 915292294
254 1941 572865780
1875 615 929074262
1984 1014 819532060
302 601 959029259
552 795 931801201
1221 307 826948763
1893 777 770997806
738 609 155873687
1388 1090 24720195
1189 727 176839226
456 99 94138928
3 82 614487854
1631 830 451310460
902 176 288378590
588 1509 670113096
539 127 919494273
528 1309 460540836
430 1520 174475068
1224 1843 754150888
245 1463 471048976
795 1895 560374351
1006 628 568022365
1659 992 908151685
355 739 739249799
6 489 275385572
531 961 39738149
201 1724 229079810
1575 296 797061697
210 98 105014717
805 1563 732205027
1214 1648 953310913
628 913 300190589
6 1123 799100192
1091 1054 308455280
1694 790 670280882
410 699 145629944
1490 734 760891113
508 1609 778795532
781 1086 665757709
1436 322 869496876
28 156 648244645
743 1389 305292879
1015 1512 424823055
307 713 497691370
996 1538 317232479
62 1812 143384628
285 1701 891117029
397 861 239886484
405 1000 577988376
1787 203 140025007
1690 96 980973477
893 1746 944269472
1176 139 844273842
160 543 940669029
1559 1126 117270205
719 110 487866184
97 771 620656914
723 1151 514941350
1434 263 756829927
430 812 672893698
239 1229 360341740
11 1982 863198348
201 287 774463190
1639 19 86735987
392 834 797337919
1992 1465 274089162
1861 1107 514040486
601 1794 588083885
836 375 18901263
675 1344 423128458
19 916 747592247
1516 1023 185091306
1347 971 832350655
457 123 436300359
1836 1560 911121746
1767 575 387401499
175 1530 66151506
201 681 286944046
418 419 942422512
606 280 59474099
660 1293 460867132
1423 1222 233682102
1021 612 915080457
1781 271 255358014
1956 1201 727013513
564 979 272002748
1673 989 342230843
1277 1439 326722372
299 513 789143258
1509 27 115385213
564 1355 920268433
1176 700 678699313
1772 1709 116164605
1599 310 511715726
1794 1630 80964862
199 1820 146561246
511 1764 744248567
810 1722 588680510
147 1817 863342371
1049 1528 329755330
904 205 602741184
352 1555 346651084
1380 1741 530295524
247 1819 382868910
1873 1430 211498888
340 70 7060135
352 1233 495811143
1591 1809 367825890
800 1254 810772427
42 256 503686291
1653 595 929274814
97 1937 117979496
44 408 742482718
990 1505 203918010
1148 334 303127423
1919 1375 837169434
232 7 81659310
1999 623 136675290
1206 1980 944940156
1078 1996 250758327
1984 343 162350539
1343 712 281249860
489 798 230773469
1198 519 718678751
269 1019 508002942
1809 811 271622082
1613 1188 12678866
1298 1537 387029701
851 92 120354357
1702 284 18570440
612 911 349186234
588 1760 104118556
681 1207 661407184
419 1024 788881350
716 1374 363692597
332 1446 275141350
1329 1589 917780776
738 1128 423852679
1031 306 655270745
333 818 979448921
234 1458 183065402
947 1553 833380643
1562 1183 26480505
1366 1088 608060813
1137 1714 794956433
634 465 541529085
1895 679 822691930
1512 161 478757886
410 553 321028675
1325 1084 575360069
1125 373 397760117
504 1334 290366419
1188 479 511807585
1304 330 385250722
761 532 276521692
697 329 59343622
821 825 505285468
334 1677 472549131
711 270 792922065
515 748 123254598
924 1669 927088570
1111 695 105417823
1992 596 32803123
540 1831 170947414
843 1475 501238859
1987 1947 914110439
1749 649 666920638
987 41 376919653
1750 747 347099529
1913 782 243693121
16 1679 824074566
627 182 399808472
687 1131 313416295
842 565 656620870
397 551 41238447
1665 561 137393989
896 1905 341318710
806 1858 86604433
1953 1291 407992029
326 950 908153750
1207 1431 976175621
678 1625 781936078
597 1716 764759677
1876 1390 225200150
1853 737 26054950
119 1275 593406171
1307 526 536379384
1601 1887 649301333
1987 846 640131484
799 109 969754000
1094 1652 814024403
197 291 627515177
1541 1981 763470902
1090 1877 610436280
468 981 783962231
1030 1813 434264310
1876 1022 309822746
1194 647 216288092
1261 1958 437994661
1745 122 744503203
1288 809 205487436
782 874 79124486
1092 645 952139616
1895 1405 22328292
1747 892 986658897
119 1649 24098415
798 1196 98388744
143 124 932933316
1647 1773 309751720
1417 1610 914330668
381 664 875599798
1718 1414 625705561
447 1570 101098759
941 643 650544222
777 1837 909195716
19 359 34370860
182 1759 272920466
1709 871 392910334
989 666 589893741
870 1099 674055362
481 780 422789604
1158 1132 622761650
1581 1149 176304605
897 1057 928809266
1342 541 398485553
810 1966 575473698
494 867 799365973
1302 1513 911561156
16 1203 507405245
1164 169 453477683
1978 728 424945429
1176 1234 28346763
1365 1236 529237411
1628 125 377513086
1425 1467 698264283
609 1296 207293884
312 238 506562827
503 501 182141570
1056 1315 208432041
1727 1318 741280089
532 1586 381176775
169 115 953961547
876 1326 111722363
548 45 430312069
1226 22 662915043
1333 1209 213233328
668 1704 352214998
821 432 770509616
1002 1783 275669101
249 945 888503899
332 1723 918003618
1605 1792 389063739
1757 593 86583026
1984 1926 914385580
1099 701 418942528
937 20 222851112
1776 1929 162216142
1947 914 94663521
1560 1822 523776809
773 912 19769745
141 472 623750502
1795 1890 114885004
161 840 223817071
782 1420 42079952
1571 855 953383136
613 246 691102146
1945 374 718110329
619 791 529692695
1071 1969 697854184
1915 1050 38025900
46 690 185507497
860 1118 465197049
447 346 562653862
627 1904 94611528
482 1408 760678158
139 1331 551373962
461 655 591217097
91 765 320209653
1919 1674 197033966
1528 424 631275688
1354 881 896554438
369 721 815815500
899 103 652979055
447 1835 725918151
1735 533 140951791
542 854 399922086
553 1268 7638210
1673 841 642800156
79 942 981755967
474 1048 841565778
766 1682 237585956
1622 1100 998661906
443 817 662637102
429 1602 762727723
1279 930 565997731
1496 1918 363104571
1861 221 408894181
1392 135 835596315
889 195 443824034
623 669 869558422
713 398 64817672
1390 1249 688857992
548 1349 422544508
990 714 559301859
623 266 780505355
307 1368 533334969
1767 685 136919698
350 1165 207182148
141 868 924144880
706 869 330173043
1082 1920 125209968
1139 1386 246890529
391 577 345398154
185 389 769211695
306 1832 218263773
1794 641 517934862
1993 216 81907386
476 294 566846133
154 715 564282883
1653 1481 546198540
989 1619 845298344
468 582 22767079
812 1791 311035311
1159 960 879258464
1048 492 154172964
714 1851 30320374
1667 1506 978170813
706 1979 393235393
1318 653 11961272
1269 726 620196855
424 303 9467181
558 1337 974025542
1580 1175 141157099
1283 814 543386411
1920 1476 83136343
901 767 414863229
858 1332 755249589
756 283 988687284
800 864 555948258
863 754 331957716
1960 261 289385482
1775 1262 121333760
501 1957 718874072
213 116 456940211
723 331 82157871
1669 145 36588865
79 920 788223112
1484 1239 896892304
846 1167 611740471
739 520 794536996
1619 227 491075074
622 1785 67785890
506 1801 698971469
759 1160 275449223
135 163 475268988
692 1823 307328743
219 1502 417496986
1299 1493 145521624
1501 988 500971375
622 477 574312420
1912 475 276066839
1151 425 509812592
756 1327 13806461
1785 421 416705004
687 1316 530332230
1689 1068 297690577
1348 1932 22435868
437 466 299412321
1110 654 350384985
812 1473 883536044
266 651 699364678
1371 776 43035350
109 917 356418434
547 378 527653870
842 1825 680202740
1590 253 203201267
857 907 694528734
546 258 584345459
1894 670 52748203
1737 1043 484520850
1611 1460 79562837
1601 639 49769349
660 111 114864344
581 1974 890000722
1574 1124 53537673
905 345 120399620
1213 939 94670839
455 1593 827286688
1833 735 454368476
3 959 180301589
580 1064 402356212
1919 1821 268582704
946 1308 615588255
1490 5 640447016
75 1421 1259997
334 386 840458234
947 415 399602469
665 672 850542005
510 1352 75257968
1331 1356 282672721
1249 1273 552014244
362 354 890408514
794 168 293607287
1093 589 127366497
1462 1976 429684319
744 316 448543836
1347 1623 78101272
531 1428 170701988
1817 1925 176313608
1553 1416 117275785
310 1991 208280092
708 402 806763448
814 1487 629418823
1008 1527 459885776
299 657 76332633
1078 1758 909411995
807 69 252792609
627 452 926134828
368 1010 778794909
1904 1470 710610503
336 1085 851991294
1836 556 364462603
947 1933 669733165
211 1485 594254559
971 146 927560453
523 1361 642086623
1215 17 236875794
16 1360 316558322
1040 1554 324951371
487 1157 500127003
1258 1573 522129674
1800 1370 413615921
1011 1096 738888329
1808 485 116578421
1429 54 553873210
1427 1479 809979333
218 1907 233200946
1645 1596 377115863
545 1886 474036654
951 792 974667961
880 667 368968027
1865 1208 327813067
1955 1518 575371156
1023 196 576147812
283 208 13326600
205 1951 542533756
1952 1754 375272312
1017 1728 827218093
597 1997 691358336
16 1292 805007808
678 1803 711881279
121 84 223882452
840 1644 387209639
1981 480 65333733
945 877 76261381
1589 1109 864884102
313 1901 803616983
1111 1289 541828400
1031 1889 927636458
868 1450 179851960
1445 18 68781909
1875 1042 792282163
1010 1660 121287782
319 1216 920427655
434 100 492194791
525 1253 543519375
1506 1811 408578743
953 1336 37767757
640 1284 106248674
1455 793 795766811
270 1864 416371596
983 940 102259219
1251 894 598673787
316 1217 630997516
187 180 1338882
1326 1437 515251850
702 118 678653322
465 1944 283005316
429 112 81774648
1612 1286 389708028
1205 105 3243288
642 1104 391607737
1067 81 138429209
1771 1166 789020149
1144 1753 142262704
1100 279 476775412
912 1699 107616423
1870 970 207112584
1422 745 18756428
391 1778 463512879
231 95 884577315
143 1507 713193288
1543 1073 523397481
1332 1935 446905419
1227 592 832931246
731 829 605888629
1335 1070 40743072
1436 848 328341239
1777 1204 187715323
315 1675 995179124
684 964 503618753
829 1796 828349285
758 449 587619965
333 1849 129006412
1647 617 309281328
977 1340 556179564
76 300 80102368
1760 1617 438456902
1178 1510 110216419
1649 341 908144656
1357 1285 219286685
1177 751 917735243
1256 237 138687345
924 278 110971515
684 1097 232285434
317 1243 128139964
1374 1265 932744369
1447 934 479549836
1463 356 898908738
1638 1654 384667132
958 1696 808331861
697 514 244341940
362 915 974758224
1555 949 565255148
818 1874 735400950
1730 1664 298527538
907 703 404007199
7 1847 202264091
1881 301 95838395
1148 1004 849581955
460 323 420387988
1179 1869 917850475
231 1883 898171588
1959 40 287998671
1293 1697 191724245
697 277 222978997
508 1089 902896407
667 194 396448396
1219 1681 752499195
1773 159 799228725
1763 826 135187649
522 972 719165575
1795 304 537536562
894 1451 99509574
882 572 437483267
1200 1845 253054248
1791 483 384468283
1561 1844 633102081
925 1539 49636953
1424 919 366058303
360 1345 19759211
1116 293 106203469
1220 49 352091695
243 1768 277906628
1356 833 51731223
1326 760 642869172
1775 1069 939293898
995 507 153070386
391 1103 342193547
1257 837 271075285
847 1186 38168239
616 1511 417011527
1512 438 524688220
1686 935 526872151
505 32 455038644
532 204 386690411
1172 67 854918842
1484 1016 215789647
1317 1552 190528399
1728 1061 993660414
1257 535 541876974
1933 1642 935932206
1466 1683 259660343
1363 1433 293017973
1527 1477 336876539
1639 1536 998659452
654 471 279658531
1384 23 159542709
1531 372 458263234
1380 1237 736842879
1882 1806 253047089
768 308 262800835
900 831 939342028
1412 126 342652297
820 1742 950497896
33 1994 174727435
367 1321 972427385
1028 1112 567294246
1819 276 735920414
1590 25 393938957
1885 997 904483217
674 1218 902632417
541 1105 905209040
921 717 133830240
98 632 740698981
1771 938 879911437
457 1245 158445889
1878 705 124467953
1442 1880 462233129
1204 264 950234709
313 1098 350898299
453 1117 966267900
1987 1863 128107855
622 214 326016632
1603 1310 630673771
822 1020 752978622
1087 8 527792282
939 1986 338325751
130 426 172251787
2 1498 216868186
535 1102 245370351
15 886 854797614
1464 1051 437198321
1445 1281 589792249
1945 1855 785807914
135 1942 504461852
1945 1762 884642387
317 138 859388797
737 1223 559302682
903 922 145522025
914 57 91063553
1121 1719 994319174
584 129 521054917
596 282 547440362
893 380 682014115
366 436 748324882
1754 108 980240119
230 1908 24421635
1549 1748 64702893
60 618 610693834
978 1587 469440930
302 1459 496319561
1879 202 4774389
1422 412 42236827
423 1780 875434
256 1314 784009161
244 783 152591211
1083 1862 131761117
1430 560 531262215
1064 454 451053850
504 785 837644827
1375 1471 305882521
1778 133 175982503
1051 1597 358325619
1677 83 151226449
1234 431 180896746
858 462 944898369
225 774 58184975
949 1842 446579293
1107 1440 236497875
1119 1339 620917457
718 1578 839667305
1259 991 133060662
733 1606 402486491
1946 387 982929418
146 51 366051963
1261 1928 384400528
1589 1576 114639910
107 626 7689709
1792 873 297559543
1332 1136 764879347
143 1814 235971943
822 1985 207386354
863 1382 809328209
1017 845 953856721
1126 1657 658713052
491 1129 660579618
302 1456 846761312
553 1141 332616225
1975 969 215372932
929 1854 64656758
1357 1650 269777496
827 288 97881853
282 688 407453772
918 689 355738894
48 722 297427172
47 607 165784879
612 1228 231095394
1077 344 90559976
388 14 818444624
161 393 633175998
104 1661 732538866
1083 1540 319045383
1390 1859 216355381
1645 1163 742478850
992 823 95626962
285 248 937695826
619 1142 452284571
147 1774 883242621
283 1558 875076108
1153 1381 118317122
800 1438 156914212
1428 1235 943420543
912 24 757073594
1116 932 35220323
1875 207 122960942
1006 599 897147757
1383 600 707006294
372 638 444220916
1441 1130 472347739
1175 854 991374486
990 783 377116826
817 1566 75590670
1920 1814 357256633
1993 1535 293628007
529 1562 921396723
391 138 728786049
1210 1310 526599438
1246 1959 580281817
1162 1864 398479955
1064 366 421802906
1655 414 464748464
1089 100 980398308
153 2000 829690411
374 919 40986204
1797 1989 30570890
1583 1356 696139508
1847 825 372659007
1035 1591 776034810
1394 1622 764776089
1434 1388 972897894
732 1458 794907688
1487 742 413101920
37 649 318202480
407 1606 125464592
280 396 446904786
292 1213 306711722
1268 985 33265590
831 1132 307915960
732 1436 567364349
1004 587 914771625
1821 758 466509221
1423 1496 256333466
1343 508 350139837
1663 1282 12007523
1535 3 802096523
554 1814 415831269
748 618 491992316
873 1881 499666578
352 1975 616436811
1939 1078 957507900
401 1653 828716021
1639 298 8315169
1383 1998 533359068
1286 1485 999705399
1008 197 92236217
1471 1619 64322228
1202 550 262708422
911 979 14782433
1087 194 968581292
391 1926 409765920
191 1557 908086698
47 1828 471761210
1993 825 654474246
443 1595 705206253
1780 1040 132098744
1948 241 452692405
365 412 41758036
650 1179 354445785
649 1251 705709880
1071 1374 422345144
1309 1745 958939639
1143 1686 629410901
666 1502 63117060
710 852 528639777
1614 721 564945058
970 1708 588783624
1369 1251 830436363
1298 1118 761831614
1244 1064 159469278
1358 1509 592212810
1336 315 884805582
1208 1726 201855442
837 985 409167496
834 475 51283880
1681 1313 452729572
1810 984 599355797
1979 745 809654608
427 1836 37961572
1168 1843 558316152
509 323 422459570
1605 1570 153575481
1727 1403 457012980
1317 1622 773500360
1627 1853 122070729
1644 431 709516573
1562 382 11755137
1492 609 645938085
272 374 10522092
1216 1316 636922408
618 1775 61004647
1783 447 428167160
1479 129 326461988
323 773 964402522
532 957 711278521
809 1712 600256825
1180 1465 387737836
1802 1516 279207432
655 1035 915622844
1067 1479 693069303
289 1016 602834098
177 6 389505114
1398 286 955536745
353 618 790599766
988 143 308741211
1958 1717 813448909
1497 721 781549038
1620 807 889822090
1093 1908 613977790
348 77 273431472
1914 658 769144620
751 1035 792358751
1483 1037 35559974
567 41 16900776
2 708 564358968
1524 1803 1467827
798 407 26910675
1828 469 815009326
1211 1469 113739740
1350 1854 3042808
1188 228 36282231
1072 179 211213
1478 1976 899041813
1406 239 256994996
1446 1398 391806651
1262 1289 559699943
949 1778 767141268
777 1470 194542851
689 727 44346553
1204 783 824327344
2000 1823 733634623
1047 1757 862423569
1816 627 578900354
380 84 426469935
1746 148 612311984
379 69 719020707
1839 106 904954776
741 1719 493834626
666 1580 650799283
575 1664 142807693
976 17 804539762
817 656 586392985
1325 950 106648266
704 1295 618362427
1864 1903 454329085
375 1111 131902136
1840 627 157243307
1868 1924 601034283
120 259 215705368
1073 1162 899685367
305 1434 570712766
665 182 978075247
1846 1643 693608725
1533 1977 416040132
1165 1222 709837985
1903 1330 322047022
1292 108 916226621
414 43 89438813
121 1589 624975014
634 471 184093474
678 1342 78041418
650 1369 605266776
1212 312 4940882
188 727 589259544
1574 47 108686317
364 672 735779102
257 1848 954035934
1015 1243 128929653
322 158 395814472
1729 1489 123906409
1015 829 594940087
341 749 173550254
882 1695 858219122
1949 979 39992268
258 1687 857843968
1953 605 911193549
1476 92 795057656
901 1805 440486185
74 919 587281677
1661 943 507617777
362 1887 643957080
1060 814 966035770
377 1108 868435943
1261 330 566710220
520 75 72280967
728 247 799607819
1504 953 113464781
969 745 827295525
825 1027 123712874
1380 381 529467772
1520 1460 334128560
1677 427 833039446
234 591 699574110
1070 811 806008002
1875 599 60585652
954 228 493325261
443 1916 979704499
1153 252 856901093
1571 904 708316595
708 1372 848077197
1859 27 555626283
426 18 155807553
1647 899 65823931
339 61 575188139
75 879 683369597
1517 436 737055496
59 1045 18795661
373 1735 176992980
815 1393 805376470
1359 458 810899644
687 720 427298846
1096 638 435132356
1363 589 488672084
1659 1 795178678
1941 492 714109464
226 1577 986061006
410 181 188352907
1136 684 287715236
749 1010 98653784
284 418 607725145
62 619 164563715
687 527 372008453
363 369 575094128
1089 1050 331917151
381 777 340938166
1551 1027 684160429
1957 1339 420436517
1761 69 678192366
312 1931 463291028
603 551 107833158
936 999 266749679
1362 808 40357289
1828 305 84872449
257 1691 115767243
354 1262 146708862
1899 768 719617862
27 1120 114652243
1731 1765 968970253
983 912 954554929
1433 1948 290659856
890 1679 601707351
455 862 37598255
815 783 176525215
604 1504 319061604
1651 893 557934539
1256 1028 389572396
772 945 740978704
1081 82 84515382
1162 1064 574185955
533 872 90692174
1510 80 138058499
1752 719 14496907
282 773 705384903
655 79 592876727
521 1275 102187688
693 1061 944988414
511 1932 655401745
830 1251 718411482
403 1092 267824485
674 728 763445053
1692 427 199245393
1435 273 27879936
945 1602 504525139
1953 1152 238454923
1604 672 757629578
85 1914 750928838
1473 655 141865408
1740 871 495010623
1955 706 618100917
366 1141 691111835
1303 889 103702189
1742 781 53302337
900 263 931681083
1868 522 693926981
1850 547 112687183
537 1781 20999826
842 1629 28455805
555 470 677917019
1494 50 361211024
321 136 931440834
1322 100 98415950
1863 395 902724809
1050 771 72992397
1086 351 177759354
1101 1295 601376374
853 1999 389195858
442 386 38352407
28 1563 862756850
577 889 780023855
282 330 166567176
1820 98 565068085
156 1375 852720505
583 572 753936553
160 1338 82686163
1612 746 665591198
433 546 48846067
1908 1353 979478151
790 1 439972338
1786 1892 134649921
1894 2000 273295700
1906 21 323311201
1630 276 342449779
153 1871 978674367
1029 264 192237608
1549 24 616784963
1886 828 869210555
1329 1356 29982446
816 1854 476135692
1161 863 3516715
1522 1047 662703619
876 402 208084566
474 1160 375290676
1001 681 850789517
1607 902 81757654
73 827 376010678
1181 339 153706214
264 75 371660240
1184 542 31814550
1902 1238 990518910
1267 1228 349418747
738 1214 73105360
1011 1992 212347638
1040 1990 200694867
271 441 565471843
1801 606 619811420
330 963 516490880
1115 1440 772621456
435 81 4182943
770 1211 377043895
308 784 929975567
1871 63 281947586
425 1277 942545991
984 1242 843735065
1235 51 878261076
463 1266 575568169
1901 239 508573828
1222 163 847002414
1726 630 284244818
178 570 58817596
1840 1418 398743700
1871 706 364861332
1631 1799 272599524
436 1470 136283172
1573 1172 485563467
1863 1640 142426206
196 791 616845876
1860 201 35877694
1797 1385 72354959
553 1737 314018453
1408 1324 570470723
1141 1992 934048411
1660 1929 743026906
434 557 261508788
1689 1662 408395111
720 815 136990593
1835 87 5401785
530 786 215591466
857 1371 942422470
302 1475 922178794
1606 1658 415843153
1616 838 945776346
639 149 452200413
816 751 109467394
790 1326 22207191
1429 1328 866517148
222 1665 884966142
1016 578 406886059
1015 433 582308373
622 1366 148918972
1627 839 733518283
1471 669 698357498
297 1401 871528938
1964 710 68254072
497 919 362513854
1872 264 336634041
304 1131 405581512
1669 1088 210589059
1502 1360 423581347
1882 700 820214245
1830 739 137579574
1426 423 505023878
725 1177 276013082
656 1543 475871536
486 385 160261197
753 901 408633244
524 1947 791109912
1338 1741 557286271
1681 1495 939545405
1635 1239 181240020
526 146 752236389
99 612 136936810
411 142 964060872
301 1659 17465009
1480 1698 901339421
1771 693 626545345
748 1985 957966788
1081 1111 300175019
462 1758 875456561
1557 912 763692035
401 735 214451099
1013 1555 859936173
1317 1024 937761253
248 70 668877799
891 1451 608569292
592 331 437824407
408 1862 861212242
767 1951 663657174
237 797 909843305
1970 1745 71463099
1445 1361 785986531
1819 1812 127817324
1344 576 331782809
674 1223 389876578
640 902 345532122
1406 1811 738996988
129 468 939141654
768 1783 93988679
1485 1695 913003211
1392 240 128998667
336 779 323990702
651 1293 83093273
1495 1305 264126493
652 129 660876498
736 1486 960312004
1418 1337 292461051
766 741 655908750
1250 896 64021439
1819 520 564073934
1253 831 979271429
419 1578 731120046
868 347 11037683
1069 775 132384727
1387 1721 506639554
1804 976 838945888
1931 484 174477763
998 1696 545282812
92 1938 134369457
516 116 771054687
242 307 603278137
779 202 141769456
222 1771 814827719
714 1512 619587765
791 1633 873758610
884 1328 858805882
570 744 192764138
1311 1218 902458435
1983 621 477576896
1214 386 343897332
1822 66 823294069
1963 1258 810508095
641 873 35557095
1384 1074 778387405
202 68 266048953
1959 687 17331887
424 780 516638690
1511 313 84699654
246 832 545037688
545 1041 315764720
1748 256 578715325
356 66 433929142
1672 153 517225578
1149 421 112364596
1463 643 587405114
810 955 284733831
1840 1928 131561658
1537 150 157769725
1914 855 788211535
683 985 543231033
847 874 482149767
342 657 20806821
808 500 715082404
827 1635 23374876
809 767 604253285
508 487 60989400
783 180 751769623
913 1524 701182617
313 1194 211370204
1428 621 143948054
420 1316 372332858
1848 283 941915750
1655 630 153116973
1732 1998 85094295
898 121 11220653
40 1665 791457597
596 1835 912941956
1002 1912 612986900
1384 1967 780999536
605 1248 432510736
744 1538 122872275
788 1057 808462597
234 1285 785074303
1611 643 33801620
1706 285 79866304
323 1309 985860952
1192 1513 225530794
1070 1317 146639185
661 34 66474149
923 1684 837422480
601 1737 816079157
467 921 931302691
1448 1917 101348622
1764 1233 351535427
230 155 297887063
1918 660 61230012
23 651 105433661
700 194 146299547
1468 1048 993869243
1108 1647 633899294
1242 1119 926838183
914 1532 629291480
300 170 271989504
1025 1015 579478051
715 1294 339296886
858 1685 15818954
396 964 930708539
1153 831 993616886
955 548 13660936
830 570 467819609
1478 1752 789165169
969 1883 82781081
1948 767 200426605
440 1354 911707135
342 432 135092767
1133 660 443824992
133 1058 90949098
875 1735 714149195
1710 1864 31486645
665 777 694308979
115 1394 594628730
1322 985 774178142
1155 1984 153883157
1467 202 435781198
1636 649 268996170
1565 429 998265967
1935 781 896422422
213 1085 421104706
1773 1463 43810362
1201 1840 486830408
944 1159 41039365
1645 76 464913139
835 1150 393088353
279 7 873935049
165 1706 695405600
478 499 32718809
483 1556 743860872
1298 920 18059619
342 1144 351647003
1271 1188 950337730
893 1907 37532075
1691 560 583416988
363 339 918320542
1178 516 382884684
722 1610 117342589
1550 1117 300381327
1937 884 463691203
860 621 523593838
908 380 89878244
1437 1172 51069290
155 1977 79784602
505 812 108972014
309 1790 986666615
1482 650 109294833
1292 1345 14567847
1311 1171 55219178
204 1035 924982789
1807 956 762800120
1120 1408 630659681
1344 1430 100228177
341 161 601325071
936 1961 795023851
1571 1264 74783666
259 224 534007401
1863 483 988968778
1093 1317 792153671
774 1404 510087547
1730 782 377657929
895 1111 73812512
1483 1815 13863968
1871 1541 290221072
1243 480 650839134
1114 167 530737710
1873 793 237378460
247 1535 466378678
272 221 235108584
1148 275 259210694
374 1580 312505204
1916 1026 55477802
537 1549 530553724
1422 1979 186324844
472 1779 247611000
1903 1003 936597019
751 575 413625474
377 551 339117915
188 1078 301699337
949 683 98418861
1489 611 315649207
1871 1553 299984639
938 303 607100062
680 773 335358198
418 1199 980119210
1745 552 700480122
1680 398 798328130
757 1890 64105859
70 876 635539520
1863 1165 66160674
1500 423 171848979
1293 815 524119506
1114 1000 321884722
829 391 814946303
5 208 999103427
391 1451 131177431
363 243 158098315
322 1537 113513296
1281 358 633446937
1050 460 804814201
60 613 910301485
1050 296 675314181
782 983 359758702
326 105 416106004
835 1684 796170572
1611 1584 416300100
156 1463 923292978
346 415 799501815
1722 464 442672368
257 270 822041574
1422 637 884043879
1820 1102 737324006
913 810 964378485
1277 45 698370553
911 1845 976787746
1527 1931 918838935
1080 310 573538316
495 92 927405117
1225 878 2818575
342 1885 904087607
759 1839 342756153
994 1740 902587049
861 1099 22000620
1692 163 61794788
152 1777 941517396
271 1909 674462438
224 229 43309323
222 411 890602802
825 990 608588554
1542 1151 774655953
554 965 606607059
1557 1226 83925416
157 12 605488348
58 1307 193661692
376 1628 485194558
47 553 830151234
138 1475 578053789
787 794 742024235
1609 733 34301530
1020 1187 529638639
331 513 366626295
157 1090 532033240
66 1887 167804361
499 74 779183634
765 920 232472292
1510 1807 203365810
1820 1374 391341635
365 545 920795651
548 1085 614553399
914 1741 499536920
1043 1897 578459921
1159 1410 416117902
1621 553 745145874
792 209 144863648
1671 611 130510226
194 472 783746673
1275 602 91530607
1572 447 138122644
221 661 994738361
821 1412 658342112
276 208 65385370
965 755 134073458
1357 744 508249226
1047 1257 675219714
1235 1778 591681716
158 27 716052842
1619 1229 953107362
1079 642 803430771
1775 1977 207439920
1431 761 904606689
480 839 347671726
1670 1097 472036289
592 1666 724857431
523 1251 639282930
584 733 980567537
1962 1263 850623474
1095 814 867205061
74 517 119503082
1091 1963 738736321
1179 794 102262267
1524 1395 910826731
1975 1916 855455945
1119 1871 883778313
231 1680 495409480
1280 1755 563504525
601 762 365782470
634 1663 211586758
368 1198 14432313
1491 866 700624452
76 1399 765545162
1707 1088 923052939
970 1574 598031265
1261 810 370191356
623 1372 738243057
1864 990 468227071
1488 106 876610119
1471 888 918455669
37 1368 70561807
1359 1961 101418844
1487 196 767774310
944 214 89553091
86 1485 13653031
64 356 114458865
1255 1408 192965423
603 1297 835461328
749 1554 92771571
1278 1686 633907615
975 1326 504707652
1486 923 394543831
1706 401 677327457
867 522 538548573
367 1587 592736061
523 328 48909801
880 1928 212599058
1500 1953 941123765
854 903 110802214
728 1603 444738666
614 1449 769475547
1319 1053 347836999
132 358 709321212
416 825 771257234
1911 268 190073670
42 134 823895107
1311 305 94416949
722 1162 733237998
516 91 354621712
445 1127 395447281
273 684 912087607
464 1181 709175263
815 931 863857067
1340 240 46939947
853 960 934162910
111 154 260728088
1760 183 105338300
825 308 659378144
1279 472 184905720
1451 1472 237709858
1474 1518 915172763
662 394 512894865
1876 758 663061962
1986 1423 414410458
149 786 33855192
285 1725 236334805
684 1806 858218123
598 1453 689046768
956 417 9710514
1290 1214 256735447
357 343 9926887
478 1651 404578663
1149 1886 76447904
1597 303 253502677
176 527 750419579
803 1871 84612633
1862 1615 118875594
1722 968 619476384
1396 1030 16102237
1093 1362 291326258
1445 1166 972072079
923 692 714960161
1416 1663 79401363
390 1153 308545714
221 1162 219045631
763 1779 275010512
588 1125 882008216
571 1750 420959726
1654 1926 141718880
1179 551 233386557
399 274 161513181
577 1982 397149454
59 423 350500267
383 1673 371488905
1544 151 731135812
899 1578 452739215
203 664 419729677
1840 1715 793991659
719 1530 733369509
263 1329 565338304
1707 887 611612521
729 1798 705315886
194 1649 309172555
1936 1402 237480262
881 1879 490700499
1500 1396 11354416
19 793 388262517
987 373 938116250
72 1102 890196245
204 437 453053539
1335 1204 600415704
1013 481 959851399
481 1527 915698476
434 1460 187893837
1495 1252 602607897
961 756 987317423
1262 671 890410698
1083 176 755056138
513 899 969611094
1621 1897 606746630
870 442 11387859
1191 1406 456133830
710 1213 467882140
1819 235 705633875
102 445 568944097
1257 1476 447374662
1083 1890 335751536
738 1197 109353652
1613 1955 991967171
140 29 509755742
1193 999 979191369
173 1892 337930265
1341 1211 309434616
954 1593 88104314
351 1364 756235538
784 1833 664239302
1599 214 585189174
1380 156 335502872
1678 1893 504659626
1144 73 817984467
1453 843 358653927
63 1949 246641482
858 427 10960486
1219 1911 875450542
120 405 174166953
1267 1255 239429687
1949 58 927103883
241 791 647777429
786 546 558444492
92 1657 972449433
1222 170 628899543
795 1507 75632670
1282 35 529147349
1676 1144 578642494
116 457 670152183
1755 616 628775090
1381 193 372067071
1589 729 494511752
1261 22 324678416
734 1847 910253579
1689 292 128694711
1393 1530 50490863
187 341 430180921
888 326 740825020
1875 1052 320613661
1163 1816 132417916
236 784 319890173
958 911 479278759
984 1530 6464136
853 1192 13784142
1279 337 55342555
283 1294 21675654
1958 677 10141441
1043 1536 143562519
428 1099 485065159
1229 1189 101035365
1898 1448 367745733
205 1517 925728670
699 1985 129331113
1831 1257 560807204
1033 209 272528581
1295 542 896484925
297 571 70789083
1855 932 453919992
105 1570 25943079
1162 1141 73111394
825 294 260868525
32 243 410812137
423 562 77411781
1890 1434 750454032
1823 1235 324771555
55 168 307844436
897 362 839346603
1839 1706 304237149
1844 805 994921268
232 1224 434332264
1004 234 231377562
847 1282 344463091
1687 1205 42898378
440 331 550845354
1885 499 884964746
464 631 202792593
600 1391 364539079
1715 1361 182889842
1265 1709 256727842
1465 1727 770929801
1405 1237 38750908
1717 1177 625824878
1032 1073 190100800
1008 583 229324610
1232 1545 507137073
258 202 70882589
451 174 860507766
611 285 12666294
269 1333 22240547
865 157 704250708
1308 982 21577096
65 853 42948339
613 1589 806236287
586 1550 812357050
845 1344 781606641
688 407 969292188
1360 121 888964009
1470 288 975511373
437 1221 354631773
1991 701 642989415
1221 934 65622522
1022 952 5003485
632 1845 111548463
131 1095 893942431
722 1171 451681851
288 1040 673427598
29 1346 14724858
1108 617 542880673
936 847 93013550
1103 644 451503448
864 1538 26691338
1039 1897 419450977
270 1416 909379076
1498 133 660181640
1041 447 408787419
524 68 501509604
1772 275 432029157
1651 1451 154016063
1793 440 76894622
1480 376 437673413
719 856 693940077
703 1516 305541616
1130 1903 994413241
1218 1465 108032434
1289 1925 946317099
1898 9 930296292
1221 1243 507292485
687 478 388711150
496 1752 643848739
1906 224 513241784
931 1062 126501007
1848 819 659951568
1180 552 845507403
1769 40 260533723
1383 222 547321498
1577 791 139611456
1948 1515 883707664
181 1451 567755795
41 966 526282138
1553 974 895577151
1904 1743 564928208
1570 1301 608831223
1667 212 732199289
1495 990 11239261
1854 1636 260585567
828 729 45775476
1621 1746 717700948
1330 196 577399363
991 1565 54403972
536 394 154814538
626 1055 749566717
1870 334 509559081
832 1845 370495867
971 596 662721934
1538 1757 464351864
252 1440 519124062
84 102 952250483
15 2 377561639
1633 67 203450240
656 1697 614990278
1471 1025 290039056
1603 1399 299387988
1069 715 90663169
162 1341 169438293
1195 747 874400744
1529 1496 787441699
1626 516 756100765
959 1747 103787415
1125 412 865561351
55 1166 175769337
223 1471 213604906
72 966 196234537
1374 1697 736080237
201 1238 804684047
392 515 859046192
1472 1903 689584191
685 313 182149773
716 803 993067248
1716 554 736913005
625 1239 808154911
1161 793 893219790
931 969 196610302
