2000 3000
1 304 795704018
304 1081 133455718
304 1330 957764525
1 1483 600263957
1081 1220 112331782
1483 1714 882395932
1330 959 60018594
959 1642 162877531
304 340 997105163
1330 843 634865044
843 1428 16875160
843 1221 683314326
1714 182 263200445
1330 1345 85858963
959 1754 953321963
959 1822 898197196
182 1376 479757277
1330 1195 450654408
1195 1859 140204032
1376 544 13754922
1428 286 209602355
1195 270 405044809
843 1293 320486225
1345 1557 64666358
843 388 169447156
1220 22 877007271
182 1117 715618208
1293 1585 120162290
1585 408 520122659
1557 530 509628108
304 429 179872269
1642 1812 112674720
1714 1462 236422593
1714 1453 754559680
408 1059 560874866
1483 860 774781107
1754 1359 189021462
1330 1274 524165046
1585 1442 168063639
1453 1326 273052317
304 41 237112609
1359 939 735947787
1754 910 336085344
304 1467 487396785
270 468 955615742
1442 1952 163933744
1220 1747 660369114
1754 1161 625637419
286 739 589664232
388 1501 742351665
959 1474 609747328
408 1253 950759408
910 116 629246452
22 1732 363550343
1195 1982 854664522
1345 1832 698966630
1330 462 705704321
1474 1095 610829734
1359 1363 877151475
1161 179 116296127
1293 250 684878346
250 1541 24527873
182 541 848040327
1161 1499 77375533
739 28 341014976
1059 1843 796945218
182 148 509621967
1453 54 805472242
286 1609 192572754
1982 449 697802531
250 736 996757134
182 1090 206727951
28 1463 812355885
843 1245 61763969
1442 587 267748208
304 883 218258090
41 1027 561865897
1090 70 311768728
1059 760 972190588
179 799 65936552
1027 305 631514115
883 1902 907848759
1859 1422 286436491
1095 1518 425474918
340 1164 134891271
1095 1596 641286060
1541 1631 485405492
1747 1433 126262830
1499 573 656385468
1541 1772 145346828
1027 207 73885170
1359 1977 660933213
179 828 289365094
305 1991 121213134
1376 1199 5532502
1902 225 421833993
959 745 621619063
1376 1429 585777935
1059 260 36721254
22 962 573064159
883 1285 26832269
1090 1670 340212255
70 649 784835088
1117 414 149443448
1253 838 227556389
1428 1094 861893553
179 434 732895398
799 927 512965044
70 1987 369099992
1501 141 439504108
1754 259 58540096
745 1224 305417077
1987 854 680395258
28 214 203443035
414 1049 495620576
1822 209 829690126
1161 1484 652635589
260 877 89477503
214 1260 163066323
1363 1135 765658627
304 839 206936641
182 292 103932995
414 1186 39309615
1747 527 432103492
1982 1748 915027774
1467 550 453792663
1027 1052 79143380
1049 1784 860905746
1161 1035 541670572
54 1247 970139754
1442 1570 246483543
1501 360 191366099
1585 381 170805435
1462 19 677070189
736 378 29216323
1247 473 880363752
1164 1965 2648113
292 1217 888566189
1274 651 941973011
541 121 48042147
259 1299 337459723
1422 1998 240416615
1541 309 392597661
910 1644 822492243
1027 774 991061008
838 732 761297953
260 788 594347421
209 554 512843858
1732 1870 710559332
270 138 711222980
1199 978 630864852
1217 1377 528361216
860 383 129158863
214 679 244845864
1952 398 122831317
1982 146 363155621
839 382 537106353
1035 1701 551320879
1585 1663 882865824
527 1707 453092903
854 1138 125075831
1812 1667 17717714
70 211 900351752
739 1154 285447641
732 1311 120947204
1245 729 847273471
378 282 91379934
28 1519 27154092
225 1159 44075087
1422 35 983010487
1433 145 713254662
1667 1290 556468087
1642 134 241983517
587 1971 928343594
22 1749 685393158
1159 1051 77213409
28 1267 480401065
22 238 962670924
340 56 75420305
1117 272 24878617
28 1601 46476857
1290 1974 585927171
1952 1790 752966912
260 1618 543723107
760 1664 372070066
1293 1724 271751464
732 240 7931831
148 1873 574565521
1442 615 949763802
1035 534 93817891
1747 114 482420204
259 555 592612574
732 1116 443514732
1991 1132 942104414
1977 532 165719592
259 1099 128215362
282 1643 108829641
41 1742 66271938
449 1144 49470058
527 685 336034721
555 1145 145436062
1843 1970 891370506
736 1917 947875540
1442 583 93878355
1474 1019 916091280
1707 1761 87370752
1642 976 818701137
1501 1157 514750461
649 354 42461857
388 1369 114819789
381 1996 426970482
1644 1079 790587692
138 1171 351671680
1221 676 515912424
116 709 879644128
676 1944 11048373
828 1804 358775290
1804 1561 402287333
729 174 542944149
685 1358 70721995
1467 418 230310389
555 1564 611716516
1132 1579 685929922
1274 1023 81168467
182 608 934493936
1199 153 286736502
354 393 711683350
429 1872 469860875
927 1777 178154089
114 1236 474445903
354 786 41683586
1982 607 929595146
1982 331 7714175
729 710 11862687
121 867 169518251
340 746 879993495
1217 61 734098584
709 338 533941132
272 1055 529950935
739 879 951785719
583 754 573875658
583 866 190528073
1019 529 748123518
121 1932 4801778
1052 65 113538578
1631 1292 443449732
22 886 422289098
529 1277 670961658
1429 1177 302911585
1982 614 41907025
739 171 766130530
1247 397 182854844
860 1043 967321204
148 1836 770646311
1293 1625 725892020
1049 928 870528689
541 1527 908924403
1917 1520 327964986
1772 1500 497720114
1467 1508 119033002
1541 1124 68659983
573 452 504645707
434 1645 808059357
1996 989 52526301
1761 1517 808268427
1952 1294 584991007
1463 594 590384685
145 265 734353588
534 817 727814801
1369 952 67206238
1467 345 403990343
550 766 45759385
449 14 440158635
354 528 183335564
1500 868 916462287
462 661 548367467
1019 758 479370671
1052 611 701260543
838 969 802588524
1267 18 751009184
360 1855 170300793
1618 82 564737014
1483 1535 976369965
1714 74 351865316
745 139 211832601
1644 1166 81187246
544 97 2406072
760 1122 64065673
554 1065 428546619
1376 692 618410306
1463 660 350268680
1707 893 740446429
679 51 396758712
398 1480 398293353
709 2 912360089
1245 956 851855266
528 1165 476484795
434 1880 31342218
1463 426 645090422
1195 1308 748250513
1285 1793 327167092
1631 62 39865551
74 524 471690365
1971 1327 76041510
1132 1856 652443616
1293 394 538348772
1527 851 544488710
1090 1850 644633261
70 303 178398058
139 595 965063847
305 925 919218623
394 1691 312873087
1221 147 529683325
1224 401 13025991
611 1521 829710932
962 1396 473472811
788 1545 38368551
927 1047 563561546
41 632 432999738
388 142 681999504
786 765 75181981
1051 1379 774020470
1327 1266 12964336
35 1634 617962657
1090 616 12089932
18 1269 51264481
1090 1230 375672457
1462 1660 374711460
1570 570 741774419
614 1556 510220681
1467 25 391210248
1670 564 934978017
1327 15 550926006
607 144 746236745
1236 1798 232865526
774 1905 476292099
860 1201 25942742
1144 520 281370639
758 1070 902191438
1798 335 17969188
1625 1538 378246214
1195 1324 244460003
532 202 417222881
1902 104 175446138
282 954 685005388
1269 1046 136938579
35 1679 802644899
1679 364 298346378
54 106 232981123
746 572 77755932
1159 217 79130240
1199 1956 48151545
1977 1613 776189397
710 1183 752827084
22 1678 762406961
2 764 255861139
18 626 264003272
732 1303 813516834
282 1558 70802096
1186 421 405143776
572 1033 101420252
401 1282 13125249
976 930 186211235
615 186 178564263
382 1202 80843227
989 915 62678878
265 508 542266156
61 1762 590153950
1850 938 540218806
282 929 663509859
303 526 314332383
1714 1988 259295524
1998 460 873033699
587 1310 713659303
1282 488 270158048
1520 803 761464436
174 415 774849775
1480 1922 616005140
1095 1550 808952186
335 796 66219583
121 911 738535593
736 885 360356267
1754 301 819033284
1872 1587 115574994
541 1756 402813500
1274 914 888569609
429 1684 160171109
1379 1995 138298139
854 1584 349149654
1267 985 443759496
1079 1846 349208174
1856 1254 139809018
616 1668 985931964
883 321 592253928
1538 32 432027697
843 1854 128504062
1596 494 964255512
661 1352 849043121
1277 1537 739791420
25 1448 19037060
541 1407 841199047
1596 1979 789653161
1501 1473 76572010
54 1539 553994444
607 903 449277187
1932 1876 129371995
1345 790 4644463
839 158 3501778
153 1525 326792265
1132 747 9614045
1501 132 919967400
1299 1085 878077416
587 813 403510575
1876 29 58983012
854 563 420690307
114 1888 359957554
28 274 189474285
530 1478 130775973
1090 968 562116706
462 677 441756045
692 1640 97654429
1527 1646 900417243
1667 243 53284189
70 1930 732520231
929 926 943065201
1499 891 359937243
651 1586 8470198
1154 1897 808404874
209 525 494162808
414 129 98158832
1177 1837 184899694
1094 1960 766092563
1850 1007 321879785
62 1444 621891816
1520 635 453320598
418 1286 397124295
956 410 134706891
1221 1390 674136653
1732 183 436554949
1352 659 132535200
207 1771 220094835
911 73 164312687
1902 1191 721322683
595 1910 907299763
1282 1730 416437700
338 1129 104188570
174 948 102262697
1761 1243 219316224
1379 1831 43755951
952 387 942108301
926 1743 910587058
1974 1137 693524198
554 1693 10173135
1660 1335 310276915
240 1864 736452493
1747 771 717308926
1855 770 495546618
104 1768 48520576
544 670 235930230
1217 837 402477544
1359 801 487223883
1171 42 652110544
1267 509 660089789
116 782 226640375
962 53 134473737
145 662 558317009
1286 1136 12898533
1266 1367 656165111
1693 1565 153303242
956 417 494492930
1500 545 253956148
1743 1441 882246118
1292 691 392973148
930 1133 316379531
202 1163 300108779
1254 355 23348072
144 1649 986941203
611 731 631664295
1033 1402 513698230
1855 1351 980958203
774 1067 412490839
1221 451 651903679
1201 945 24184739
616 1515 889608281
1856 1576 380070977
635 1849 440625936
25 1354 396980782
527 263 633277354
364 667 928867934
1138 471 149765503
74 1271 311731515
747 1239 178011495
301 986 187654312
1441 1507 257128835
292 487 543256904
1442 227 451959221
134 1457 343575099
471 1304 107973998
1473 1005 586233049
1965 252 119685148
1191 57 756052225
1663 578 625057482
1079 1909 95327161
1 233 108336581
676 1555 173502330
526 514 777671279
1832 1232 497119515
1960 943 423337541
1195 1468 899056351
838 77 363110520
1468 1713 649371457
1453 100 679634814
331 1522 71065883
1880 1845 164444230
1584 118 41250780
1377 1652 339761932
1837 1588 601503840
976 477 14457525
1521 1757 478258916
401 543 553729827
1576 52 20954041
930 997 375429970
1145 1939 517103584
938 1620 329348617
15 1125 561601951
1290 967 916760133
1859 1313 107887724
886 1806 510103273
1171 1677 74085597
354 981 997941022
1974 1886 389566306
146 820 120934673
381 178 257165309
387 199 429545333
635 1318 49961625
1043 1622 566320887
1667 568 709974402
790 999 728146779
1991 1540 725322511
854 1235 693782557
1768 1296 304898892
1468 940 522943476
397 1130 716142255
903 1141 586525750
1812 188 227912853
1467 506 130177200
1508 1432 352093758
360 1305 735422335
56 1024 520364767
114 1950 131634476
1137 932 564540259
434 805 346110854
97 1218 691888305
1165 229 130974396
1165 140 284118650
393 624 857213926
1024 1002 558263236
525 1722 846768630
141 1446 130453378
1812 951 23531096
568 475 80282734
1836 1654 420765534
943 1227 613309448
608 1962 697736439
451 1325 87964804
1448 124 653429369
1886 1954 786446892
1274 1143 22048158
1090 725 345932109
142 1389 628635998
877 1419 662606220
1613 870 769490031
1873 266 632140501
1971 876 114354754
837 1472 33588131
54 66 29274281
378 894 979602560
1558 1034 308166067
401 267 966672102
745 157 395670635
1402 1400 599876472
1939 623 705409479
651 1530 203775695
22 268 937906503
564 396 816851186
1950 379 879320486
1232 1004 220072143
725 1430 120232814
182 1251 477519957
1631 1758 87063251
141 168 788478000
1585 1314 157777013
520 115 776489557
1831 1069 767889421
1541 1465 132999332
764 1147 588139386
670 1709 376315784
1 1366 78680647
1677 43 14118373
138 1694 391097580
1274 1264 451785564
1521 1911 946445160
555 372 829499866
876 1851 826802681
903 254 449599450
1116 1867 443849012
267 852 48390863
766 1767 343355310
1090 855 336034300
956 1809 282796112
1850 1346 566783167
747 1986 686123777
1159 640 213950861
583 298 894508783
140 285 60720883
1991 435 605445792
451 804 37530418
309 859 87000773
1499 1955 20216455
1962 505 333788701
1545 1542 337717996
1294 551 670535990
378 1871 895068996
1166 1092 707672788
1930 1941 955083024
1052 1607 540695619
1652 880 970866699
1971 1406 137399396
1453 26 225552205
1677 336 452658861
1527 1808 279339088
1419 221 903711133
1855 1413 528642023
1876 1167 738218550
506 1435 788435899
1749 478 969552252
526 1096 634157666
1988 1193 795365060
1585 1712 719856244
1293 922 825596950
174 1638 669424738
1299 1835 757569903
915 269 680220600
1835 1418 589185810
378 1937 805841765
1117 482 456354287
1220 1593 91066481
282 210 980775905
1850 704 922130396
732 897 769286569
1264 322 300839098
1366 413 821507645
1157 597 674739363
1024 1972 335676067
804 1529 648943073
1742 376 554315720
62 1948 4090434
1664 1041 165498137
1948 486 839491918
1043 1477 836772
269 184 46040099
1304 552 853692106
1784 21 406862417
209 1741 827476114
140 334 689404870
1845 230 414389543
1195 1825 527212940
1758 1360 739862145
1950 1421 839607499
1163 1058 729565867
1588 78 330140145
230 412 149786982
114 807 369446641
494 654 521432687
1652 834 671499003
1851 1185 90933506
1772 49 265909567
1539 899 8618173
1772 1317 292586663
274 800 337779925
1507 1131 388338817
1501 1464 773943796
1122 604 323831623
774 533 223291007
1191 673 68407381
649 444 388129320
544 1959 789918983
1902 403 337409115
429 1868 307732153
938 357 937594040
225 1899 765809697
1693 1386 101686507
1041 325 69367253
509 258 28597432
129 724 681582705
788 109 441077951
1402 748 722669013
286 280 827218021
1691 744 27025228
1620 1057 280240391
704 888 131030814
1326 1216 102397187
1247 1696 123251198
121 407 69572113
764 1796 290138815
321 1862 116550388
1761 683 569354374
1484 58 140531496
709 277 712467698
1917 824 980042269
418 1074 871964009
144 1288 32805472
1557 1445 529418560
1937 76 666845161
121 1276 310141277
1545 1382 415184473
1905 1775 78214541
462 1774 128555546
1774 440 474626509
132 1516 740844042
1130 257 146417411
1609 1778 955206058
268 324 137329343
1730 515 661417279
387 559 190276784
943 1134 915514216
614 521 230573996
1354 1877 54747965
969 220 553408208
1849 1528 265844125
969 1118 75420430
731 8 318857620
1143 1281 332290676
1052 1744 438982338
100 1936 653465781
1065 1578 465143327
813 219 282724404
417 1801 831344213
1366 1375 212289128
250 1885 717696514
372 439 109539155
1905 1214 344035561
1157 1206 386623496
421 358 370430450
1386 1818 139461274
595 1374 28512545
134 680 937189071
1550 862 489778587
894 977 824844828
1849 39 34294797
1159 1178 233747873
147 641 485911032
1517 1391 731844223
1124 224 576669275
550 497 255263195
32 502 402603427
1540 1949 476712538
651 1857 817455937
1640 424 814434129
1236 476 2394752
1276 1976 510489529
115 1398 719359763
1784 1426 879962159
452 1942 562519741
1116 348 63220998
1254 1890 565918236
1206 431 531663626
608 1071 858266538
1067 1340 272649218
839 133 426254662
1640 889 512898735
1741 432 675611102
1129 1339 154565546
563 934 612858044
1161 1526 725452000
607 1614 870867095
1526 395 924458126
309 1447 715152258
199 842 216020707
1774 1602 105018663
1596 546 481185662
1501 1680 243758395
1645 12 970213212
1377 215 116146041
1960 1830 725967658
1465 779 353983765
1005 1481 467878937
1292 1947 143642831
1864 1844 860689698
1772 113 941449257
1965 436 923896674
1768 1788 168385627
893 1080 364846558
729 1181 329536531
410 1106 126865634
1772 1720 789158197
1986 1626 413023807
1667 1630 264529210
478 647 749143861
1324 386 177213779
434 284 623708471
1481 1571 475485181
1626 1289 778983929
550 1411 975986004
1501 900 332032078
1074 836 720723772
632 992 300183649
880 204 441215495
1274 4 338598169
952 251 595867007
1269 1933 826701832
440 1021 850142455
221 1926 899192247
360 1624 427204371
1677 496 374224387
444 1142 972623924
1758 535 798001456
544 1127 408355833
54 1187 324160634
1654 1084 217613031
43 1983 322418144
1035 974 355292374
1784 678 687508441
799 702 479554945
981 536 22429600
1936 1312 26950754
1129 1291 182140540
1131 802 66061226
1251 931 768376873
2 17 134662676
304 565 911165034
1462 561 544434294
321 1753 215174282
43 320 957637020
1949 865 571947115
1556 625 624514016
1756 901 804813431
1855 1000 491163792
1274 36 579867146
252 1108 997552252
1007 333 9941604
842 112 973209927
1065 1368 611821865
70 1149 159816777
1235 821 863666956
1515 768 78890327
1949 1089 354121185
1095 1321 547556319
468 1661 627339894
710 1826 334957851
1902 1072 907098280
1206 155 544373199
1845 576 734729517
796 1490 218648608
1463 1898 593715859
221 1109 764111587
1266 875 567323215
724 166 83786037
257 127 255078069
1822 777 141132983
166 1827 266619391
578 1931 439907808
1790 1372 141384268
625 71 430791488
534 1246 789730981
552 344 1562317
1845 1416 835625314
1281 131 770799120
49 23 492857989
22 823 994600628
1052 581 733104554
1851 629 352532147
1832 27 596864621
1880 776 335632437
421 1280 697271353
1071 1431 346970191
74 156 243206390
1909 337 130967812
1071 328 411714640
867 1688 943028389
1784 1485 18441681
1939 589 830955775
133 1066 642557212
51 1102 667556388
1714 10 25389608
325 881 192041072
397 518 832797766
1199 1342 814159331
1033 606 349263372
383 1967 438523835
1202 657 347167299
985 1036 409996299
1236 990 511393916
729 633 426514910
1345 620 343358010
1055 438 350720995
1550 159 265442716
394 841 540482281
118 1479 443326696
486 1062 291046180
1584 1378 491994427
1214 1344 227124038
1157 1879 916485010
1507 1841 23500242
1084 1665 6843659
651 1968 276001344
1520 1686 472916636
1339 1881 495074626
230 722 739530422
124 942 134980992
460 89 512574476
1292 1139 898927181
1618 63 854216411
340 1637 324278415
12 1791 187590850
58 1044 433618956
1468 237 23980733
551 1981 755370792
854 923 64118300
113 856 599802146
1477 756 519414173
1987 1146 413365338
885 1723 378817243
282 1746 156962349
144 1907 332622082
382 596 485776270
1419 1323 713032529
436 773 224309968
1857 1460 735605761
35 696 270507689
219 1973 920546830
1099 907 829398167
1253 1700 962683316
1756 1268 24405135
1441 1207 828857113
97 110 570233682
1977 1616 477056545
252 1623 322412537
851 359 647435549
1720 1763 971665467
22 409 718744451
786 1915 408902658
1694 1349 453863937
1693 1153 154181143
1983 840 144795763
765 1961 522476645
1253 208 365456375
1777 48 890045218
1346 516 742275909
1167 622 560822065
1132 318 780684774
1871 441 932527758
1473 85 669880003
1678 1343 95172434
651 363 861547333
1981 469 201355199
679 1015 629502501
1830 1924 616275424
1072 947 643980062
1709 1964 637352645
41 1769 866259670
802 1865 920420982
345 1635 272067323
1843 761 327517682
670 1906 205338908
424 1531 15485796
1526 351 415904074
182 1338 454923036
66 825 850215273
986 1884 984114871
1400 117 54309628
670 753 444803490
345 1392 579383809
1555 1612 91196522
1181 406 21260913
372 1900 45237229
106 1548 961823030
49 361 267211473
321 1440 641436461
1288 686 142869451
1849 1682 580926992
1 1551 32737108
1713 1787 713378783
468 694 643070896
265 60 115375813
777 1172 478768469
1251 1599 882646566
1646 492 471684024
773 1119 10541160
1266 400 605302009
1293 1554 982404287
823 1823 73342288
686 314 994992003
1282 1337 298517985
54 1895 133601822
444 577 969955846
1291 1350 154893529
492 1475 279738315
1880 785 62957008
820 195 225792059
124 1901 20617021
1312 1980 941979914
926 450 516894403
899 294 337809470
208 176 651172020
923 639 928730754
1822 111 650345802
372 966 357936136
800 1706 420502756
65 1803 324878571
82 1567 708606734
1643 180 75686041
616 1026 377006388
492 1943 728330175
1645 726 200378464
53 1572 474585943
1065 307 749489905
35 1658 451763346
1660 44 26894791
589 988 294409879
113 1866 713845647
1564 1920 860967350
1670 1721 549736338
43 719 184180987
280 1568 218536184
1528 1653 28290341
840 806 19808196
18 919 205352578
1446 548 360533716
615 1169 507862965
1979 1014 41735170
1873 784 9993581
1862 1552 14828736
321 1904 336880517
1555 1454 812321471
1561 228 118789510
1216 300 23805060
1712 1734 760453286
1881 1234 937858005
280 433 120821525
1823 1512 314331492
1118 1592 743789998
1239 1745 782998400
412 699 434048735
1895 194 976906776
1135 853 305097788
395 1189 339063056
1102 297 20779192
1535 873 103219864
1321 1393 785660547
1886 598 783515821
1171 833 134694907
1004 638 917142555
21 675 920953006
587 1174 142280043
974 1908 982298063
1169 1287 954096128
219 580 521356120
1981 681 239289671
1062 69 572414438
486 1817 742275373
1686 11 528980230
1898 1048 649544010
1440 1828 723851634
1881 1229 157366242
1047 844 208646486
417 1689 121871381
1515 289 571305962
322 416 576550692
194 1126 97912120
1135 315 313876761
1291 479 15356225
1092 1205 805404765
1567 422 601833539
204 470 897077230
1806 1783 901492451
1879 1657 907037148
1445 279 303577421
1337 1100 614478262
1165 1583 477840165
1141 634 240557633
1688 738 677162183
1376 128 854621391
354 1639 700595338
386 356 678911534
227 1114 562521229
194 1388 88752871
1947 1064 433680964
968 1180 580406181
1713 302 578883643
1932 1547 523317095
1771 898 685474281
1817 1853 931946401
450 993 729296647
227 1316 26215776
616 835 27018205
1593 125 288508204
1530 1533 650485226
153 599 672559164
1274 995 693576738
1432 1676 652496414
956 288 639868334
1661 1437 862483131
1457 1082 335970384
771 161 362832454
1678 906 120056567
999 703 960406101
565 1580 33373202
1069 1037 165094398
66 1184 878028097
1303 1728 104093688
774 935 931939210
824 829 997464854
954 173 112273524
1431 1357 253862248
41 150 609441992
335 644 55467136
475 13 345732795
1391 693 811887742
779 556 61244544
1625 276 202717451
1382 688 631851978
1941 481 744321964
125 185 600325164
397 755 967115923
1977 1148 775897229
1327 1894 284047571
686 493 79073968
1654 96 582950313
1554 1764 24726295
155 1729 754592925
1753 845 917937251
468 262 662592536
1745 1381 146202081
1205 1384 723200166
1027 443 995902387
1432 971 661420980
1679 830 74658180
417 1273 850429023
133 1659 705167596
844 46 354792599
1714 430 896038768
1827 483 297971957
548 749 614473006
1787 246 752450904
1684 319 959394140
468 447 146452289
1586 1405 306856205
51 149 271814957
773 1050 752760052
788 317 952728982
1147 187 278876489
661 165 206320350
1419 1563 901855240
1529 1810 838360449
1952 1038 410388063
1900 192 855330849
1312 780 410360712
1499 975 774196956
111 752 42410725
1254 984 369644937
307 190 448111044
1164 759 267349189
554 1115 694130662
1694 762 404106837
1888 371 56571767
1377 275 574036256
462 1121 26044187
237 857 896550946
1479 373 640684344
1084 609 349417955
1768 1997 438395749
1965 1739 681030787
325 1320 603813078
1886 152 843221566
1982 1750 697399311
180 1417 503016025
1245 890 846298478
1578 423 659500488
1679 1012 664025448
1186 247 889734918
680 517 424879715
238 1008 893883749
104 273 516760876
309 858 80026973
1922 1858 571297398
1323 1111 224427180
307 172 243370274
633 1869 959137982
1117 690 224942273
852 1284 621454981
1654 1797 190549020
1177 1760 415987969
784 1401 663449199
1660 1160 932400594
1392 1040 29734097
1649 902 231169538
749 1953 680283953
1995 812 150424377
1639 189 425071755
208 1039 983195321
1701 94 958702858
1982 1107 217472813
39 510 37647091
1746 1061 47494538
842 1279 223774693
959 45 382367021
1665 256 761294448
1748 809 280639555
1783 1241 735668267
1822 571 514200670
1700 591 523379519
1570 1031 610442818
1540 495 299176087
1987 352 445280230
1067 392 696803447
1649 1780 550834614
1339 1838 997286618
115 193 968471119
1122 1489 116475510
1108 347 759052044
1897 79 538514244
1145 884 691882124
240 1328 247444858
192 1385 224752171
1396 706 63007157
1359 465 948571822
1530 655 52502756
408 480 656878842
1236 67 2841693
900 1482 68606018
1366 1674 865249740
880 512 727384804
992 306 715830742
1855 912 330840386
58 601 361452229
1485 1736 766251013
1477 1619 6700918
1350 864 442997400
1624 1439 532039701
1954 1725 769412591
978 248 45453958
114 122 85241242
1108 542 815873422
1437 684 900165849
53 1776 29714424
42 1840 908949313
968 961 63915357
976 540 436030242
1700 175 137390615
1622 1738 820512726
1941 808 596487803
544 234 25194262
1950 311 847945174
1657 631 669225472
387 463 771527998
1664 1833 192358313
1285 271 875643737
157 16 554896417
189 278 567057227
376 592 686651651
1462 1595 795289333
1944 1022 102921410
1974 1455 535194155
334 1651 434602732
799 1534 61641518
1679 569 647838541
1180 1717 451747188
747 1322 155673583
1967 1875 484195083
856 458 346494235
49 281 195071611
36 1792 516700661
1508 960 491874138
1540 499 971592897
398 456 311043084
888 380 210259537
899 775 93736288
1439 167 799899384
929 84 658467441
84 1919 771326769
141 1861 925797674
820 1513 358239553
556 1990 564477051
1326 1506 632455879
124 1794 263606508
1547 905 594636957
27 1452 560496407
587 1225 883046381
1541 253 386831851
752 1068 502173105
967 59 75199019
1900 908 547395470
1619 1353 786198612
581 241 714174177
922 3 745172060
1012 385 10189119
352 917 477184046
1344 455 36035590
17 628 937256478
606 1459 361541184
76 1257 19902020
1376 741 39333605
1312 1103 952200200
739 810 2393545
1183 743 577846156
1845 973 304089760
71 160 520308256
1377 522 683379218
1506 1597 965315349
1433 135 319764317
1678 1628 201958380
49 672 794234117
1620 454 230979238
1165 1450 163876153
1845 1341 655953383
1027 636 384860049
1388 1629 976505785
1831 1128 637929770
122 1632 818760789
1330 1800 328495282
475 1785 188103784
1849 453 565740146
601 369 103602647
417 1307 120415358
900 1332 448347763
601 445 28515017
532 700 246109458
149 1740 885089909
1044 523 522621831
1980 1704 736200611
1686 1912 485508387
1201 1175 754941223
840 1275 687427237
752 983 76405760
1418 38 689068669
1706 1156 49117758
911 1001 267608062
1343 86 820263442
1680 342 341464684
361 603 693278141
1132 103 103585622
722 1669 687962946
1169 826 750785779
1149 1182 758860002
194 93 222650512
1206 1025 808025570
1341 831 368396042
905 428 687774478
748 791 213610190
518 9 733435848
1378 1523 171392107
907 287 783682915
1225 1319 20149489
1134 1923 825256392
456 1553 113925903
1881 389 370690377
1947 170 752583216
23 1105 992088648
1234 936 964724388
1407 349 89085174
1079 1807 354301959
403 404 126642483
41 1708 299610965
428 1110 929112465
812 162 660708825
1803 1591 586223912
533 818 893489706
670 1605 102355880
768 1104 152847434
184 1283 611739063
1289 196 341122236
1769 92 430327133
1905 585 600986214
1680 1690 129391605
59 226 478100993
1320 1536 846756368
948 1192 20046527
1264 1097 875629614
569 1834 494104371
1247 1978 263350981
434 107 96653695
592 1176 257036555
1277 1765 537488042
969 1436 531773081
1081 1120 333513991
1191 1779 196156031
417 653 191540172
292 1248 747850782
1640 814 159283502
1664 1009 693408857
1558 1032 158309891
786 584 330408898
260 1451 126263800
568 537 729624336
522 708 32755719
1279 261 119371205
1906 1013 353640343
699 1112 592205290
1738 717 96645189
460 1261 139667165
1013 822 144519518
1791 863 283524633
1965 982 165284031
380 712 450406181
1513 723 108702162
1480 296 813052071
278 1394 616383172
1154 474 223777471
1401 792 492786336
1304 1989 611275006
328 242 457464056
1835 498 495497763
1556 1020 66220173
1618 1258 789085843
1765 198 303383041
1131 1992 545342341
217 68 12063549
926 1874 645416031
907 1355 82812018
1217 730 7822680
428 949 747177508
1576 484 942974659
1664 1617 217669371
1734 892 496589807
623 1813 739133776
541 716 106796021
1439 1726 775717320
1450 1301 501263602
807 819 35898749
1807 255 967839311
1472 1329 486176713
134 656 248216569
382 1404 791191667
1311 1795 275864015
709 1249 507977641
292 1240 265712595
454 921 611798855
1280 1333 156262866
1506 377 527540838
709 1702 535659562
1717 1999 377920914
423 222 220087667
1074 1648 858861882
172 1250 679957481
471 987 369518024
1722 787 103714656
1989 1819 964958937
1459 236 944008564
893 586 806309194
599 1198 37016533
552 610 905005608
270 740 56262239
1535 1566 243281569
1625 970 56212129
875 965 925788351
1181 574 434720024
634 1256 124700179
1997 767 563450364
243 1488 960199331
529 1698 512040991
388 1574 609235154
67 1495 74297509
1266 201 979131834
534 291 469191771
1864 1470 521504071
1924 72 472476181
1868 538 894721522
805 1420 27494513
1258 1461 976689226
1052 1493 441951645
1537 1263 835220136
1084 1194 389288217
1830 769 302006178
44 1123 223884898
1995 562 622281094
376 1425 808743967
884 1733 120753856
971 1443 513884527
634 1424 890610116
1344 203 627657689
319 1802 848327731
906 964 883646559
584 1042 394636828
1038 419 392522645
1596 472 84242075
494 99 828066468
1389 1219 709318349
1436 1030 764491763
814 1842 178421876
45 326 949765202
1321 108 218962295
660 1544 515198397
372 1348 7166813
597 850 124704488
1729 1415 302335692
1907 1703 935237629
421 560 220295463
601 795 430247332
314 1921 91475119
993 308 922567276
990 714 232025313
4 1380 407441445
1873 668 26497350
1041 1309 385948748
508 711 671714616
903 1210 586515096
1358 374 931150764
1116 1816 765552647
623 405 686468342
1667 500 51608312
1036 539 791361833
1767 996 831990051
928 815 5092810
1730 1755 811155718
940 979 441190704
1359 1297 298024817
1254 490 98450456
587 1265 140351298
1425 1200 195530916
1401 346 274151499
788 1892 811476892
509 1751 781519666
407 1438 555325890
412 1559 201891121
1067 1929 408073393
1358 1514 78216899
41 1786 771909478
1794 1852 501567284
952 507 411046030
432 33 504508352
589 231 613780334
829 1093 181703064
831 1532 507056557
215 1087 30821147
9 1945 516645378
356 1985 542667500
1171 772 905026884
306 567 4488052
1532 1209 939552160
1401 887 3387840
1827 511 146765184
921 1203 889729475
433 312 343284193
864 627 69493903
210 920 123108996
208 957 697911205
1482 461 97356959
1232 757 870993466
748 1262 372658479
488 630 247096223
1340 485 895919663
1417 1505 35331829
1955 1056 793720214
385 370 540901742
113 1938 252026834
1316 1603 368575969
1962 846 704590772
1384 1883 592267797
1234 1891 604714640
586 64 16298670
326 1681 915300058
349 1397 128213013
1553 1170 26666649
524 136 531770122
1723 102 465779803
198 575 127469638
1873 1458 47334829
1609 91 235555804
1039 1076 713307609
1681 1814 83595456
1516 697 605317596
131 1752 266815605
1096 154 908990879
1229 1848 259145275
1052 713 250228486
1258 1581 958086324
1930 944 6314126
1061 1073 863268684
342 557 330472573
344 367 234693804
1990 1362 711485187
421 1671 351416273
993 1549 978867228
319 1018 908627848
905 1140 744047692
415 1711 326198060
1552 1255 624431761
1558 1006 533412596
1932 1491 839595017
1534 593 999576544
1746 120 109212903
403 605 844868792
1505 466 146073464
1670 191 356980688
1479 588 286158353
1328 1003 655798247
627 1231 55954853
334 1063 93653188
2 1471 582121280
1959 1361 196165411
661 1524 361790342
185 1604 29601481
304 600 696990889
451 1935 281053704
1909 1272 711412235
842 1306 631846419
969 783 45526102
1125 457 387392233
632 1925 589243621
900 1958 761796812
499 362 885731659
1072 1487 351170054
1534 1410 8024805
1639 674 9016005
968 384 439188483
1980 329 46494349
371 1683 269959677
1012 1984 31951218
229 90 502639604
1357 1903 201494043
1258 980 113122868
1870 1298 419774359
1596 872 293694677
1433 1695 874282416
1853 1017 492017226
372 316 547436254
1835 80 273567126
478 1560 862653196
110 1162 202985926
1257 1860 973562325
168 1710 926774217
915 1916 766185073
1172 504 111897888
1411 1606 879249736
1202 123 415397850
284 904 418664814
954 1086 828848446
1413 1016 241646336
815 1666 561623322
1327 698 14974333
524 1737 738546855
1042 579 18595244
1865 531 884909578
1531 313 27796116
1001 1091 497617677
452 343 576157
272 1168 899023373
1362 1594 486766178
1006 244 20616701
1327 293 981179861
480 264 830498565
1394 442 747007957
234 339 429525627
361 1238 116610308
1884 618 300558554
328 953 55041606
1301 1469 785539245
1667 212 413687033
949 778 543376053
1579 1486 115048381
1187 1403 635922608
1856 1226 174349473
1343 1011 304691744
470 1815 854306972
415 1213 331308112
699 425 241071201
967 1878 277587382
191 1511 252655767
1022 1847 14007261
474 2000 58540358
814 1383 869758566
775 1715 391026691
1869 1562 340701825
1654 1503 123602372
80 1882 551434836
1843 223 96671882
322 489 826226488
635 553 297828779
78 1685 526951650
1384 47 152209403
1224 143 521749350
1783 1731 99327187
522 1228 37501963
1603 1259 361462747
565 491 916146566
661 1502 442777184
400 1963 330272982
39 1179 632242472
1361 1611 47469820
1502 998 692678664
1942 1820 164061483
490 658 28994917
1198 1546 145972991
1769 501 47761675
1248 353 726037987
1206 1150 406935655
1885 98 352726394
67 955 879076578
932 715 212419761
952 1270 347432925
115 1387 614617743
1868 590 918170197
227 1781 641839425
865 1409 163656498
307 1811 861439088
556 669 607939729
1117 350 242763601
1580 88 639713352
978 420 611604643
1470 1718 644153405
357 513 899434564
201 728 456211601
956 1370 907643182
936 1994 45960349
1432 665 628771188
1744 1371 763376384
1239 7 94728100
129 1449 934710085
969 1408 339373823
1539 218 974548739
1792 558 838674075
132 1805 300243130
1878 1699 823203406
893 671 991697936
1417 1190 170620550
1310 933 955842971
191 1759 644176494
425 200 528755762
1877 24 29259938
783 566 96980331
265 1053 692349617
465 1252 258052371
553 1504 652645240
1182 467 704138038
1815 916 374361101
520 1295 438858843
1489 1697 892431693
551 1237 742030984
1900 1957 70996160
679 1896 573144148
455 448 870005215
1118 1098 947494988
1517 55 133529492
766 37 484149170
285 1969 220598676
984 519 292589297
514 411 843326853
1751 232 684368777
884 1966 141999485
790 1600 701866610
108 1577 161512539
1774 1946 314405379
342 1889 754166816
823 1675 783194443
1980 913 436687440
998 1610 390105925
165 1010 789544320
1079 1233 147414467
1826 197 172647029
522 327 671707080
342 390 974796472
1087 366 416762904
1915 1373 714376885
1723 1278 190661878
1724 682 472137645
497 650 334576642
692 1621 45308639
1307 341 33044452
481 1466 15717724
1802 1212 946179362
1798 1211 680681567
625 612 840713008
417 798 424755711
680 446 820472469
1790 547 726755696
1585 1510 405827833
1349 1672 311589496
264 958 810314343
458 1197 47137460
24 1839 19512000
33 399 490053131
1612 1496 717244455
1512 742 73158800
682 130 386617340
430 1615 50913572
1359 101 470120600
1564 1633 294523602
766 1789 130383798
263 869 426349256
566 290 218123730
1191 299 631599152
448 427 778384125
626 847 451493431
1288 1543 171463264
1785 950 24620913
715 1821 98988376
1833 909 63978173
738 235 670138744
1946 295 296981660
1616 1356 195918093
1473 861 965771833
1224 1598 759060028
1213 1223 739735542
1372 1928 506878020
1040 1029 104824462
912 105 972129601
371 1656 261978997
1730 1673 97755309
469 5 763589525
1867 941 445423013
1486 832 77830253
520 1331 899251365
1858 1365 645202905
1635 30 951864011
842 1427 712783278
1531 119 390737201
1410 1077 318070768
518 1196 16726914
1338 646 507728534
738 1573 340987925
766 6 648693056
1442 1927 558112606
5 1152 772253909
1287 310 469327097
1025 239 468455379
1985 283 649296911
1599 642 379850775
1219 1347 691805644
864 871 694618073
1426 181 926163113
1415 1364 980130072
756 1155 254518948
49 1151 632120328
1080 1204 719229757
38 918 113531234
340 797 684426571
1714 1302 214676348
1110 503 508039217
1064 637 356726698
1734 664 610752013
1841 213 431524979
1911 1582 27248071
753 1766 267457839
369 1650 281688876
1836 1476 247313097
1983 459 222785315
589 613 761312336
1624 816 84385830
1314 549 206284607
1879 1627 613750213
105 763 691671538
841 323 945258351
554 1494 802834825
406 81 765481224
59 216 717706257
844 151 269238567
1540 1863 918582230
916 1975 917416802
307 437 167537401
302 164 656428604
1666 793 379686179
944 727 758990726
1525 1636 5753986
469 701 696144457
1272 946 24410179
1701 648 543397274
1216 1662 293104949
293 1655 503017696
1997 1782 340801420
1324 643 741445342
351 368 569340677
405 687 618998317
1814 1113 905339964
1936 1054 316098553
1055 1719 140341664
1720 619 502238420
390 621 240421696
220 1423 887641597
821 1412 966349124
1834 1300 187394364
10 245 626159112
660 645 205487849
1376 705 10450134
97 83 496530755
265 1716 770274221
944 1399 15611776
440 137 80372898
1446 1705 256860180
1539 1687 448809982
110 617 284334724
1846 924 123878889
1778 720 741941612
1393 1735 251689729
1119 20 698383532
1113 1075 940414907
127 718 219506662
299 882 537561599
1311 1173 463035501
1329 1222 371787479
1613 1188 493102426
1689 1569 19772613
1386 177 39035235
664 991 237941384
635 464 187854560
287 1078 268640875
174 1993 545153623
1397 87 117668868
149 1951 572743546
1547 1608 632227921
597 689 489009317
1850 1045 106384824
580 75 244269120
475 1918 955006714
1579 1215 20980855
227 365 598821225
946 582 5213518
1418 1887 855338262
1189 1913 243157462
790 707 30138513
1159 1934 266830201
288 781 94249399
175 750 649308541
256 249 427439410
1369 330 117559791
1138 95 540316283
1920 1456 304891061
1389 1336 373954426
990 1940 764585
1155 937 740243010
1280 652 708414849
1919 31 599282455
42 895 913721862
797 1799 885663685
1342 1589 179855940
1521 972 511008196
1728 737 314982276
392 1893 908412622
1299 1509 96051227
196 1244 541081652
223 163 49863510
1929 391 921188721
488 874 914310893
1714 1498 507464943
1521 1088 712797464
1507 878 285496430
653 50 730172031
90 1060 510539349
726 332 854813955
561 34 917462951
1742 789 824802666
1228 994 627139445
78 1647 360213535
354 1575 474983896
1611 206 739863291
943 1208 791493817
1036 1829 181146316
396 602 555379979
1180 849 351873056
698 1395 131196375
420 963 494432361
42 695 634478255
724 169 161967717
1010 1028 363218885
1880 721 53245776
401 402 175743313
388 896 24140339
31 733 466955818
130 375 675116098
1166 1434 788071506
87 1692 139484049
58 1083 199689826
826 811 529897347
803 827 329922851
342 794 943072419
1292 848 166810523
1803 1914 132923736
825 1414 36276679
1876 1492 272528670
483 734 49069128
1104 1242 67507380
1340 1497 208640706
849 1641 549221940
502 1824 383789628
649 126 634941943
524 663 707873936
1995 1158 281106774
1497 666 19165051
697 1770 68181938
1565 1315 864389269
115 1773 260596101
1735 40 563574748
466 1590 497035375
1016 205 499229179
1318 751 460613169
97 1101 526296873
371 1334 695631574
1092 1727 805155146
623 735 199260262
1575 299 432217072
1798 676 862755466
823 1443 390818959
1669 38 92878485
941 566 297303828
1928 1752 132615644
1260 858 898059707
1878 524 727410401
776 348 380594904
1458 210 434266934
1365 891 128619090
1203 223 596858266
1414 964 309361507
1859 590 925145165
5 126 622371470
555 1195 364351927
1102 232 71722464
780 29 635861817
1794 1570 71121258
1969 532 806181969
1033 1067 123259901
500 1988 265885172
407 1098 169707047
14 337 689259559
1107 830 572546414
1795 1788 256795615
612 1098 104352715
1245 1133 662716698
1437 1387 562123625
169 850 387165502
954 1692 530486943
1199 359 671458737
876 1213 548424746
1126 1686 972726456
754 159 303169966
583 881 680004244
313 499 482377839
385 654 851136218
1253 388 286792267
1070 1507 328080403
1920 1187 363494651
899 515 266049940
483 1538 327052682
1758 263 190850462
468 691 104508949
668 1056 93602233
1615 1026 7896516
1864 668 824396108
536 1408 738163464
1787 1752 116136065
719 1729 487627285
960 1222 710111063
965 1465 408104866
792 414 80826120
47 1795 465338335
1854 410 541865884
1640 50 259935159
235 877 362246093
908 396 143969351
1437 1684 297608478
1299 1684 232157342
404 544 115584054
379 1575 586002357
1262 723 473178497
1705 1209 778385072
1700 1657 918769161
610 1 918233430
676 1561 395786897
917 915 342978766
1264 77 757205747
43 749 109610140
1943 1646 732520891
114 1876 325494746
1555 1540 465524739
950 240 90463930
1859 620 602760081
1618 1285 239733819
986 1643 101745966
646 1124 394350122
472 354 66240840
1721 801 363437916
1720 83 368195787
1361 1094 666872361
1562 1828 624966203
1872 457 696668459
1138 417 965032213
1762 1002 664434232
1089 679 952919912
1173 32 442726812
1106 958 220950958
921 1797 332361115
1320 903 377502959
264 15 241452582
1542 1223 720483609
1432 304 635530972
1455 1027 408577433
239 288 154506563
16 381 766943293
1461 697 698440518
843 1597 494364237
960 1524 287769586
1957 1156 514085350
1037 307 205067884
691 1213 497202074
1595 1743 346250550
1697 901 145899589
1453 467 223563682
995 141 986455346
848 297 908167574
1279 686 365182574
937 1540 110115713
11 781 841054058
1746 1981 369448093
1747 734 699881431
359 802 755781478
1710 1502 194215102
877 972 639459929
834 1628 528905694
1378 848 289977585
821 1288 15672649
363 1081 589906654
247 816 482899265
970 1092 453470599
140 503 593049168
1199 1644 877700035
1742 710 449185701
401 1847 691687890
1043 839 60735414
1132 1185 340537761
522 1072 66935570
13 1112 327497023
588 30 8566662
1325 200 946556825
513 1379 564023668
1163 552 222962045
1249 1345 547319663
589 885 431757518
1693 1399 494239257
1720 1213 752108035
764 987 11849793
190 607 344543717
746 1465 963276600
1720 66 852072840
127 155 416049011
916 1443 104239753
141 1562 492857190
353 1283 827423114
428 725 282534558
1737 1105 255681259
633 127 46410528
1663 1204 233545674
1101 990 192297217
697 459 244349244
10 225 872034886
1167 393 627482060
1835 1106 856170750
1573 1435 59864884
1596 1117 770548636
1814 684 693395545
1368 1232 643908505
322 1068 368985484
1411 1988 32420426
570 621 562735871
855 1370 44982782
1689 1582 580388741
835 1690 422863707
181 619 296748942
577 120 586827514
1671 261 809252962
807 696 476137280
1319 1118 480742299
1072 1125 832844414
1804 1256 594411752
1132 1116 459052364
1203 1983 800924671
806 478 837492001
1310 1220 694813410
965 1094 55094583
1343 491 176074839
885 1831 533425053
1461 88 490874529
774 1131 570334365
1911 838 165637763
454 1688 723462736
991 952 22556278
1307 851 891059838
25 260 195952681
1812 1594 152516794
1132 1933 223055929
1201 1853 636828350
727 736 800588849
160 77 36143875
1632 978 903696580
1786 1416 213150116
250 1208 792993864
1501 531 931475828
742 198 819170166
923 185 385370461
604 924 781225056
243 1972 540888571
1081 223 484601266
287 826 426207608
443 1188 140320812
1503 1883 119451050
651 1075 187439711
932 760 489357930
1899 313 801198247
1711 1717 77760054
816 1326 784313192
827 1554 620839690
1314 809 874739596
1688 486 369046907
1570 1105 364208955
1834 1598 784673812
956 806 125282012
737 1782 923891444
925 1231 614951501
1531 1814 116139432
1766 390 869099614
1544 1582 541560133
1235 657 433656466
492 789 369465033
549 18 952190232
298 622 599082931
1767 193 682112263
1727 1084 675184352
1311 553 923054809
957 1625 774732712
115 1873 923949354
570 1921 114772281
719 1740 662461361
1624 1988 113522227
1700 1379 390006910
1942 173 162691203
659 65 978038133
1447 1757 172988804
1482 1552 21922826
1426 587 59865171
1087 1810 33563966
698 224 182955634
1355 1507 351961049
1087 1006 792933023
793 654 922694889
773 1074 728064502
1471 1933 821128314
819 634 889732933
669 357 487944854
479 1368 886834351
660 657 342971007
1593 1784 345074052
1304 1342 693414443
1621 446 713917022
1322 215 126906368
333 1284 215780223
687 498 160716496
1575 147 63354730
1269 219 810432023
1682 1921 115824575
1272 1568 341591667
775 1674 754936411
688 477 377180259
542 689 53350576
734 1226 442574147
1935 1881 229793121
1558 897 826432647
1643 1279 20005408
1167 1620 429682999
714 795 368403916
1625 1167 479881642
230 1480 512323782
511 218 342450566
424 208 125521299
1438 1202 40999415
657 1467 805587895
52 1064 688173102
1676 137 179990736
1341 587 733350941
371 846 864573937
1962 2 145236336
767 895 74464576
339 269 897071310
1893 411 6676434
1583 1228 84114257
1917 1963 581511109
1521 944 74123330
132 1661 349533855
358 1953 365122840
389 781 643182566
1308 1760 878744499
1380 1653 601196032
805 1934 806166740
1020 568 126388556
765 1004 734878432
1209 1674 717046656
1481 1430 402732757
440 1570 446302533
673 1498 726082956
798 482 111522320
831 445 742351664
1399 1430 302081090
409 193 459644158
1440 348 999856515
731 1743 56044862
1511 611 99043163
1289 1851 978264961
1714 1256 114193937
1572 265 22771484
1406 1133 368489928
650 1003 46484452
9 1803 466886102
867 941 62623018
1138 1386 874934887
1194 242 893786873
1455 302 603550290
745 192 677723534
1903 1620 277573435
1225 1450 5547288
578 1997 165694953
648 893 725376945
598 507 216613609
123 782 698314651
740 266 681050979
663 402 354750
1210 1441 774337595
1067 1742 331915873
1338 426 547847019
49 880 602700840
1940 655 835729823
613 237 242371405
1584 1093 329142801
660 1597 646931234
1918 941 201548455
1449 1444 638099911
1201 1241 864311370
1396 1955 871324711
1689 43 75898249
1676 591 511901752
49 1221 805579117
1623 1600 442140530
681 1117 10656926
40 509 927116175
677 463 970797238
1177 1622 836649349
1622 1657 455451109
249 1619 875828417
1048 753 7057605
504 1531 741975716
1755 1385 566445695
1889 1719 692561474
1206 1030 690507038
103 1672 180335705
489 1293 145322034
771 1175 301550991
786 1552 421481896
1869 1692 534136048
1859 648 100339432
1145 1169 724406439
1842 963 914307632
1268 1592 470967546
1457 1168 954446896
1088 955 307502475
927 265 81107941
877 835 95583436
1871 752 515641530
1673 490 618675139
728 1645 111294684
697 1733 969091584
462 1800 102254557
264 285 63812058
958 1778 482551180
335 830 798074096
1791 1849 602541330
982 1266 25722591
200 1580 134094928
459 238 137781824
109 1436 56780664
1489 461 459894244
1326 1444 719867626
1883 972 470813267
1714 1258 286358865
41 598 422856577
400 1191 318873597
226 1218 742548690
1727 1699 12420481
1907 1370 352300368
1790 1141 667306640
1239 93 943601707
790 554 284904724
583 1207 247156592
943 772 405931407
1877 991 214780173
561 293 580198582
372 770 222406149
1533 540 111966027
1210 1215 966613487
331 688 766790203
1577 915 225841332
1349 330 377654520
698 550 46225032
772 856 297972759
475 1013 834623529
1530 1552 526807084
443 113 163607895
688 1922 8852709
468 1833 361603987
1569 1234 83193957
393 1540 857630491
566 723 140998370
1537 578 41244196
947 1832 170858625
1762 275 574584409
1299 344 644105585
1441 600 557783188
1040 1216 77005382
1161 473 350971099
1254 510 327099543
938 487 735487645
361 1419 189552090
1269 1795 986281261
532 1817 434523774
358 335 456280190
1203 1037 538856265
1169 1044 115176992
1283 367 711938804
1360 1988 919319675
793 1024 829925380
107 257 64666698
81 283 256379114
1257 221 210410073
633 1376 373833310
1543 356 725879170
141 93 561737208
900 420 292063086
1935 1196 349509211
1142 1962 130196087
1958 739 435581026
1787 720 42896287
1508 308 219951080
726 641 52306943
1842 1097 586570257
32 1207 754006012
1259 1534 164697121
424 1454 731741570
303 1482 185430619
347 1703 93866114
137 509 365984543
1732 272 647736237
1507 635 89692734
1670 1714 123216241
982 1240 943353504
1784 1403 912011572
1702 1396 583165465
1233 206 373576911
1165 889 877895047
948 952 59554381
87 1972 971340080
205 484 792683492
702 113 688549210
1052 1889 886449715
456 1930 485967658
1090 419 359618237
910 929 745617345
859 1096 104566950
575 268 417735572
1355 940 599738284
1108 561 188972043
204 1983 274213224
1285 1202 76637
1447 1061 114137285
189 1050 778350250
1746 143 700796863
409 233 488396890
553 584 368837984
919 477 643737268
1231 1347 198671864
732 1987 581189825
583 1492 351296923
358 252 524793187
1246 300 377917664
901 755 331110576
604 1817 421606871
500 1406 910632340
507 189 797251403
44 1907 102608806
1271 158 685520441
955 1678 816259913
247 879 935137679
1409 1920 430012934
1516 461 87662632
1131 1915 458837288
280 1964 27227399
980 1275 102468249
1664 1875 436498899
569 1879 276521980
261 1157 689084307
1980 472 115826699
1631 978 214328746
172 89 584030258
236 270 175798037
931 1681 442111595
1272 1489 844394979
64 1485 832733531
1229 1295 541327604
1094 1074 518614189
333 328 4944885
149 1281 508853678
830 1107 550255514
775 1628 111163946
230 103 465636893
94 56 667594629
632 427 521494007
589 20 78013980
413 1998 643841246
1316 474 335700189
758 1737 808812286
1105 1891 885088548
1026 453 535245435
787 1695 25145049
1323 583 854658853
1248 5 348805319
182 387 396968573
554 889 114727741
475 1 797666280
1278 1548 983464171
1586 1497 772496689
718 1625 15837173
1583 389 62435141
671 1117 101013852
559 806 711807273
502 631 238637710
595 967 914507582
350 1392 875057995
1485 498 185831097
1341 1645 831936442
1225 193 324874588
1769 1987 387795659
1518 1910 285579129
101 346 101148878
1542 1373 766074921
848 1141 230709844
10 1952 731130824
1488 657 437889349
66 587 171392691
1243 1069 88256066
1195 1922 607738436
1095 1929 311840829
522 1296 268195854
307 898 580888661
1985 1138 264243541
342 1357 342781431
607 1027 958357712
343 1010 975137073
557 1881 28150946
156 955 239103833
375 624 8933013
1174 574 826387934
1608 613 198801048
93 1495 996360557
57 246 559425914
953 778 667963719
1691 889 4421096
962 1016 225539297
1555 1355 201468324
424 656 190947773
1398 1178 16750855
1301 504 298519943
742 661 875843769
578 204 880371315
219 1587 465202094
903 1526 245647317
1734 497 341593956
808 1359 26557185
418 1536 220814426
221 949 552772196
1132 1918 51913939
656 1374 340800739
1910 1220 910039499
1324 828 301161843
1350 1072 13178426
885 1170 618821881
1444 261 287666311
51 742 681158243
1284 1488 460035663
755 1671 187768070
753 540 772615767
1359 1538 488901946
891 1529 841050830
205 304 549618996
1170 1672 177941446
1991 882 619680803
659 1082 883654132
1433 1103 480002957
1859 1546 520757671
1520 1054 101139690
427 1513 558721030
672 32 650341761
1107 905 141799566
983 848 681254018
898 1260 650079434
33 989 706849125
997 525 314484307
828 1655 135804033
542 1471 698714891
238 1129 101612016
1055 390 81579925
339 150 655841953
1895 1891 403534359
731 759 36017597
1260 740 515981619
68 660 544365119
1178 1963 660360002
1748 1138 796459214
380 958 94554578
1178 1692 878277085
40 1632 499866978
758 1349 676700166
240 1166 790396252
1765 157 299521698
935 924 662702675
130 562 998139052
1793 657 541009021
1098 649 918661079
1550 945 369926259
223 877 831863789
152 1961 615613478
272 680 790667370
299 1553 697195556
39 304 440370264
629 765 439315213
1155 788 355183212
415 1236 472151375
1031 1271 504077153
1898 982 87952681
1187 636 891643540
1150 1192 890581726
754 243 837571297
1423 786 238815544
1572 1923 316808124
1874 827 950423103
1565 1529 857903250
1903 930 22371386
717 1776 356140130
1030 1937 457582310
1761 274 690260886
1255 766 805125365
523 1054 993676326
637 1442 291784138
1230 1915 320562159
364 542 872832882
1725 60 327768400
539 1994 654010084
1653 1236 90458630
963 1872 897951356
248 380 999955529
889 1673 426872501
188 1171 386938407
585 455 274862886
947 1942 998076191
180 787 991711167
1916 736 526757889
1595 1672 861492292
650 1988 621561092
1052 1728 92772873
803 424 130210856
1132 125 556212207
1484 469 264333774
295 939 486580382
1124 173 247406484
1188 900 134511875
1151 124 474105718
541 1940 638089484
1636 675 859245346
542 687 247027874
1145 481 977287066
27 1472 316445415
365 82 802830608
39 1588 908419505
631 1245 865488637
1234 1942 123445061
141 1128 514355843
1060 220 179991639
920 879 9139972
1736 226 331172418
1126 1094 671330051
1498 1910 637474180
944 556 191394618
612 52 536914044
830 1185 439893499
1414 1795 949862
760 664 500979915
1412 911 153099414
1359 897 96438332
1317 57 286603251
1658 80 3046922
1289 1981 41513655
1429 563 74450809
1051 514 121338980
1080 131 521120749
1975 776 687371273
437 1896 7749066
318 1357 841573558
548 594 549993357
888 1392 485702717
866 1381 166491435
1065 410 81626666
631 245 574913449
888 378 632176388
375 611 710563068
620 1008 967137732
1069 1767 405604899
424 1052 61331349
931 1215 431775617
1736 1976 798245838
1156 391 852925311
205 1268 874147372
1798 1913 511878498
774 1953 664492371
1715 1719 599566953
1616 1281 108550023
903 215 654055722
1999 1485 74748838
1743 303 150947117
637 310 703630441
128 1681 115300041
131 304 666777051
613 25 95796031
423 1436 216636185
190 485 490050836
1253 310 259036235
1846 1380 560754355
1696 223 767307489
227 1427 426537794
523 988 359409170
1188 420 188037059
275 766 438870418
102 1407 685011055
880 179 48986770
1591 1326 684786767
733 877 21407997
288 1300 210996507
900 1234 27738864
1453 574 599805270
1245 1221 245518969
958 1533 320372393
457 1267 592661396
579 1699 442073216
26 865 799298146
484 44 456856291
1493 179 515129771
431 239 257302934
443 512 624168854
518 822 471640947
1317 1989 556088998
1688 1386 725624325
1375 1607 354201336
1167 1474 917727593
166 1726 880384443
1515 222 979918433
52 974 147742959
397 400 718760633
396 1080 518601569
70 1242 650546143
1922 705 222016742
464 1966 885502396
1613 113 55956182
1021 866 252848088
639 1599 369179851
256 178 246284461
708 1211 188300187
1274 123 474047306
1514 1196 26982034
614 613 733041963
1361 1851 948022004
1047 1217 359816792
163 1056 184907698
896 772 353775036
853 972 649546090
1652 1763 285938119
415 823 991582373
592 1023 572355910
1497 124 946817611
438 1347 566322305
1527 290 639917162
1628 604 261074070
7 284 873492263
516 1833 76514580
40 1651 331983876
93 724 321994715
1469 1474 584587091
1690 399 104216882
1234 514 733030906
1330 818 766219305
1966 1800 375934824
632 1013 541664049
923 444 178401238
380 345 544966904
1411 860 783106754
1570 1900 387926922
619 1841 369623977
1697 93 50615717
1604 48 22516995
1231 780 330913372
1472 1396 117916548
331 1527 74368750
1378 1642 626995088
284 640 524001512
745 125 872188158
1944 755 926952569
1455 195 981482257
520 503 114985236
1053 472 409683123
363 1443 408227916
17 490 348359924
1959 1956 559291627
451 997 343084993
951 347 611923539
997 1008 234271464
18 124 981231641
1386 88 642940747
457 1557 810067935
56 812 952723043
1364 1773 138768753
577 1945 502102520
1373 1677 121725731
1614 262 380399135
1708 1251 501550697
1885 563 131990387
949 1605 934308535
1309 206 761413015
1744 1650 15532187
1624 1686 311953899
1640 928 77034263
1456 1908 443181709
598 994 422525252
1390 1751 132020626
1726 40 516305956
1895 1375 774776965
1258 1772 4217542
1824 989 373841951
519 410 66148512
900 649 527392328
1181 528 290954280
435 691 791172686
451 375 30433715
1709 1471 477056868
1475 176 490512530
1776 539 437269853
1097 1699 892679787
703 1379 919366569
578 1348 143762132
708 1464 514276495
1459 311 52770101
791 1292 789339308
1864 22 384762079
1711 993 205671083
382 1809 643304295
1481 819 7697734
1699 790 576275784
1127 819 357333884
349 1153 213785784
1787 1910 285185300
56 1637 74197194
1076 13 141711697
517 1323 83262148
1321 1174 120826358
207 492 137265090
324 1204 538345084
400 58 3973771
1825 1659 732990353
1172 1956 786048435
486 1918 124912341
1307 1514 166331889
85 1020 447243984
1893 109 396859585
1409 569 947348789
314 987 283856701
1582 1418 16581469
1768 265 392782648
493 1828 257310974
177 818 692944028
790 1109 136090410
1877 704 341785349
1270 946 804470160
348 649 531969438
923 1107 825388525
374 60 217339706
1246 316 668306387
1862 572 115516085
33 1310 807357597
1484 1117 590765453
1529 1454 202477490
371 845 60193979
766 1428 279910137
1883 388 133565911
17 1383 878001051
1944 1999 343361643
269 1527 946962687
1451 1322 642142102
530 1675 879764482
1823 348 966283237
926 444 769303159
407 1464 781548909
1981 1586 339364574
1238 913 401164333
1507 254 532443239
1007 622 942022818
792 457 615652649
1375 655 87072938
1235 1803 724397726
1624 574 520108701
698 462 359289442
1872 1466 528657577
392 1028 18030380
1593 272 426771565
1280 902 740627980
690 908 213554393
1731 1711 160450534
78 1919 85206084
1469 297 345852718
1508 752 101188814
1173 87 255016421
935 760 886089464
68 1106 941708755
1895 233 633824385
1189 1176 39930630
1624 1424 984655234
1454 194 318847626
881 763 615218636
1358 741 444540777
1017 396 325472897
1241 812 772780517
253 1279 53256177
288 452 225207028
1572 472 976269750
1044 1256 9922044
951 1281 18262290
1485 735 90474191
124 1635 509425544
1062 211 902316521
803 1011 989801912
604 99 989178599
1778 544 53001343
391 891 78175563
1173 314 694421583
600 1394 214786414
944 5 323982027
931 1509 328745413
87 1326 137007782
1999 418 525412440
113 925 511020476
1756 936 62814334
792 1164 532367217
1605 1870 47619293
949 999 139657545
919 897 775819169
1546 566 169021384
560 1587 785733371
959 455 49723788
907 1120 630937053
369 639 877665960
1356 754 652687091
1721 1347 501848642
1064 536 612784100
89 801 841352815
1030 1330 810984649
1708 309 134650958
620 385 497837038
1327 1530 191123554
1747 1133 765357511
1898 925 755807540
1037 1527 249912629
724 1784 58201641
601 144 420904441
1943 221 97950880
404 250 822435704
1104 1426 853693775
1939 990 712527792
1353 349 589788639
542 1902 796027002
922 1777 415439557
1359 844 19821313
1966 344 648487267
1388 970 570002818
723 1073 119526494
417 900 365902149
21 1995 840186945
642 1819 274096347
618 1395 268723794
1359 1380 369210521
1985 1355 119657396
1737 624 464876884
951 1196 183655102
853 1581 241868125
555 77 412135065
1231 446 163858879
1075 1524 980693280
705 1223 572996535
190 222 94989043
1987 1228 943414900
1404 490 167331805
566 1530 864511759
