2000 3000
1 829 816877244
829 1651 545392156
1651 572 89946478
1 1486 2451104
1 285 628458700
1651 158 42224037
158 303 319390622
572 1180 993069468
1 1361 67224814
285 1599 6119499
1 1525 343684639
303 8 121600221
1361 1033 473784492
285 1638 309330378
1599 1723 621186759
1180 1129 892093906
1638 1058 494303477
1033 1329 738163520
829 1652 863052444
1329 1719 947624684
1652 1894 504960808
1652 1647 173757737
1033 1229 854412444
572 1436 61356579
1329 545 657856548
1436 1925 337795153
1723 1761 317671746
545 1583 545939542
545 1543 60209353
1647 182 67089310
1719 847 78724641
1329 1192 933584637
1599 72 491014834
1180 210 918521927
1723 1973 731345788
1229 1112 876444265
1638 1504 891981338
1719 688 183655071
1229 1143 193551500
545 1766 313940232
1229 132 895846744
1761 1310 998403977
182 9 241591338
1329 888 892872521
1766 670 972317163
210 1513 495677656
1361 1818 590755544
1361 1697 97700050
210 1609 205229615
1723 217 85881560
1112 1779 694318572
182 610 104309808
217 1661 91478042
1651 1189 370431388
1638 354 779562406
1652 1621 568299992
210 418 498883223
210 1353 486422440
1621 1839 556496665
210 1282 583224522
1310 470 202156865
1723 503 800212369
158 296 211988545
545 464 302094796
670 968 716532509
1436 1768 22182571
1282 745 2827230
9 234 208289671
1583 682 392200934
1652 1602 855465071
1504 1340 180383443
354 1113 557363969
1361 1493 217596444
470 1554 758655785
572 244 846487907
1340 563 540442422
1340 841 4219252
470 411 329147626
132 665 476659829
1894 1548 891817203
1652 1093 749416130
411 1031 851209399
1554 1560 630148892
1525 1620 992041498
1361 1700 746464051
1513 1687 296374018
1719 73 426409906
1033 785 546529523
968 1052 383418855
1129 1810 841627062
132 941 817378584
1647 360 467166420
1189 1918 70749157
1180 1717 68127900
1052 282 607655594
665 686 22717989
503 1125 296569909
418 987 260134038
1525 539 301495233
1973 825 400516850
503 1372 31294151
1031 1858 930577315
1858 834 764895906
1560 208 843994205
72 814 334057183
1638 1869 88940192
545 1011 336552902
1560 883 684236694
1340 1817 983077081
1093 1465 504523652
1504 1351 491481677
73 867 269775521
1093 1165 243094958
987 1868 643766799
1353 1147 316776433
1372 236 282029558
1817 1150 429862043
572 58 836653047
1351 552 900794503
1486 1100 274692086
1768 1924 35186357
1766 843 568826068
545 127 580669375
888 1003 209142467
545 1151 420974970
1687 477 456672776
72 102 952985018
1003 1424 739787235
208 609 584492063
1609 1295 616216062
1602 1289 566833815
670 581 7777834
1189 915 238838271
182 159 620367997
1925 791 389181319
841 672 649940311
296 1420 472674333
1620 1539 914898154
1192 1825 581268314
1229 1227 70653001
834 1936 86728161
791 660 653871220
609 1040 810461420
9 14 473410632
1768 1253 670978526
1151 1732 667310668
1687 1331 897423419
1331 1758 576349894
814 641 240481973
1761 331 252780005
1052 178 962995722
1609 1658 697610122
791 1490 594324343
360 1538 327882959
686 362 959209586
217 1144 207424250
282 1877 273781532
1761 851 527053178
1513 310 434841513
9 1281 776907070
563 1086 964984300
132 1034 19876010
1436 1400 331038876
1652 943 8953690
296 315 721765046
1011 292 100290611
1465 343 303253049
1732 218 62085174
1420 742 284309449
563 44 818030652
1661 1946 385846124
1719 1443 357260653
102 1927 993631527
688 996 163131661
1810 200 48852612
1493 832 797277412
477 1326 167671050
1034 1076 586426216
1877 290 473462608
943 954 797333412
1033 1072 13448375
315 1411 715826507
315 1748 697601169
503 1926 556865912
1326 156 876823342
1877 928 493111068
1599 1441 93763723
1031 1582 93732705
1927 1618 999005356
1621 1077 571573023
1817 1546 848696137
742 272 487611227
1697 1850 514541600
1 1614 821915031
292 1419 377002362
8 240 970475533
1621 1407 529531456
1652 154 334446393
1723 376 71518297
1003 1882 111107439
1011 1947 30710503
132 544 894678434
1093 16 528050783
867 312 296252586
987 1872 719158156
72 615 316160258
851 1643 325546357
1011 1223 313100134
217 1551 968427744
1554 1835 135113470
418 696 231608722
14 1484 250314641
1825 924 274536306
1618 1238 579445681
1918 152 606278725
1687 1986 836043862
1839 36 205733704
841 815 677289609
354 606 239031579
1858 907 734618409
1643 820 791055897
1643 1883 964258067
665 1519 533415108
16 1903 410274452
178 394 975732163
9 1784 76574933
158 1323 119895096
272 830 176916045
1504 1104 576788760
182 1408 557721323
1 488 31171075
1643 764 485141875
8 677 9607827
814 168 248604489
1011 993 62557275
1281 520 720993604
1652 13 471084470
941 149 502601157
152 836 17478061
1869 391 29006062
178 136 777338765
1554 1576 972046908
1490 1958 412439626
182 1580 32005090
843 806 211895461
272 65 88940795
814 676 909318059
641 1278 985439261
200 1591 261518601
1493 196 676007392
941 12 32213810
1420 1592 142907035
745 172 40005002
208 1333 973438310
1076 1932 492338920
36 1888 399467146
1638 170 677070732
1697 396 751783003
14 38 590764854
1925 1240 784099789
610 1489 688028221
1719 247 719996581
1825 1637 70480495
1546 986 317994895
1400 481 941446038
1525 1619 210087909
488 1765 992168848
682 1860 126532769
1407 309 109616229
1766 701 737484617
8 185 298161758
996 482 132813571
1077 1067 72101458
1493 602 245856990
1340 351 586437790
1554 935 569067172
1582 680 862847603
1076 1545 481449445
1227 1955 814241735
159 958 120332888
1077 1314 347415294
464 1102 546383939
1227 1671 596948425
196 588 517049642
1810 370 592881242
1955 48 680404496
1003 1755 761925957
1868 1000 125993766
1031 1640 463357669
1000 1521 386363584
588 76 189346013
240 734 95015978
1521 1861 871269234
1539 1358 372078515
1860 1383 562456189
481 1832 997943592
1658 1346 429749842
1640 632 855644541
182 1224 397770107
1599 1770 662334874
236 1130 501315791
1034 229 33890995
1443 749 157780364
1436 1182 468628330
1112 469 571152930
411 1884 748173126
290 710 994618699
1882 188 288568455
464 81 507263504
888 862 43200949
292 133 908614581
1331 1065 618231740
986 381 728466631
1810 1345 715130490
987 1497 931024684
1700 1117 987976137
1810 576 539430957
72 388 745890612
1643 902 35818151
168 357 776699630
1576 763 95565748
1295 1993 88819317
1986 1625 35132319
1592 770 596151676
9 1318 979999510
785 1159 662807703
954 190 173891107
1351 435 61842742
1052 1299 344073323
1525 64 399385677
676 1889 39337623
1825 816 936553427
1223 1879 460034575
867 648 190032649
576 697 495476700
1424 1197 761242560
610 1859 583665049
196 327 415210792
701 1016 44191133
763 1179 771651993
73 564 285629466
1599 1669 683965552
806 897 739918332
1926 1114 148399479
376 1214 408771990
1093 220 394796850
381 817 263209031
1113 262 685857801
785 1772 741555573
902 813 450650528
1420 784 913878609
1340 1914 3678025
1372 1742 21510176
1832 1315 201657365
1925 1343 175731846
615 1045 54295348
1521 590 792163123
1619 1418 472942024
1182 597 557190435
1295 90 473518463
1353 163 997216968
902 771 544780903
132 1309 12624762
290 1442 877159840
1129 1367 834874484
154 969 490487782
1658 1778 409801133
170 1348 97746622
1340 713 470237302
770 1530 338129809
688 860 496385371
262 1063 434153971
1442 579 7605848
1947 1133 44413436
1 1740 495138208
1602 751 990859989
196 604 180135035
247 695 224548032
1877 649 440888354
1548 521 489189070
1045 595 144855578
1486 120 580518427
1839 1444 93608102
1348 1830 644576473
1772 141 959859764
1877 1231 710373219
411 1451 542526029
1772 1470 545096369
1543 1792 809059102
1888 1968 492610811
1772 455 162550195
1340 19 719984982
1614 452 622485877
764 1847 505641795
588 287 109522023
1832 567 576782987
539 1714 297383195
1539 1822 38294882
1554 887 170568117
44 1244 145804965
1 119 102584633
1180 500 426785594
81 466 744700319
312 1616 34801407
119 885 190616767
943 1634 501944380
1179 541 113789180
44 40 113681061
1993 664 280719478
312 516 496975092
1860 180 980307305
477 126 155992347
159 1069 176179115
1877 1316 93098931
680 504 277640658
388 994 730348672
1742 1107 661535141
1244 975 556367938
1253 819 444472530
935 1971 577200075
1238 298 833257030
1451 837 845844052
262 833 688485185
1016 1754 878122176
670 720 906515299
470 1002 273684456
1331 4 419370177
784 1023 126173534
1314 80 730890321
1063 1350 653931055
1554 316 161437841
178 562 685341862
282 614 507339008
1361 691 15487899
885 148 310800250
1859 1711 659370699
820 1095 818260825
791 962 13345020
837 1371 284321007
1493 400 674109309
156 1246 860915345
1253 1021 363421782
843 105 291676883
915 1491 185875496
815 919 491759635
58 222 711678588
1548 1952 80316791
1882 645 207053597
564 708 882053056
119 124 293811874
567 1379 399928642
58 1017 567830036
1411 71 203502461
16 653 998585040
1818 1481 157102432
816 306 947540963
1229 1121 148453555
1133 671 403025045
1968 523 940532868
1151 184 843738297
632 162 686373701
1582 1264 261883255
785 1075 497321805
696 1015 744963515
1784 232 2646774
816 456 316105613
360 1537 735814519
928 850 244678081
1113 139 301113084
310 1950 47973845
1671 1302 183730886
456 1718 966147702
606 428 424415661
400 1683 264285296
680 110 26965348
148 999 90801288
1732 1721 497136472
218 1805 346626824
48 711 294140183
751 459 354510977
1052 1382 48663273
1925 548 123572250
172 294 256726921
958 818 399792475
969 1650 70877337
388 1006 563000220
1340 1123 60745500
671 1431 611792695
567 364 111427490
1877 1089 712601330
149 160 588736866
975 1409 95766893
292 858 440228246
1493 811 541686408
1486 596 308096243
588 556 299657050
357 1183 178671768
400 718 134881865
331 1532 564565034
564 1190 524060722
1591 269 910889540
649 308 831407480
1539 1785 386364679
232 1284 162661444
1714 646 521294880
523 777 303599821
19 540 544029348
13 809 368861862
1021 560 568273891
742 1321 270887204
1315 1249 300063739
1658 1181 644756124
1859 1175 21799782
556 489 180444413
614 1844 451246818
126 1840 524503466
64 1871 411258660
1700 684 142046231
1548 1145 912667164
1451 300 615677134
1253 47 689843843
163 260 530065340
1839 1613 52215324
310 1827 117434076
924 1908 442282376
850 667 973965680
184 32 192310081
1489 1855 26941015
1129 650 394488693
1143 103 127104801
290 531 797667940
541 1248 820795826
1971 1663 145905453
234 164 62426331
4 167 734039376
285 979 313825263
1640 293 25313831
1302 1910 655769463
1582 1566 675891881
764 1842 173908334
141 508 411907141
696 442 765691447
376 1387 251491391
1825 1275 454378403
907 446 230455916
1872 937 104250601
691 1427 492215470
604 413 19372179
331 1605 83072207
1282 203 283997371
771 98 850807431
1877 1234 614400849
1860 401 982489592
1329 1558 188942584
152 372 863110764
167 835 239165359
58 758 107568084
1582 1875 789862792
102 1904 957287557
1792 612 49104306
1224 1215 134821402
469 1689 778449281
1850 1359 8637601
1658 1536 132488099
1076 1132 955329087
13 800 343099195
1755 465 604386341
81 334 159346135
1766 1344 503213034
564 1964 50425003
1240 753 23732352
1932 1118 529889030
469 1064 273439261
141 859 113206384
1490 633 450574589
1129 70 654663403
40 1845 93938718
758 1557 685089202
1130 797 215116817
222 1177 942504926
1875 1373 23846682
1683 1226 591802309
469 1928 287783778
1519 88 84162718
915 1381 762010883
1372 1036 413338623
979 1828 317615661
1748 1487 862999073
1964 980 140565928
156 111 490365596
540 775 462126022
1835 1524 513314696
309 60 538094597
381 451 297513842
682 1604 457922024
1034 1977 494610956
1537 1380 15045460
1017 1096 80831907
1548 1747 147959645
1348 1263 397306294
1619 1440 94771075
364 1276 22262288
648 659 194287103
1638 600 828775030
1179 1522 783050597
1613 1644 205805722
98 1319 187989692
262 681 606184118
1875 106 352279724
1936 461 791486361
159 1760 71015720
1358 1677 132868874
1918 1696 576083498
1872 1158 960452883
1282 1208 41135664
684 524 878462315
488 878 473172974
777 844 537209708
1113 550 465780821
64 1439 563832999
1284 585 756436141
836 922 91847808
455 855 358439780
1033 522 885080640
1583 916 44257149
902 389 719106312
466 1101 80371869
701 1731 631854658
190 630 953255638
88 1495 708531133
1350 1013 535654520
1868 782 215910522
677 1873 349706117
562 1989 123258373
1711 369 845045255
878 821 671434450
44 1262 961638443
1107 1562 94822853
1560 1564 922970017
236 100 934703915
1045 1816 173844304
149 35 151799256
1513 474 297562573
455 533 381382223
1278 513 971588252
771 543 559319849
1560 250 877375844
1278 239 212165403
1223 26 848326197
309 1674 627146401
962 643 204555622
435 618 125673000
428 506 221672211
451 1241 160001195
999 304 689322780
1248 1940 64114765
1284 1286 101869520
1358 509 318380997
269 1853 937776793
376 1137 43077983
999 917 205865302
32 573 469516213
81 619 562782914
1768 1267 569118799
1420 1907 744432110
1224 1870 531910113
1427 884 516172146
1443 746 135492510
435 1098 43334617
1481 1533 327102355
521 1734 88966843
1183 169 892620391
1159 1393 968129128
401 1980 542516679
1968 402 459565866
1768 1801 144068749
888 165 718566583
76 1573 707593190
649 1593 557013083
469 1228 718158702
1158 1328 118712560
389 1974 752292036
159 43 269855373
1107 56 618165207
1894 1488 450373969
851 1398 391793711
1519 1334 283998188
133 1041 839425448
1904 297 870140834
1121 1553 873688074
1223 1705 413475633
600 737 58488312
1011 1390 510760799
1830 1191 44021080
590 59 639654781
1398 1480 92065024
764 1046 14336842
1551 1691 212409738
999 1577 573184647
523 34 618095348
855 1142 783711998
1842 5 881604934
76 963 755668601
1677 227 364722140
32 1209 590092715
88 823 910523349
360 1201 574762106
1145 1477 736170386
1755 1653 606301477
516 1639 438793351
16 735 794841382
500 1422 31806997
303 1852 879510765
1302 1417 123764875
564 412 153619078
1760 1342 363302806
1234 1922 255159680
1650 1777 945854632
1398 593 142965729
19 911 575750470
1497 1594 353601874
850 20 423393462
88 890 794976875
1747 1009 751481285
540 594 32006845
1621 1243 565260054
994 793 405382628
821 747 38633822
1278 1581 497305140
544 1887 417223891
1107 870 134349617
1732 1662 970413405
208 869 656804767
1177 638 804758807
1208 192 103249005
1249 1339 695998549
1842 1753 682702699
1691 944 881285028
1530 377 955264462
1731 176 573133974
1491 405 774117582
800 647 703677469
1289 1540 423042205
232 828 540846494
560 1048 261112651
834 1502 80691246
986 319 612077837
1133 415 782969643
680 1450 563436955
797 46 870134427
1486 657 168121813
316 263 348594885
1444 215 506987863
837 1529 28212190
1907 622 502806225
105 1217 874596933
1440 1134 175398505
650 25 655453565
184 1686 878596710
817 1796 937252352
1104 1759 627800402
1309 1466 235637687
1753 1701 950774862
215 77 211133386
1150 74 729173793
1021 699 62808172
8 198 221935339
1345 1257 306862916
1844 642 730810631
835 1047 729824225
633 692 162289632
303 901 518800236
1217 1164 336466515
1379 674 761948782
377 1878 425557704
1 434 573836985
699 378 277233111
917 714 816866938
1302 1563 534018916
800 1397 280382285
1034 1738 418536278
1700 171 839596281
1986 146 108629649
1147 1864 93917303
823 574 513053270
1345 1453 384586004
1077 794 310068858
823 1080 890515195
919 1467 950817061
622 769 698897450
1605 519 453531476
1952 1790 347903845
1686 1518 76053729
1118 802 77449740
602 414 178944610
1036 879 283574704
1855 1366 461177854
758 1565 697655767
304 350 32085221
139 1106 684351255
986 871 688293054
1340 1899 25928412
1484 453 530406951
1907 1520 188384082
649 245 909343263
240 1917 541986121
916 3 298925610
3 337 31563875
5 1880 340199796
1662 1273 710372918
540 1646 489384900
1734 18 431697691
1581 1376 12677519
1046 129 800959879
650 598 385494480
686 1242 74253445
297 1956 529418548
1041 1126 206709101
310 87 50437190
1721 1370 524948508
954 1437 55142099
1850 347 409441972
753 430 241449755
245 1457 235868427
1936 1085 888514398
1165 1271 807107231
34 849 603351700
297 949 802116250
1113 568 376966825
378 237 33150098
1444 1949 7176848
1621 421 898333313
1223 1327 15192608
775 1690 876502370
1772 1173 659196869
1647 846 417625688
878 948 597247576
1497 255 896226418
244 1751 937442996
133 283 978138465
1714 31 715946286
245 1236 497253337
1310 894 363215628
185 1535 947598881
833 1024 414538867
1761 707 955020057
1086 721 503151837
994 1210 336400447
1639 1771 153709834
1398 1794 44793993
1872 824 202794199
742 471 22418687
1582 1617 477196226
1013 261 582112667
1968 1739 248801370
1295 716 462397589
1048 323 736590845
1621 85 402985181
1532 1728 28380875
1810 608 12161932
649 1632 312948023
1241 889 799966351
1093 299 379011902
414 617 587471482
180 433 541917542
1098 241 324549614
1748 1078 141840985
1045 429 386032543
749 839 788115755
1830 534 597404917
1653 1068 183587201
814 1802 57570099
1766 1028 690563324
506 279 914189410
208 1745 272525125
1011 355 905197870
1310 270 14263035
1717 960 875313764
1098 1730 893221966
534 1934 213592695
1361 518 127690973
638 1608 436944697
1147 1851 853749948
1671 959 43951241
414 1280 948968079
1495 82 188155893
1577 1736 987857440
415 1712 550658676
1331 947 177228897
405 1287 502952818
513 526 479636449
1397 732 57059663
1538 804 507716753
1535 1534 553416659
1608 1455 764769689
1080 68 122440050
1674 561 6585854
901 1220 205140783
428 153 310143144
758 625 573783539
1264 1258 66604197
944 1659 325073197
1855 187 5126728
1227 1776 764044211
1107 1823 360602272
598 1222 450004625
884 1250 9846204
343 1527 418737289
1731 1312 224795227
1165 810 137595335
834 29 146966572
1063 738 873034910
347 651 644373276
1691 965 544620771
1041 116 23426939
434 1998 164781781
1420 656 318597570
572 1154 652966384
58 311 302146291
261 6 78375794
1884 909 812276687
814 527 77535314
1486 1357 351758722
572 1600 421864609
435 778 841435450
25 140 21773538
572 1176 98868462
604 661 99685677
707 257 644899268
1557 1454 739969249
737 1044 6848787
1651 1579 53514731
944 1631 418979972
71 1762 628469107
46 1624 555921194
299 1141 488264614
1240 1642 485638268
550 1279 241412282
1093 1948 374775662
1718 1679 11631621
533 673 673074869
632 335 960727637
533 553 954878180
48 1885 915839416
1534 1881 122100357
40 977 818767866
1910 495 63454200
835 344 550067518
1600 1550 506742137
1114 1744 686845409
633 130 860130537
600 1218 980654493
127 970 579734631
691 231 576522661
1616 143 837464735
1281 982 9625529
164 496 372198344
1326 1783 798623858
1189 1680 19452030
793 1793 909737409
619 432 123252477
106 1556 301693421
1457 390 865340036
523 1084 140161092
818 419 7147525
541 1510 9214899
474 739 169638700
1132 892 390482782
1642 1836 821055143
1989 689 26141715
829 1374 417141704
568 1042 546977585
883 1429 976388691
1326 1780 995107178
646 1896 635991320
1299 591 456818473
680 754 83847321
418 762 694975779
1424 1430 797670970
885 1268 69913114
556 953 372137608
46 1001 444441554
1581 1363 607753092
14 97 984838439
1281 583 656757364
606 1285 30574083
1443 685 336797800
793 570 875044835
614 1988 612855286
1744 367 604908758
1437 1010 8759416
71 1826 485730266
1299 1338 361401416
1047 276 494739012
1112 1196 457223299
1988 33 452143239
1851 1567 36296638
1481 1862 412106382
1550 1022 755463161
1771 1506 31137500
1096 623 666519492
1495 1174 735934925
1631 1997 408775229
1342 1099 81035021
72 774 944783564
1017 1460 30975902
1040 537 148702500
287 1969 93394006
1134 1515 900502801
1792 1795 762486156
1431 1598 289944613
309 1485 970347737
657 1505 61119025
1436 1897 161642590
1268 45 921664145
1182 1786 929866138
1400 1512 894856936
158 75 223962101
459 1307 331376497
1785 998 656824231
630 117 338974400
312 92 31011035
1828 1274 93739924
1842 893 747439028
1661 899 192359164
1001 438 986137843
1852 730 173948471
1010 67 793672877
1949 1300 295577560
1236 961 760773975
1639 1168 685735541
1949 1610 949049280
802 223 893618743
1466 258 993088631
364 1160 75764593
1712 463 226388039
1016 554 740588654
370 1473 553665413
526 1707 94935100
1553 63 758736118
1371 254 58418919
178 789 591435586
1608 1673 602495990
1487 759 800235333
1779 803 567717023
1197 1463 763053569
1189 1355 682267085
1836 1838 499333817
672 382 211715040
1973 475 448502749
1080 113 404380731
1634 939 837313566
1334 1119 849312926
1072 352 901418101
1567 1404 364124239
1908 1866 820322985
1307 1913 123583326
676 1549 749374590
1988 852 940976267
619 1478 886925102
1644 1848 653665107
851 1648 352585097
1772 1511 85496847
146 1741 992895774
1873 104 482827359
1106 1082 883366680
1613 322 795050220
1609 1122 183465631
116 1886 652768543
1564 408 524658293
1997 248 678843367
16 288 18644986
435 1628 557622856
133 313 927637810
367 1235 768701251
389 374 540694128
568 422 113478361
279 898 462187876
802 371 135881988
1683 874 807667294
287 1874 987594000
598 42 100704280
465 1221 554983480
421 1162 681998094
1382 1384 507208874
1361 1975 11821819
545 856 494041919
970 284 599699790
1980 950 24406549
615 765 564726903
1031 7 868196497
1861 131 357137596
650 359 658201264
1564 918 316975774
1783 1270 869092726
470 1595 785416504
574 1501 166428449
893 1153 913581488
924 719 482769838
1776 22 809197770
1679 11 379485643
1754 559 324034646
1730 1060 589604404
996 1298 201682243
775 1555 207252677
1417 1764 729898917
1370 1568 992443955
1351 1395 160258205
1747 866 396502666
1506 197 170037112
402 295 616925302
1866 1385 944259474
1870 324 56062213
1686 417 117219417
1530 1061 840578169
851 1517 42956886
98 906 912800386
402 1906 81765646
1488 346 579185697
806 1025 499949067
1932 910 755127114
1595 1841 702307578
64 724 579812080
222 161 452341139
513 1458 653226559
533 1256 24015050
816 1140 558835364
708 472 81854807
1879 1929 71231093
1126 704 123566129
661 403 108425811
1345 86 18068995
184 1392 20704251
564 361 30436832
1065 1365 3801275
12 1645 468926522
1662 78 214832016
1224 479 124684657
1122 557 512457375
1329 788 749821268
1841 1627 84883983
1326 512 399336962
965 1057 769628365
102 1097 870529197
643 1169 982542423
113 1656 706480428
103 743 125838439
117 981 41169404
996 861 111744888
1395 243 12816687
72 731 880945045
1850 1188 328477410
461 1626 179056479
1609 1574 401374305
503 787 268205371
1016 1979 675256448
1628 1426 211171993
1659 213 133908213
456 584 697005047
466 1945 995717286
1343 1200 682903125
1380 779 993668061
949 1304 55794570
664 1763 144091296
1217 895 194280727
1042 83 47022016
1818 972 224283186
1048 1155 993343680
878 1865 113867014
481 1905 272917747
168 1678 10061718
1847 620 880442867
1952 147 534085631
461 1664 18191954
1598 216 714099735
595 1108 928662415
1215 1578 803182489
97 1649 199248998
583 281 15506385
970 733 546715723
953 1641 97722989
1487 1996 87114850
429 1341 724399725
369 1846 99751249
1751 654 793724217
154 1814 39353704
1549 655 848560897
127 62 745703255
1408 1597 81221786
977 932 862558576
943 387 8507809
832 1622 315367013
1404 1547 925329574
567 1386 142586401
297 1681 828321082
36 1987 561425173
1631 940 250248866
660 1469 159148517
352 1207 892294284
347 1037 533672084
583 923 298914172
615 353 914058329
432 1492 119638562
811 1232 925790177
996 1951 111707411
1298 137 303870343
1538 1054 357766215
671 997 910497202
686 799 583297772
1535 662 655768025
40 1115 594257978
918 1475 913593408
664 1447 42874426
1934 795 103785764
1249 1994 713893691
1595 93 932985620
1323 1984 741425817
1511 652 801979042
40 868 75503437
1597 454 694850700
63 502 123159293
862 991 382221519
168 880 415833984
474 349 148059827
377 1120 79541598
454 729 801653689
1842 1335 851799637
1374 1682 496998110
595 1019 396388398
855 1692 962677873
739 528 65122156
1793 848 188526411
1971 1317 834954693
1495 358 416161539
488 1464 541860798
1380 1005 112610774
1777 722 409428530
451 397 486430743
1932 1445 91838300
1180 1402 317865630
1530 1966 22265002
1411 1829 247288281
612 490 517487302
1779 1585 703034888
1502 515 117621386
1783 1184 373325037
1075 450 524446159
1862 273 858434075
156 1237 352230143
389 1290 405761902
196 1027 395808698
312 492 148464988
1463 1216 490088254
1046 1666 461595985
1994 723 297351424
465 363 937931974
965 668 661981528
672 96 77558854
665 1895 46696898
1825 694 85834666
1904 1957 40932937
176 1296 110342190
541 301 812543737
1875 687 210587473
1331 854 424230460
88 1354 580236229
714 1954 496464886
76 437 463229787
802 1092 65629367
782 726 277578545
1551 913 816933634
1429 224 318864716
1683 278 805642554
909 951 586173053
163 1305 923300272
1106 94 335550038
1130 1943 735482081
1896 1401 773674703
180 1459 380057614
1871 1900 987641997
257 1195 689417106
1232 1332 278821132
1060 1775 60457993
1300 956 237112486
245 1494 32136319
787 328 368334301
370 1789 71428005
856 2 640594555
746 214 322916910
1564 326 477909532
687 507 959481645
651 1773 627799717
1522 206 501613119
623 380 567098388
906 1421 196647742
1551 1434 952470184
980 767 29203260
97 1194 805662026
803 1962 783247961
347 1313 140030615
1376 193 18389450
849 1206 138243050
158 639 40509135
686 189 631983403
1317 776 239167742
1208 1919 713892108
1535 1482 63082562
763 1769 184726021
168 499 472298530
1302 1212 709902404
615 921 773159650
1604 1726 730510498
272 441 740387301
361 586 589401497
1543 1756 953566031
294 1559 286863944
1578 199 333165536
531 1503 856247459
347 1797 805409825
190 1702 534594397
1418 629 477451206
819 28 367753404
560 1500 151388237
747 238 525534999
129 1798 684408821
1650 931 723858314
1253 486 480730078
699 181 288585962
185 578 874604153
970 712 151668429
999 1685 167672337
1458 1743 845956115
710 1038 737043338
482 1211 931885567
1521 50 398269240
902 333 6958675
868 736 924067302
1945 1399 514410619
1987 1590 884430879
560 1352 41969479
260 107 659465971
779 1014 264865728
918 1806 792303229
1618 41 804203940
1242 30 196113505
1209 1791 414193738
860 727 310553440
1243 1074 143878444
1696 1360 448560489
1101 280 864099791
1743 679 971926447
234 547 316367840
1373 27 848659115
980 792 487195384
1946 1172 396059301
1217 973 243872133
1279 268 410191264
819 487 10513835
1436 575 338578674
258 827 75778338
1023 66 914400338
328 17 671496612
1061 549 65440145
13 942 956930447
779 1833 605229981
818 501 31831012
1806 122 551440694
968 1584 96034250
1855 144 69785645
522 1116 520434981
1900 611 439772851
815 752 189859707
899 1277 483464711
1553 478 529423151
782 912 138052185
563 853 92361567
1637 505 85181486
1798 15 242300122
785 601 41778708
304 1774 439574323
489 1030 375810944
1451 320 291665083
1719 995 698369381
1719 1695 871587302
1510 1161 834432728
1917 1049 37386905
1539 246 364790369
665 177 991643029
1677 838 247550283
623 1921 48407676
697 1729 850731050
1160 383 474616351
1913 1912 166153151
738 1688 716140412
472 1995 138820177
866 1239 933262752
178 321 8494934
959 532 855935238
897 1148 53363059
415 542 273432599
504 1322 313281281
1591 1507 549350784
397 1039 840656108
168 462 986872645
38 1811 922501660
858 1572 489502309
1922 1166 576942256
93 1587 436033381
236 338 809392328
1627 1935 914566228
1345 1990 809786921
1669 348 114646727
1726 1308 649675584
129 872 318392593
788 166 706361563
5 426 341185093
1954 1781 856312006
1887 780 631925991
1344 773 589645555
245 1724 171868034
190 1715 540021359
853 1073 172557749
1861 1531 191987429
1096 934 839278410
797 1670 662346670
852 1394 197811344
516 256 65028125
542 61 801659623
677 1362 340090339
68 1509 416050122
1286 1735 657801925
1905 1185 942093850
1290 666 288757008
656 1809 200374429
1045 863 69758339
922 1055 964270102
753 822 242831481
47 1800 27306953
726 1423 478752420
867 458 262609233
1248 1325 747282956
1161 766 502400698
1065 1433 206845656
1257 385 986859722
1346 101 858808736
1827 1552 739591273
701 1623 188419486
1353 1920 48856830
167 1933 125404853
1626 249 927574936
1599 69 879993185
78 54 654187798
906 179 874095162
62 1446 864976008
1485 1378 674136904
503 1247 57700373
1001 1291 900295897
623 1079 309805460
1228 908 220483418
1054 1923 668769010
1350 1416 645403418
1015 845 320246689
1922 1606 145924138
224 445 396006877
1973 99 484338389
1747 658 827801891
1112 1893 275491494
1921 1733 105868996
1957 57 176070604
1224 768 79111274
591 1508 664502028
1346 1136 107747513
1796 1967 753706307
1201 1635 19090932
593 1062 144339854
1407 1111 54056704
1768 955 948262145
1805 443 12270791
1954 420 926383701
548 1410 283790529
1543 558 133216467
432 1586 720507009
730 613 431122291
932 582 3844903
848 1514 733220502
540 831 251611390
1036 37 164045782
655 1261 576072580
809 1698 96134106
67 1056 125525603
688 1722 869546117
1183 757 25074250
59 1008 243764999
223 1569 929841251
117 740 84493092
1628 772 702679079
714 1415 24495332
940 142 597850074
1104 89 234233899
1417 1706 612134249
1900 1053 101698989
1419 494 132790296
1880 356 103381186
1935 1983 896680941
1338 52 422071905
1907 1541 37642633
1776 1668 646531303
714 1636 27086851
489 1051 972106615
1599 267 955472872
941 1709 206462518
830 1202 610052087
1134 1472 934749309
913 914 672047098
199 926 530035195
1550 1672 370366324
169 431 569342876
1033 436 757174064
542 1230 185823934
740 514 467569002
304 457 29932416
825 1288 611215154
1123 663 934318979
97 1127 255481065
1478 1311 23083265
1722 201 510074467
1097 1960 203906545
343 1297 439572450
1822 886 314219035
313 929 37840062
1261 207 659661921
1595 342 166167635
403 1633 602086149
526 1824 139676626
906 1757 776513022
1557 896 807036277
745 1831 578005946
548 1976 27058895
1932 569 949633305
758 783 195058909
1946 529 18466914
819 1396 726880253
1506 875 990608877
582 368 424434281
711 1128 264399339
620 174 183308023
1594 798 68659976
674 150 429931885
62 891 367345859
888 881 60504420
664 1066 958087202
1903 318 970175861
69 801 266350759
1451 1448 561607250
352 857 799846341
735 1812 537213597
1374 703 809086929
1256 379 46020840
563 1970 20398128
1613 1890 110732759
1051 194 135148718
1859 416 971209936
1108 221 917778689
727 634 743206239
1121 439 70154708
1061 468 115366479
474 1088 699468267
1652 1561 204553033
1326 978 448165673
1600 1902 444686187
1623 1603 371423478
1001 399 745490178
414 1187 783194913
1185 627 171918761
1398 24 200106785
921 1213 872834359
1648 173 542780414
931 1611 876523148
1800 1699 787437597
231 476 367688789
1895 945 451172831
724 205 701847696
280 1330 210324331
1130 1388 90498651
1954 1657 753898549
1984 1750 314854033
1398 1103 193926426
1758 1007 400926443
1810 1676 804142356
1578 1456 694762958
652 259 798840265
1143 1163 715797538
397 305 273124586
1354 84 845117940
1097 302 702688537
514 1071 74349846
1191 1245 704192745
782 1146 447702059
142 1070 498557966
1099 1655 130566927
184 1807 437078919
1075 786 674770379
249 384 468138274
1912 251 707137721
969 812 949027634
1680 1667 56066135
598 1349 656814285
1244 631 501826607
764 1813 853508601
1236 393 717458359
247 1941 936419862
16 1260 477190014
133 339 949291581
1581 1911 292109628
1183 1251 185561901
815 925 481630947
1342 1293 124627373
110 1186 507646417
1535 808 138708937
1068 1892 915964352
160 1803 39366030
1768 1710 835927885
1021 1403 963477452
1066 781 17330246
1546 128 219066921
224 555 59598162
1577 1992 756959144
819 1820 797705472
1469 1516 584930626
1640 1684 75819521
1404 1259 717039234
1548 1391 307691725
28 744 617433020
1176 904 955532450
1370 1499 818874292
245 1219 912687376
31 715 723425389
727 1135 639978155
529 53 384893233
402 497 122607824
358 635 517701545
1620 589 414421433
132 626 152384836
1508 409 595539640
1552 750 49428872
1864 211 517295847
1046 1931 991191653
825 930 525674997
773 1405 208809635
898 1665 446798082
1913 265 551070698
1268 209 505362347
34 1596 359684883
1580 112 790717627
965 985 232104943
944 1630 583556384
1651 698 127847917
963 1449 502286095
1027 637 339938708
65 1999 881027656
393 1225 348731318
703 135 533881128
269 592 97346082
1342 1571 297892674
1790 235 572148129
1103 693 242365259
1999 1898 403592499
1771 175 164562691
809 1737 108450539
222 530 17583081
1424 1787 496974564
1098 1978 970139915
1718 790 298594926
738 1269 146045500
1448 876 600926961
1431 1991 88052481
96 21 186156755
1894 536 186199157
653 551 122191321
1213 966 438400441
1041 546 896421117
1772 1425 488387798
843 1675 875254696
654 1476 652634474
529 1152 186863571
1426 277 472222453
1566 971 218317001
881 1782 711084000
1008 1965 379034500
13 1867 32443891
281 984 972178768
1733 330 3808526
1243 938 510951197
943 728 863007272
670 1937 931550677
258 1432 767695197
1935 628 949845550
1422 1588 114068254
968 1018 539373906
1200 1808 304239624
1349 1727 742217226
333 525 263617842
1312 840 681196414
1381 1306 305361731
111 1205 752822924
1753 427 515324033
744 332 360610217
1044 1254 305176889
26 1462 137511115
1353 1356 504935079
1166 440 391086536
1921 91 489294243
1525 228 656426809
665 1414 671625463
897 325 100772177
1070 1203 425477726
750 903 933728117
1037 345 131241509
1196 842 717489712
772 1167 450063722
972 946 998328884
858 1849 595343254
1342 1909 387384282
1175 1819 819819183
203 212 739480565
103 1523 30974
1031 366 301897177
528 900 879139531
1917 219 445616680
1040 535 933298879
33 565 759739881
1522 1337 36726042
1351 983 294164718
657 225 797853524
1877 933 826495169
369 157 234383359
1065 683 986855741
1146 807 77743303
672 1528 127625913
1842 511 230641038
765 275 907770752
1755 373 811685507
1822 404 833225964
1053 865 578045564
550 253 61263033
389 1799 515132377
1637 1059 809959711
934 1389 316883215
891 1942 66734896
1401 1843 736311804
1775 1725 400183169
951 233 804489369
1041 195 16679692
1644 1939 112746581
1211 1171 2919529
402 1461 400979182
1590 936 25706156
556 242 408907189
922 1105 842203191
590 266 578689828
260 741 367857642
1403 927 728459386
512 1876 531800560
1147 1233 28225078
1297 1091 297311748
1894 480 462887353
722 314 9783320
417 566 323526171
539 873 354574423
532 1265 374436855
567 957 820851024
1528 1428 749111645
1859 755 88635074
162 1110 20922829
1091 725 62566662
637 2000 845167597
1361 517 414330728
699 79 459150968
1934 1283 656125489
1943 964 286552148
412 317 970159958
1983 271 69375748
661 1804 66892783
1384 484 823423737
378 1959 411272000
589 1891 604006452
1661 109 450783527
177 1252 429302731
994 1138 785464698
46 226 729695965
1205 1012 770087769
1188 1412 915551918
652 976 979064862
1056 448 986068370
1018 1131 674253611
927 204 648363829
239 1915 26717314
132 756 260997163
1534 624 518105309
647 616 691370640
77 1837 199771650
1348 424 997755079
1636 123 937822893
934 274 803735039
1782 577 292657971
598 603 580732193
881 485 299389171
916 1347 718760830
1345 1981 371940684
593 1081 725633874
729 395 903032780
1793 1938 647132773
978 410 981033711
1015 1032 850474194
1360 1406 623481567
457 467 119745829
1117 1479 3832471
494 1050 321628866
195 341 684656524
1739 1575 150096753
901 1767 939419648
1766 493 225733026
369 1749 995128416
1860 230 740782785
1727 1193 984233473
1606 1471 805075798
1025 1149 492912504
907 621 591275929
1632 1474 289757216
1335 1720 667696402
1365 1589 618023767
1622 134 121773041
346 992 35560009
1411 95 613821159
625 1035 496504029
539 1124 974500767
1010 1020 150751726
381 1542 887723615
1642 444 966199959
609 644 326324522
214 607 450462592
469 51 915370287
424 423 14985795
1721 1255 685194179
564 1863 552435695
1213 1496 462971705
1535 1615 21981742
1503 700 682849297
1034 1438 99119487
1420 967 350056178
598 145 79611901
1169 155 76680351
1724 407 645686008
1897 1856 143822836
1165 1368 942945407
1162 1377 830079463
688 1178 780631646
577 1087 739066714
1350 386 70689735
1978 1788 88910843
1350 974 717507446
1566 336 854928214
1447 805 206701737
73 365 796690781
1479 483 741747971
1536 39 144759587
372 1834 110801437
586 1815 439515681
1734 989 243825903
194 580 204974065
1186 398 38433060
1717 1198 413285258
1405 1204 21317419
967 125 883640045
1347 329 317100612
1767 1468 753635539
1427 826 113597403
107 449 70243915
1042 498 24299916
1379 289 74334563
1204 1094 800284755
967 1972 449204784
1625 1930 230453835
509 864 811076964
268 1821 39471852
590 425 322715403
927 49 749095068
1024 392 710057132
1425 717 597053952
93 1413 15939153
1765 636 364326423
512 1483 576670962
1316 1029 155155482
1867 118 113143800
713 1199 725585791
96 760 905993700
610 1570 678969342
185 1660 838493836
11 640 721122658
357 1612 242114144
59 115 427637907
1919 1170 909267413
596 1109 927140847
918 1364 560535559
720 1452 144880728
322 538 61167259
851 1901 240793662
1945 1272 14198743
1264 1294 255090039
1210 1713 80436243
823 406 505744707
855 748 104427696
1628 1601 540084040
504 1854 163326992
1137 587 762593266
193 1004 177034374
1692 1752 286131542
309 1292 464520161
459 877 278158770
179 473 60673299
155 340 200435635
1237 571 516206884
1550 702 764492592
1119 1982 709370916
821 1157 8127247
357 705 672832681
1947 183 505957077
1133 1654 997417799
1735 1324 817129111
972 690 626677279
1657 1526 971342254
1976 1375 324750717
267 1301 189156176
1387 1266 104305887
1650 1916 649477729
939 1026 133013572
38 1629 462450332
25 599 465070992
353 990 123341880
945 1857 920556786
897 1303 416023885
1421 191 762998811
64 1746 975593664
693 121 31122333
1011 264 956458636
1786 709 160602277
266 286 264315987
763 988 137316564
1473 1156 492455757
1022 1694 185429666
1318 1043 883245622
751 151 341791247
1918 138 144669121
415 1320 260550318
320 761 342527655
1504 1090 578057799
266 675 952130690
787 1693 296853200
1052 55 531864722
1375 375 985483105
559 10 976311602
813 1369 63129472
914 1498 997071042
1436 1083 985704417
450 605 121945841
984 460 697333101
1958 1985 401519588
1055 491 168577271
172 1963 289818351
1515 920 975796935
1254 447 566195659
1809 186 337927056
1815 1139 254768727
1247 1703 324699157
1933 291 311969182
1624 882 49374081
532 108 105694553
249 114 216691779
745 706 80155208
140 1944 688274592
989 905 409555962
1301 1435 453391403
1528 510 379598752
745 23 20666702
1096 307 836023551
637 669 545493643
1461 1336 90797855
1727 952 388775666
1847 202 658015748
896 1704 104429240
853 678 404638049
1292 1961 122433259
1354 1716 87561563
1351 796 821442530
1955 1607 830151235
816 252 353673099
1269 1708 900423502
43 1953 232435435
758 1544 708016006
974 1552 753829814
1149 1336 878918951
1698 983 40440784
1183 28 91384376
487 335 433016121
1836 1334 417823411
642 590 53259814
1227 1522 424318002
1509 1610 32327788
1004 151 638148871
1186 374 725891651
143 559 815285662
1394 1713 777079102
773 1843 101440017
433 449 117090698
1846 1307 764834316
780 1420 364532582
1539 1412 626803427
1389 1704 57707234
494 1731 359554545
1623 548 900345819
406 1530 73972019
526 1975 505416758
1368 1992 430842404
1577 1816 260272731
1170 966 960509658
1403 893 535254516
1626 1856 23162209
1806 1399 678325479
991 593 223386454
17 894 641092752
1310 610 352105415
51 1802 645616963
696 436 816201546
785 1139 705964033
946 1916 662311004
1869 1129 772885625
750 1551 827538939
656 1878 692737345
8 1071 459756166
1906 243 635790933
900 612 942225620
391 312 708541903
198 1471 611260818
1629 1305 880038120
1458 1467 212090593
1315 654 527715630
1765 1317 524181551
332 801 487930375
1428 1327 906258005
484 1277 192976997
916 1839 77336561
1955 198 535536331
1178 1645 408687110
1664 132 74990463
692 701 927808209
744 1636 996317968
471 922 310541037
464 880 863392523
475 1508 798779562
1943 62 329882361
1397 1371 402154921
1343 1448 867711899
628 684 60339387
925 1898 117816424
1150 156 744767483
160 1041 840864583
1515 484 407467818
335 1681 156375177
1522 1916 51458634
1735 776 816330537
595 491 829253757
1667 1458 662072646
950 1150 443833630
428 141 173822688
530 1415 824415008
116 895 16216274
1633 968 927028391
1742 1780 456088591
594 1552 464878308
1760 492 654532896
1086 645 535658037
636 1365 233417693
368 595 180138108
1643 133 86459243
415 5 936127423
1771 1707 900166261
814 1489 178338049
923 1815 288966574
391 169 814032735
1125 1190 928529030
1075 1040 504599405
988 499 410345003
445 90 866064082
614 795 54623426
1976 1399 261792802
1708 1072 143096038
1662 417 576540410
1583 1905 511394657
603 1284 647967330
621 120 964923689
1929 94 894002526
518 980 14128029
301 392 9001429
472 280 868505856
1986 1043 397045159
162 1284 677815093
357 1511 675558409
919 1923 319102652
1378 200 97559843
705 1669 981930476
1485 123 700231148
1928 1294 668887154
419 840 816257091
435 1006 929840905
1555 143 83434322
1359 866 323817851
1223 416 555042847
1694 1084 960329943
1335 470 932788851
947 463 432627188
1392 53 262034415
1995 1054 381304357
513 1364 45958507
717 534 884950589
135 124 3299473
1461 537 818394565
1914 1330 754036666
254 653 505496700
1080 402 149685768
1439 1156 5408783
1600 861 631393220
344 1069 768498713
338 1364 495537401
1085 1275 97427549
1461 1829 286169681
1186 228 791312705
1929 37 982207022
1512 717 555325582
207 144 901906956
1127 1925 143460966
1557 61 206462485
1196 720 258622085
151 614 269591813
1845 981 409429436
963 1447 270616128
955 778 811750826
1019 68 866622513
1456 542 649688251
497 976 237810405
202 1640 898527334
158 747 277955815
318 1550 647655329
964 509 224222813
576 1033 535789480
53 1697 549337187
251 1287 203054831
484 1523 128550567
1629 1121 554186853
1307 877 965818181
453 1263 472751850
620 431 671192804
31 729 536675601
1500 1373 383857936
1999 2000 948604698
1453 510 807901402
412 1611 98604841
1803 450 136850862
64 1030 187858892
538 1716 306006131
109 1865 215049900
798 960 871787241
338 518 770329489
1483 1287 400108350
927 1125 218367899
510 1553 286332401
502 595 828124862
1500 754 347472363
131 728 777475454
458 1857 945308891
1309 856 539642604
1741 213 30499793
1917 1294 841693408
1700 1969 816613917
702 1748 80975992
1746 945 344065641
1367 53 42493648
1008 886 920039445
757 1239 329927682
275 1247 335101138
1100 132 26215008
714 473 694904962
1856 952 238836720
1291 568 684161358
1039 288 392984104
878 1174 447977991
786 1073 222660074
1946 1980 119043265
1700 1366 533990338
1776 496 700928429
1458 1551 741882974
805 1678 548690999
1956 1415 286729037
20 1401 27415136
1754 820 407021052
787 356 308824157
1467 1653 162097901
932 1180 84968559
91 1447 803508024
1920 537 422001412
267 264 504002631
1952 630 103759630
1910 1841 543175117
1084 797 200586403
185 1710 138037767
583 1526 635656662
834 719 658141238
762 306 486370772
749 1380 68135260
529 963 137094722
1851 789 9793845
1828 830 85091540
1428 1856 924738936
1415 772 370109745
991 535 513968463
548 1854 395482374
1583 1577 640652051
1142 840 849767528
673 1600 824620107
1402 319 938284655
580 716 583574503
1458 1277 749298191
328 1582 63234233
842 581 817046841
1882 311 178993203
544 763 32150066
207 1569 186991975
1085 310 783949106
1759 494 22049339
1033 1720 336159296
596 1921 140093163
1422 685 942874956
836 939 594627524
1899 339 200162957
1707 887 135989022
92 682 499139868
397 1752 209364378
1737 124 190342609
779 65 673494173
61 814 146991197
1683 357 263289100
1816 1720 105741480
1278 177 912955976
1143 1698 619190893
964 1751 423842156
1506 800 641552659
1955 29 344736965
119 96 495935949
880 517 419853714
1573 1201 836810228
973 1598 619485181
1308 278 996090787
364 1339 763655000
1187 1723 979458195
1139 691 540683931
522 1911 438740281
609 9 226714398
66 900 180724253
671 349 612522386
1705 556 603228029
1675 1283 804152133
939 1172 521936674
1026 978 716349334
710 781 285170305
908 240 726469045
909 1993 871301397
1629 1676 15062176
367 1003 193570043
617 669 256268121
969 1090 862467022
103 1289 199906668
1834 1176 895767492
1674 9 942026144
133 1494 952525577
1996 108 783638780
141 666 252121435
205 280 508850173
1900 1548 233079270
1210 1320 441293844
36 1406 44765537
113 1715 91972453
1162 1475 582833257
1604 266 693595838
1664 1521 801783325
1036 1045 106607574
1570 1450 457402618
849 142 79179718
836 1319 372909047
744 1869 985940940
1098 1350 988882404
140 1846 817199678
680 438 470647551
864 1345 588061643
924 769 608058071
1604 1305 484208889
1704 185 897690213
6 1719 797724123
965 1959 975330408
1467 1791 361130513
773 1408 182495744
1630 443 848200453
279 201 107321230
1992 920 384369251
17 381 671134666
337 574 902404825
793 364 582685476
1111 1060 587177744
516 1990 372134240
77 36 501330153
1875 1113 647391596
1606 1082 997614332
732 312 27816836
1602 1619 944666189
1061 77 482740105
1880 340 59534416
1382 912 790860189
789 761 276377375
176 616 880367362
276 1327 362263546
408 946 94998324
1935 1764 791643135
153 1312 46455108
69 878 8205610
921 660 163788663
77 665 674773390
1003 45 781489950
58 1382 322206420
1269 1250 7995575
687 672 190478837
211 1053 1548869
917 1537 871106355
1724 1994 585777644
506 805 38239837
1684 895 11831503
1246 236 447434051
50 1326 895384109
1817 838 16110710
834 1706 122799802
766 203 920215620
1614 1607 146369595
374 569 91542002
1065 422 460818789
151 130 281562939
653 367 209497078
595 1910 896965641
102 1567 710356243
537 1949 656256114
271 1348 472544740
1142 1303 305307381
315 1303 166994029
796 631 852464885
1670 490 416563887
1622 333 52320118
1438 850 574252543
1995 1412 614029334
460 87 681736357
610 732 848909901
792 1578 8055224
68 841 34888936
332 518 359889208
1048 492 950413763
1399 955 955464812
843 1680 20791237
1094 167 302198397
32 488 100804897
670 774 178674515
695 1991 535731146
734 508 359401647
896 736 228685879
1683 929 183205258
242 1776 453251672
1547 476 815562156
1911 1433 748569303
1838 451 323448207
1275 1089 76983955
1002 1521 575291509
245 970 236430425
494 505 512970439
117 1363 496179429
362 1580 577334960
639 1871 857244440
1973 1558 309551354
1991 37 85940345
1823 158 665534504
686 1688 545294833
1417 877 309490643
1580 216 842114754
562 1374 654653513
31 1481 411466697
419 487 327171171
1715 1746 795561716
1773 1575 180833702
1170 522 607229701
1250 594 326540957
1870 1182 506966408
818 537 599004021
1037 453 678974225
375 1869 842161881
261 1880 574976442
931 246 780413200
1208 1757 559299548
25 1567 185316692
1666 68 225346828
1865 709 694368628
1712 1475 15352153
1552 1968 811674540
1284 358 356676291
224 929 37320387
663 1665 176960254
364 1852 64473702
958 1480 813194087
1655 504 614552515
1681 1938 669596998
1229 1877 931615337
1703 1497 115055685
1698 1998 95851359
1734 1254 384262960
1882 448 767914114
1194 379 825787119
1321 1609 933912100
52 288 294615488
45 532 147078881
150 1202 114001080
1545 1125 67148227
1516 570 764090748
1171 1345 972768921
1213 506 510466106
128 1583 374878867
146 685 899617262
863 1829 457748770
119 432 6865619
1203 1916 802050318
1232 1435 100911910
1989 1030 886921688
974 1269 759385633
586 1154 171072849
130 1880 803228470
161 573 575683451
849 1025 757098891
96 1820 433683615
73 1418 6245814
1152 391 464736687
659 1387 324882362
982 520 19695325
42 239 848728385
532 773 25454715
1403 836 33647642
1567 154 740508693
830 1462 51514612
1250 75 96869836
1924 1083 919973980
307 1272 297289717
130 322 651835380
725 306 359810289
1517 1400 15930357
367 590 98975566
934 748 245566694
1002 440 678578719
1752 148 875719069
1377 1914 749749144
1168 1199 110976375
1108 1228 259550189
1197 1917 609499859
1694 1727 993891435
72 492 430274004
1144 437 119697110
1542 485 947010902
733 740 560233221
1004 215 212752944
896 219 191771324
498 1554 546017964
75 115 823755721
892 1638 938219587
682 506 182453858
1668 861 117650333
1000 221 302019516
476 1238 984628936
1608 740 362227439
1155 1892 41467318
791 691 853545992
1351 1048 250647292
1776 286 107168111
1482 1882 258098889
176 1868 448740220
392 302 415265316
683 976 78671956
1384 613 600994921
911 1796 20020232
1937 864 802436357
1912 791 7027439
1855 685 783428465
1491 1545 769684546
150 1212 587339116
1688 1172 703086841
503 1985 824640380
1522 1054 999502566
737 1695 935346086
1921 845 231234063
938 723 458689131
18 1610 102715472
1870 1663 155394566
1022 1513 310058288
791 393 64957925
1120 999 45800450
318 276 113023076
587 1094 465208895
466 1405 351498448
316 1894 44506658
1830 1032 888498075
795 532 934169477
672 187 232285915
456 1448 615342843
1359 1980 168983816
1812 1337 240992045
77 1544 342441974
750 1828 313393785
342 1284 885868048
1632 718 490499272
648 615 452565462
1641 678 57843119
1132 615 111785881
1324 1375 889930441
1347 1380 78088564
1944 316 259611219
388 1266 824333197
1114 476 22440969
1590 1787 725453965
1345 1801 683560511
1450 1541 192911964
353 444 905660226
1419 272 186030369
762 1396 113078000
1496 611 173896825
585 1335 506939029
1377 1463 24103158
800 23 11577608
17 324 597072346
34 74 339114246
1036 1802 965218068
626 851 51478478
201 611 592875386
1404 821 512340477
1969 25 658469192
1700 1961 132553387
232 1682 362703577
142 829 866668229
1468 1571 306525092
1567 1120 742753453
1693 1876 995848057
1490 172 561213455
524 976 522803707
1949 260 661214213
455 272 629295712
54 1054 890410350
1427 1513 940337000
960 1939 560598922
1899 579 948926363
682 1845 673133274
1241 972 311119814
1514 1296 542082102
1331 604 295833527
102 340 195697711
1736 1786 799370039
1684 1426 684670119
187 1888 737441607
1075 661 432566445
1807 1515 322461599
9 1668 559416477
1428 1734 678058084
1423 278 51655288
1746 1671 971457064
1674 1540 463432832
899 1769 761476646
652 1589 941591064
1686 1228 856272062
1018 1414 438008025
1313 1547 166547502
655 729 426478072
583 1549 505177490
1570 1041 219563990
1195 1007 898651677
323 299 625231848
1508 479 837498521
1228 1230 205276361
1634 716 327117596
1718 1063 792831645
799 412 67184396
1897 1902 645155752
1402 702 309098837
1529 1021 36795182
960 1042 802255591
1453 787 292260492
1020 1030 263411062
1202 420 227892375
1969 675 42900077
1568 1332 426984756
550 1832 388805170
1723 1956 515786040
497 1893 817799585
1149 1676 896240769
1912 1146 717265346
578 1274 71526484
1044 721 161621452
325 1210 84593145
326 154 131939678
1497 1334 992948116
1263 102 288060155
1595 112 80713542
763 886 284178631
1254 1038 436231812
830 1445 71855488
1223 1045 890197431
34 595 526417854
1282 298 500762643
1168 1572 201295214
1525 725 286217660
765 1449 955997580
524 519 307735062
1672 590 81883168
213 926 411802220
1217 964 326851195
1253 950 421430980
987 15 345589681
1163 195 577661696
998 930 41121113
1620 509 760097336
935 1290 587086979
1246 955 433469527
281 1370 744489210
145 1891 554201588
776 437 556575930
1515 1153 565052018
555 1873 707483060
1820 422 351278682
290 298 990678976
1138 676 202973688
145 436 810300130
277 567 658713140
1565 534 785022913
117 310 798631345
213 83 903050852
1171 1146 485628971
834 443 213871918
1006 1614 384849421
1890 1314 32658460
1264 1785 522419793
865 384 492531772
1720 968 279082652
1065 1193 897923440
857 1264 219452313
1324 542 238763620
851 146 980497301
224 611 202843853
112 1488 61090140
1067 1794 161772515
1187 1183 115413330
16 801 500649248
1388 29 918760148
1288 1808 470893369
1343 646 18650064
1060 678 494950237
918 1698 124207779
451 748 101491372
692 914 772937778
495 1610 862676474
1100 1115 359573579
61 1153 102486469
1457 66 770412605
405 921 386744947
719 1784 857429429
383 812 809591503
1226 472 140866523
399 1619 579015877
1735 1279 90479788
1010 96 359748701
456 363 407572122
361 1612 497094389
1004 24 803313249
534 1602 515919043
1766 1335 485190443
741 1963 51255945
300 1248 238655207
1197 732 308627353
1843 1978 397441766
1816 813 506298892
938 1225 558842550
1327 92 250048829
1221 136 696532291
1898 1521 587504780
635 502 609250347
902 1235 217400400
738 550 570777440
1400 332 109173533
1769 818 728375556
450 1897 646586679
390 16 357997952
931 1301 470306901
450 1128 48830950
1828 1814 509626265
1314 484 927342216
465 1624 819924431
40 570 138947544
1237 1593 192889830
1385 694 992700290
1257 1061 794625963
336 1596 398098376
1326 1827 716667596
1860 13 30913820
1785 655 73040907
1286 1048 235507715
655 538 297213121
381 1043 279651112
641 1359 240466582
1973 825 2060735
874 952 545935742
278 279 782332444
871 49 290491382
1281 1555 148803219
1271 715 830970752
1649 12 743342737
1700 1236 173373276
1232 1400 957917179
1568 1509 718250887
167 1641 256991942
1860 973 129935352
1514 785 90681559
5 652 902079001
547 249 84607004
344 66 744437892
638 381 35294443
583 345 445988095
1750 1355 478051482
1844 1665 847476408
1486 1931 716843614
1919 1947 397480132
1539 1953 608335976
1827 425 958413013
1488 1217 219295037
1494 1716 418281531
1458 1011 663959381
337 1165 692800797
494 1287 79793399
1276 1576 788575736
1119 347 258619988
350 1590 921399639
1701 1019 515340769
1796 67 721326547
1114 1096 33951993
895 1952 977225293
1447 1308 138976434
1844 241 903881323
279 669 46632190
367 409 498764112
235 545 722679302
1319 101 643649183
1278 1137 465675714
488 1128 26352049
825 737 713631197
1132 453 914492692
1690 95 86061511
1004 1330 825178183
1169 1819 124031258
1799 827 924088756
1212 1014 858103857
1041 549 280436462
755 1405 288386310
61 980 254453547
1766 1064 168120396
206 511 552699907
1190 1103 996154573
75 115 966805098
370 1468 379388165
593 1733 509754859
1988 359 375587582
526 797 573312038
1564 1470 797338221
1707 831 918559372
202 1764 120408846
9 1403 89359449
673 1469 419644732
1472 648 914644689
987 103 910895315
1732 477 836718014
424 1834 176306762
1833 529 140395560
1404 1779 30049803
1834 420 737951062
1928 1437 363739669
612 1885 783716357
759 1554 321233876
1320 229 246561255
635 1873 274088512
1025 1732 926427486
874 432 783572020
1587 459 735268729
52 1541 576624399
149 1090 4024367
1862 464 624635281
336 132 226274010
324 1115 926060270
1321 1799 986149622
979 677 97232951
1548 64 495694618
725 1147 28539370
1561 7 603591222
1625 712 383680471
1972 119 898649358
1458 1439 196895541
1000 634 982757366
534 1430 970158340
491 1666 273155790
1339 1398 690578597
936 475 377102656
1901 353 920146103
537 1135 481438521
1251 243 923285043
1092 714 338711461
1395 1789 785267146
745 1888 966426478
1715 493 487213438
1209 140 576144566
451 34 415929470
56 379 387227218
631 1183 339566407
1862 40 188360074
905 94 261598711
1115 745 39626767
1518 504 216758516
66 730 976857661
440 1874 717957565
1495 89 996483473
1245 202 915117071
516 1442 593503085
1990 1139 111967547
1001 908 212295690
1690 109 94256070
1514 1764 127788989
604 1592 996038466
878 1784 347892845
1491 1115 127434859
181 375 643465043
1817 1488 406601093
825 504 969693428
886 899 114130676
457 280 860325212
878 1516 253392924
1874 840 205980316
968 793 4825723
1616 1990 965430150
17 879 967459075
1828 379 778332838
193 194 855524285
1910 630 93929347
957 51 574243739
636 1639 456805910
77 762 489320604
1116 431 972424842
1374 981 731609125
911 630 776052533
1435 96 287729566
1191 348 641475799
615 181 339281740
1219 1989 175193361
175 678 241846638
399 287 78488872
174 905 261561754
1378 1206 397613818
1153 1316 575426648
1395 1307 867068992
1005 1865 473451775
44 784 20622341
1950 932 595209680
1074 599 651493990
705 1379 287794256
1732 107 359675530
1588 1813 588919786
418 95 343632612
317 934 661025476
224 1703 157235624
1144 1930 916814561
1115 52 966093707
1973 873 629216631
1787 1428 138874558
1426 1963 4570770
347 1722 953703468
1525 1396 593780457
37 1226 91657970
1917 1073 413967359
1329 391 271279646
1978 851 293670526
60 474 485134300
303 372 984847801
1341 437 103763320
1149 898 729879703
41 1804 367834446
1387 923 173691534
1447 654 887843719
243 424 300237902
714 587 852201855
1633 1844 646925036
1679 845 79796666
1679 1599 536704125
949 867 98032169
1330 1104 443632377
1532 208 740850845
1654 746 556164429
1953 756 322842507
1366 1235 392919233
1449 1370 767668482
1470 1394 829202060
204 802 208771560
549 343 145926581
52 1440 601446780
1093 47 325226796
1063 388 29734152
925 1304 812345384
113 1100 837700069
1594 1186 263022786
1910 439 37847988
1857 1879 119047378
311 700 472207578
1680 652 55174921
658 331 274819900
486 169 583347792
1151 1457 752445243
256 1798 447553375
1033 1843 495022322
790 1223 913842848
1946 403 108256686
1798 1129 886143557
1115 998 219315630
63 270 867871399
362 1162 687320092
1857 1942 308311265
397 1458 899577674
659 1502 746485677
1766 725 527698224
1029 1773 46085757
696 246 99307045
1880 349 379218141
1881 37 925446621
1675 23 892443143
1576 758 753170595
1399 771 860898503
1906 592 554140887
461 1423 213493137
943 73 31183017
1615 1374 925258976
1587 464 516192278
1933 243 731674577
1378 236 840461091
1601 1261 924285695
643 708 442262105
477 1413 27632545
665 1102 816544640
1587 503 328408289
1774 1004 637103775
1030 1502 532415869
961 148 329087282
336 531 95115684
1442 1583 567979437
1219 1303 188979466
1740 676 895253297
1124 896 116155724
130 1014 695028621
1605 1153 96096907
669 140 132483959
930 1692 418030147
69 1168 643916555
511 1628 412003948
1663 715 708314756
768 591 146237139
22 638 130827577
1449 1458 272215225
925 740 567832281
1608 927 744637612
1076 1367 966894314
1216 1275 640439973
664 640 945501311
55 1275 444486243
913 1139 77520952
802 88 910728710
1159 779 309009535
1055 660 423324399
1124 1362 338658816
36 299 136918
976 1652 760850537
551 1101 125333292
729 1156 575557986
1070 314 225332914
1810 431 486498255
