2000 3000
1 1927 521251226
1927 1165 732584525
1 1300 91259
1165 629 392201682
1165 907 8727538
907 1549 808083555
907 433 795036182
1927 695 322198644
629 963 336690266
1 665 93956873
1927 1347 937010625
695 597 805580928
665 701 106980632
629 1413 49131873
433 812 827869288
701 1416 821851028
433 1390 567915296
433 1336 345389055
695 1697 41889218
701 1452 435097325
433 772 499800386
1390 744 807828530
1413 340 864456741
1300 1519 291905568
1416 1536 21016928
1697 196 836843317
772 803 645704600
1413 1689 688370287
1452 1558 782149379
1390 508 518031665
433 1627 367476741
1927 929 858871988
1927 173 732659543
629 548 634469930
1347 1816 438894674
907 1066 800006035
173 1488 811359911
772 1841 16434996
803 159 794001337
1452 1733 42175581
1300 401 830761854
1416 1940 521499601
701 1586 309545754
1 1887 562921309
629 813 965487617
1300 115 407456933
1347 1611 135077212
907 909 196707894
963 187 369379850
1300 304 106924515
173 1186 988311086
433 1820 790925578
1452 1247 797797756
1165 338 875790968
1611 1729 23549278
173 879 33329324
187 595 461324924
744 136 649547924
812 511 538090121
1733 1243 951887459
1336 148 831928630
173 894 348998276
433 658 96313150
894 81 261525807
1733 485 391080182
744 170 13066257
401 936 738025596
196 1909 809911054
1066 1355 278482089
963 1412 113526625
1519 1728 611073608
744 683 347626990
1887 1251 980831679
511 911 758861107
511 385 856445020
683 1081 626149828
508 993 263544548
1081 1078 141782936
1733 1708 587429781
1909 496 95500617
1708 883 238572096
1452 1228 502876062
1536 997 591621060
1251 295 84694325
1243 626 95988363
695 1951 606550381
1841 852 204633378
81 1288 702695296
508 975 535299997
1627 90 904360539
148 1256 18504602
1347 1131 320755387
665 1584 447653894
1927 322 971862020
1243 370 334051802
173 699 230063532
911 1459 202477312
695 316 129915520
511 342 954663072
1251 399 396128069
485 1509 197593611
508 928 228557649
883 1451 773522602
975 754 244072691
1336 1466 903911307
342 770 154887455
963 1317 453084940
1558 793 88107586
401 1553 535865371
852 1642 289956821
963 1175 95963349
1488 870 570775627
813 1471 82905747
629 740 967815459
1927 1242 60915868
793 848 177282569
1927 1033 94730607
1627 777 539456934
597 1096 427499767
665 109 785865110
1488 1635 616585494
695 625 387614026
683 247 828836473
793 1923 84441205
1347 945 864530974
1416 684 495290403
1708 78 334064221
929 1563 739012036
196 1852 556350609
548 1566 542264920
772 787 777290142
1175 1192 78135452
385 240 881540046
1451 743 740110009
665 1542 594760075
1175 1114 947998273
993 1861 712523282
1247 794 824987648
1542 1603 393960856
1553 1206 772706471
883 292 147034136
1927 246 381970692
848 697 156021122
247 1555 648647200
993 1362 860579019
997 1399 605840829
1549 257 360513626
1940 1778 43206048
813 902 675970924
1852 1868 612331305
1841 1925 269173741
658 1260 349061323
848 1601 688613526
1412 431 331698235
848 1952 699612334
257 174 103182331
342 397 927440783
1549 191 140435559
928 1462 76058905
1729 1995 894849886
431 361 763602521
1611 490 403609731
304 976 109216895
304 427 894185878
1940 1826 872964300
911 829 634233781
1243 1189 603811912
496 824 401539468
1131 1006 5330236
1471 151 697320166
508 142 687426154
870 922 71062298
1189 368 641824028
1995 1133 169310704
1189 681 634277818
196 1072 492330606
368 518 655329435
1553 598 776216114
246 1690 391491316
90 917 697257498
993 1143 590849041
397 680 864518770
1566 590 34231157
1143 1636 512190847
1728 140 152720786
1242 128 461467343
1509 1139 753576390
90 884 249330920
1288 31 8655279
1778 1108 701725674
777 1912 479501918
1096 1470 400769428
490 473 85748377
1542 430 860528336
879 1706 949392868
401 1776 376117952
173 1546 502628055
316 1504 5348280
975 1570 389641867
1462 14 919053974
246 1945 736072211
1636 1087 617811626
909 1805 140595283
975 1916 5067626
917 689 306685341
1868 351 665825954
1952 671 239154565
1452 52 418164726
1805 494 949495397
1586 546 8547951
917 1064 145581791
1416 335 253786416
1362 1155 185605955
338 1120 871137190
1733 1444 912803264
1627 1843 334707634
433 1352 773168678
812 614 644572791
1206 44 511462110
109 1694 579477556
590 934 744772726
1 1014 610165639
907 1961 627001126
240 274 300054436
1555 1534 984040618
342 1058 124876523
997 74 741354956
322 1745 623355144
136 944 151890560
401 1956 467410770
1066 1297 790310391
945 814 38683119
370 1238 525180071
813 1806 149124087
1563 1083 788547373
508 1049 102569520
136 878 178401981
848 1790 371353003
1627 1172 458991269
1636 1526 59159185
1843 1782 183466031
680 1386 646926532
148 1851 628317214
1868 802 488393800
1317 1700 445752424
848 1332 41922006
1131 62 337088855
1462 1208 905672441
1566 1396 74356405
929 1979 878190994
829 799 389502453
1452 1215 376929451
1096 685 794242217
257 1310 975767367
1228 1695 533292659
803 1819 919683521
1979 337 100959646
1072 747 189500679
699 585 475952093
945 127 58161868
1912 703 298342208
976 486 251615607
1916 1727 729894946
1806 705 87253826
1288 413 973046570
486 759 484997280
62 1102 494618368
812 542 138371498
295 425 11160613
337 1455 550321984
1058 970 247930143
1452 1097 5283196
1695 1286 807622025
894 32 305876751
585 849 567241
944 1966 69170033
1966 56 711468234
1297 1823 732000915
548 1573 701178852
1945 252 644697722
1066 565 114916382
338 1811 678523185
1534 470 16798266
140 554 97225087
1072 1554 378423397
1841 225 459093198
1455 746 112221062
1909 1564 772636470
1563 84 819988735
1554 1349 812164853
680 1638 361248573
902 1548 310204839
1189 407 792491334
829 1594 174015293
1868 830 981599289
1033 819 116298782
304 1618 260596774
1243 1537 292329051
1690 709 650474531
1852 1565 788137076
1638 501 445735341
1519 374 607954980
1868 1567 9003908
701 9 245143175
1811 977 794912339
1120 250 51329591
598 769 973019220
485 493 728305620
963 410 934881080
148 449 916484712
879 249 200802990
1014 572 762610459
44 712 74094109
1805 1740 69827070
351 1281 2461961
883 455 982846850
1083 1035 35953446
970 734 120295408
1554 1420 34015836
1805 1036 981421669
824 550 814559516
1186 1954 2611437
1811 1429 40216964
368 1999 870016539
709 1962 820655499
546 1929 811083403
1049 110 595441029
1058 1821 131902359
115 314 580670188
518 1168 840056132
802 1750 955137606
712 896 520503445
595 521 781406565
1566 331 106928068
370 256 833064355
331 714 964339606
136 1477 321936594
684 1840 653213537
1396 717 276113377
1642 527 464087173
142 1643 560493322
848 1116 5315566
1072 55 969096120
1555 1137 34029037
1247 94 62784970
1966 1275 461913663
683 1731 985415020
1137 1875 310533804
1689 1360 694359890
1868 1077 772031373
1360 568 361040616
701 276 756263896
1175 549 663312668
1336 616 569212094
470 183 418727648
1778 1334 778921358
90 1833 511868906
1058 1681 129543578
331 847 759570194
1 396 463366304
1564 1846 551381036
1247 171 44383055
1509 92 722886031
399 238 158209263
1731 1480 8679500
1083 1434 221452183
1819 927 84313508
878 1086 893808848
712 1785 930457934
1349 30 901214539
734 1530 238775600
1336 1757 1576407
314 1889 812006883
717 1090 700809168
1172 226 675591192
1681 876 750099637
1778 367 857427514
681 836 662006659
616 205 213405533
368 306 616834173
31 1506 150285572
173 1169 630686922
928 474 792097568
1923 221 121279646
1956 1978 207447207
1546 49 96646729
1962 1219 76507593
1434 1641 290346864
1966 85 49096090
399 1421 767435110
322 1313 798314303
1843 121 233795974
909 1862 962701235
1452 1734 98362019
1429 562 226626801
368 925 52001636
819 888 914384853
474 1497 914170002
1081 1774 515261952
769 800 619906397
14 1818 77472850
1452 1663 37371136
1706 1236 492834332
340 1363 238046109
1066 394 245996590
374 1683 205943816
1923 58 667368219
1643 1986 31475087
572 1939 978345430
340 454 254371044
703 406 506408286
1310 1207 27434194
1116 578 533223726
425 1837 288634483
249 1500 439254224
368 1517 268781293
1782 1540 278036013
814 134 78007749
370 901 290864995
1962 45 501587049
1695 1147 519069052
1363 752 630169543
1733 1388 137637805
1243 954 980305936
734 1227 731398115
888 154 23249347
1096 138 645229441
894 348 98138638
496 1319 916153133
9 1401 29060919
976 1124 749422967
1823 344 121795243
1412 962 118920758
936 1112 980894897
907 1177 195391104
1805 952 839803342
1006 267 280586121
1638 1604 149187727
744 1795 25832662
1509 286 652357140
127 971 410458755
975 1672 387806381
1175 1182 781730502
1506 727 499552062
1819 1463 910249503
1497 918 93222916
1641 1503 650220542
997 707 759256446
743 535 172647849
1399 640 764049121
1790 1138 454061823
752 615 467508338
1317 630 3553093
1909 1353 998485583
1207 324 484785867
1219 1121 72437659
1733 519 744589463
1006 376 638797876
449 1735 525487993
1695 816 62734946
1390 1458 925060687
58 1180 122326232
367 1710 923355377
246 1485 569970961
550 637 531718036
1986 1270 782793269
170 1902 772226396
1868 1105 442147832
1776 1264 125363186
295 1937 269372483
410 273 986717844
81 307 533204375
572 1117 109875442
361 1989 733955419
1567 1583 890061191
1336 1661 433161518
410 1714 845182568
1120 1712 112782122
1462 536 753077754
701 1747 648566641
1818 1808 749543621
521 1899 616723313
427 1891 954829885
1112 882 208159853
927 558 962882944
1236 326 683365478
340 4 555710648
743 644 464172120
508 1921 967327427
1466 76 360868050
894 428 891002460
396 48 243482231
1823 1195 978586138
1735 1345 502752639
770 624 309871618
1131 11 672939415
1192 1707 234192929
449 1679 830906787
1189 285 55035994
173 18 991968176
819 1418 94299635
1121 1031 761425705
665 677 669541891
962 919 266093304
909 245 131821582
787 1136 828728876
1710 1741 57630371
554 395 551064081
747 1290 597973112
847 1854 308164528
1108 1901 671164099
1707 93 656107600
793 1998 760577035
1909 1283 672809450
1186 1591 993893204
121 729 734309941
1861 1068 369270370
1466 300 107628889
830 1770 305303048
1611 439 169351173
1663 165 66367738
1219 1789 582637649
794 1052 976514540
630 179 688197929
1570 1369 163274635
1594 293 388368923
802 561 17727636
1565 1005 837573137
1820 1949 134982726
1700 1394 559500653
1534 691 209670799
1594 1445 84682074
240 216 796236632
772 1339 887245661
1086 1730 238065242
490 789 894916810
901 873 128352424
85 1900 303982208
425 955 534221858
226 663 384519141
1136 1748 166936871
62 1122 565202626
174 421 365276983
1679 1721 323767627
292 279 154444632
558 1023 103583828
1566 1749 348653815
249 141 775379413
128 177 888972508
1182 1711 368603321
901 639 379483063
1471 147 93737469
370 1061 85795720
1297 921 92855360
56 1830 35434994
1108 1803 980297197
221 720 423300619
521 764 661154302
1504 1449 402159662
1339 386 69573673
1900 593 986491952
729 1732 599210356
449 63 14778032
1727 453 855069053
934 1551 94777124
1846 623 96762091
274 1593 115126165
1083 957 647842080
31 1600 719811238
1503 266 518737897
1611 1630 701663212
115 1720 482245590
830 1490 632948595
401 661 591400215
1120 638 450578243
1072 1328 542347580
1638 1370 26503042
1186 484 67941219
629 1849 53233957
1049 206 713905844
1875 1904 827982135
56 1069 90581899
814 660 826950189
1068 652 555372885
894 1836 273781196
1243 280 372841396
1396 1620 338578822
1820 1876 421740048
470 1422 884168765
1795 893 120494760
812 826 776621575
1902 1933 481120193
115 1874 123422479
1891 774 931625124
746 1356 830212092
928 1972 568817874
338 1411 616039776
58 95 812596336
1452 1038 285360558
30 530 169035278
159 289 756395276
304 791 131764801
56 1489 666004330
1901 898 25120308
1227 543 357966983
148 801 456664268
720 149 747463569
304 167 593338784
1049 1797 311133404
1186 1753 253105482
1452 1430 131357825
240 984 630611656
1058 1020 240738577
1782 1464 132410829
394 1183 294339228
1036 357 684594094
1854 1781 726614844
396 1450 755907537
1347 1948 380655922
1875 1382 915185939
439 953 558265373
1488 1968 65693276
1854 1550 156646188
1968 1062 828011087
1186 600 447748756
1466 1838 762674675
707 1742 90809014
1939 628 890003990
1782 1000 208804195
1421 1220 247570931
707 1326 959807277
1208 1194 140206432
1954 1905 604790403
1732 1221 769550939
1444 61 630942282
138 1011 96742307
1861 122 220010375
427 1494 108163290
1956 1746 113734464
1352 678 853962529
9 1977 391119004
876 1850 117611181
1921 1255 731293549
816 100 731868499
368 949 502677891
306 1034 200870
1023 583 302345202
1116 1665 72710348
759 1831 5578647
1319 1380 683031125
1695 1513 276969492
1137 1737 407831175
800 1202 114217540
1058 815 469310997
1979 833 31495092
1313 1210 780818016
316 853 841326329
1584 1739 888561642
1750 1825 921518875
1429 867 893808914
1038 133 272927951
84 711 479418943
1739 645 218780353
896 1229 821844287
1264 169 623862135
813 1895 603301750
530 1936 212881506
1642 1662 263353025
770 1675 664749003
1006 775 469197656
794 1772 682706128
1131 1299 860269283
58 164 89894039
148 1443 699942231
1939 1351 908878195
1072 176 132680203
1464 1822 124794593
1023 465 878742067
1466 1814 569330007
1319 1637 349131644
56 986 476472658
455 1521 965692162
1940 1705 575542286
1036 233 931418068
1351 1119 111562038
743 698 769821518
1978 373 538547901
1219 382 638526920
764 1240 473579661
348 906 300973273
1434 741 424372674
888 1556 100123199
1948 914 405516008
92 1054 936923476
326 569 87329878
279 160 172065404
285 1145 672864380
1695 842 862720683
4 1994 538850324
1929 920 89077851
1940 1373 525273111
944 1657 542456225
625 1092 413087119
14 1736 895529826
741 1698 30136315
1831 757 472009491
1434 756 847397679
593 1560 705648236
1105 1103 384440398
852 1123 253668927
316 588 47422302
1732 1610 19170075
717 1377 249587284
1929 1277 202797637
829 27 431979172
626 908 17309427
1105 1799 908548060
1905 278 280266752
1011 1312 245581707
1208 345 302075615
775 899 280644174
1820 675 827600944
170 202 22791472
1497 315 380966830
1731 1093 853745010
1096 881 596010029
1183 1089 280048466
49 1341 674721505
433 1722 761694179
830 885 432422464
644 841 336289433
1215 531 908555400
920 715 430572224
247 1674 404917238
81 1461 958486093
640 985 69162568
683 1893 220542773
1207 989 572824341
1299 412 893918612
896 935 10662358
1861 327 641899736
1994 1942 817271353
1722 1245 137388764
597 721 331264944
1347 204 30443189
1242 1398 89085315
1260 956 44274821
1923 809 691808020
307 303 653276974
658 158 227973843
204 1101 29997137
1986 1726 866262295
1797 1188 865562239
76 352 140725487
1712 1574 808466237
1020 1717 945642553
1808 243 714301381
928 468 157115444
399 591 428433499
971 1988 899199474
55 1428 282532261
303 3 980554106
1593 106 713626132
1584 1561 51293011
1072 79 574448817
819 748 188119360
1068 1858 110203716
748 547 872175115
204 942 239760188
1594 499 128939566
326 528 137849144
95 1126 149718838
1497 1864 452943966
1434 784 424416554
1851 1311 343387836
1194 1109 433609009
1369 1832 532287997
1172 452 850552780
1933 804 677862692
427 861 964118365
975 950 30881168
746 268 80621757
454 831 818692309
829 1486 281313725
452 1498 640580179
549 1071 151892430
79 1323 620702483
789 560 251813920
901 1532 595890190
1776 1881 887451121
1386 47 109294050
1826 504 565223385
1540 937 951999194
307 495 415987389
1876 7 318928282
344 969 329136268
1145 863 123435651
568 1511 637893698
1168 239 147924865
550 441 751269381
1220 1903 845787287
1229 855 676101900
1260 1001 727869608
1188 1848 393299795
1288 1252 225134893
338 632 406216808
824 751 384729409
1912 1201 356732663
595 654 558457067
1380 1520 93303307
691 424 336962728
1904 1676 287208432
1820 1996 853297451
1490 1135 760290362
1038 1518 550482627
249 1648 190917231
1690 1037 81686589
1729 1645 371007789
1811 1376 655653808
683 1425 174938234
1455 111 310718639
191 2 128268915
1334 806 770537230
1086 1056 189674025
1887 1773 994988664
698 192 576206863
1326 1552 198137640
315 573 847847538
196 1261 102684933
1940 765 513561577
1480 390 38838415
801 716 738351831
1083 522 22893079
495 1008 430522714
1611 651 346906273
147 69 951924665
639 731 912998380
1418 1190 566238011
1477 456 89140428
1270 1075 1951745
1443 168 611992970
1820 1691 601454251
1861 827 444487757
452 837 252409526
1131 126 814240513
578 674 638915984
598 1091 83895377
1001 636 882341875
1195 1321 648286890
252 1149 198553376
173 1118 853519866
1221 89 308324981
1195 510 60482164
30 1547 979466176
1194 1371 309293860
1175 979 955144628
160 82 130526497
1312 113 822234224
1215 1930 782808241
1323 72 815699124
1593 1046 327634610
1936 1019 65685432
390 755 932612644
1586 980 752254091
452 700 47484540
1850 480 597926705
49 1508 109088254
1986 283 69553039
616 647 686981129
1122 363 916937621
76 1438 704210419
759 672 60637137
1462 750 766644041
1288 1792 157836866
1665 532 640291999
72 1804 743543610
787 1608 1524175
1773 1475 181815058
804 1523 110000638
136 1786 378566953
1466 1407 251697544
1503 556 309107675
314 1860 140542344
1286 1128 30574653
81 1344 32529677
367 923 934829775
532 782 168849907
1470 384 871124498
154 912 780839425
456 612 431975956
493 1385 226899500
14 481 398132663
547 1289 31156824
1901 1016 749175369
89 1572 844195463
274 551 38955363
1219 1448 41450891
158 1446 394995318
1247 724 673077687
699 792 494031566
952 383 1774156
95 1433 826894798
1464 1888 705461684
1096 1802 319913551
1843 235 460275873
397 1479 947419766
399 1148 245640669
849 739 622476790
1851 1100 431573969
1105 188 653483695
1143 248 248812243
1255 1784 484857044
1905 20 613161715
368 36 217625129
1240 1483 410943262
1105 404 742143416
1727 15 264906059
1874 641 175526227
647 298 524703432
1757 253 964503441
1739 175 908853694
1726 420 866472848
597 161 993932326
250 808 54492506
1341 302 732258896
357 1533 823734976
1459 380 345782969
1147 634 639862420
1471 1042 657425143
1463 1967 27241902
164 254 545693194
202 269 143242759
1540 1267 80759561
1109 1204 991783884
1277 1682 520530232
386 1950 729431821
923 1346 246436347
1937 967 455699048
759 1813 16465941
711 633 468990258
1572 998 701115948
1707 1580 311392639
1188 1440 299405023
326 1492 974261856
1832 443 76153988
1586 80 266101158
331 1659 572799408
1852 708 808233758
289 1599 381893133
896 1617 863666051
1950 34 338659368
1046 1906 93225545
1369 1152 419858876
1093 498 824654243
1952 228 286662438
9 1196 568985709
1814 1436 158562161
1061 559 770210136
465 1771 827669841
1905 1295 350421304
1255 223 733047878
410 440 512653253
76 1472 528875790
830 150 45137987
921 1150 552866398
1620 1650 999834018
1989 1922 858936914
510 974 986409378
1676 400 696619245
1936 1963 62289982
1830 97 34438252
128 1278 126587507
1937 360 641616196
1436 664 949925233
628 1907 664247806
113 1253 929709899
707 1460 633687936
1398 811 748971398
852 272 843808754
272 1626 90574531
942 779 978031562
714 1622 708264917
226 1151 832507297
873 817 240285808
3 10 504261059
803 620 220107887
1455 86 370579895
268 1525 803962117
817 1863 610994827
1270 1437 191043993
1967 1113 122654462
1102 710 639648102
1096 872 546058782
1635 1809 330369750
136 288 803841275
1332 244 902406785
1785 1919 271003926
1523 1301 95965186
727 832 202591565
521 105 384967571
595 434 680867234
407 13 961238187
174 608 920285796
1661 964 745372126
148 1200 934550122
361 417 919641798
1464 1545 117704518
496 323 270612608
1443 818 934772550
453 1134 117013548
1854 1216 643407751
809 1687 790788760
921 1941 71208953
922 284 375297488
15 163 795612714
1509 60 473533545
710 516 516007044
899 471 563493792
1977 64 553555977
680 1692 412506693
616 1911 322984862
855 200 224346525
1893 718 110647043
1277 1886 89166973
1083 1248 730477158
1823 602 694830649
918 212 207269212
1806 897 128593165
1311 444 743855968
1627 1914 985747700
809 586 415054215
1416 489 894974580
1238 1878 929975508
428 26 222914209
549 728 193422990
1805 1800 839013431
952 1856 846765299
159 1834 970807207
1386 704 731253137
1444 201 533891873
1904 1226 405319334
385 1755 6888694
754 1232 268669122
1626 1764 79119746
671 143 895513109
1100 566 512434408
547 21 806160053
1778 1616 174603763
751 735 292716442
52 1257 547240058
1864 915 411007191
30 491 43088407
115 1162 19298529
953 959 329009311
665 1176 420949216
1000 35 752952036
1638 1544 546134075
440 910 293289777
1321 843 148846210
1989 135 683555616
1297 1482 984050048
1388 1395 494035975
804 234 204636078
639 1160 31136393
1518 1146 766015287
841 1348 734819864
279 1718 810352842
954 1824 441482430
239 12 246511120
511 1629 913853582
363 181 88961873
741 325 187236927
1533 467 807231696
168 1130 358130723
915 1913 193753255
1463 460 146432474
861 1762 669936840
705 738 80369861
558 139 939880377
565 1857 840184031
314 1960 818953898
1353 371 23550137
1227 810 626685980
1194 1140 416108498
1661 1958 676505867
1105 537 5480910
1698 1957 31312463
985 666 290160787
957 1946 113095129
1714 1265 536766803
202 1431 910188974
1523 1306 720147105
1998 1029 840725050
1700 1491 237397366
928 871 804096438
1356 1870 99564790
10 1660 288910290
1355 965 584531144
827 1391 587019962
202 132 719680397
554 96 307794878
639 856 462848196
853 526 110792770
55 1007 775713252
1533 1030 200690670
1251 1254 58013994
848 1780 2755871
1886 8 435583828
1567 1309 11289944
1889 1796 150879554
841 1890 623261914
363 1592 782848702
412 520 592676168
936 1652 849100383
950 1807 602950062
1594 1531 124347015
1438 943 627783510
216 1680 253469890
1706 940 454129020
917 98 6341258
1580 1002 494680860
1899 297 19044990
20 1879 577062561
86 1166 122336929
1006 587 772359485
1261 1110 965560721
1349 1481 49887964
593 119 580495279
724 1318 133431542
268 822 113880801
698 1263 920388159
1443 1173 476261537
1416 667 629830592
1429 1769 485508273
661 1880 94868673
1101 610 149294683
1083 1607 370912077
1805 350 636793434
1661 22 593342166
1954 1827 44396953
1542 445 83088467
1540 1304 434002614
809 1505 137054911
486 242 838271273
1150 1623 18221952
1411 1987 283283884
323 230 462375870
728 24 177562651
212 1423 22097397
1939 1985 101790021
569 960 350121490
1101 162 756824722
521 877 289885028
526 1279 785851732
974 646 679567590
31 1316 727203054
1730 1303 598936929
1617 951 171916442
1952 125 32312337
161 311 872552502
1643 1693 112444872
1353 259 312298396
1563 1597 933147846
1769 1744 495795729
800 505 846030577
1785 702 74221397
1352 563 529354328
1968 1719 712814937
717 77 359095390
283 773 30880638
1895 129 632185380
1635 1624 620211529
1377 737 968756178
248 1018 574701078
1657 1456 858289073
1730 1106 274338801
1332 38 356666561
666 67 711153926
1277 1897 125872656
12 1067 83901970
1382 1975 182263588
300 1738 581254809
56 463 645050850
597 1581 657417738
221 1872 957153283
454 1285 451426834
1790 745 823137957
809 217 941508414
560 992 594756414
1857 1193 118123965
547 866 658417752
489 258 501765333
1985 617 473535933
1889 668 439185458
738 1132 794113795
62 533 770219123
1995 1701 424363936
971 1768 809455663
1774 23 229860373
23 1174 367090916
2 1964 38912875
390 305 499670423
1641 1495 135780159
1207 1249 735472817
350 545 81352916
953 1324 143304164
383 387 814108381
1495 1606 668050783
175 1935 180687719
1665 797 234112605
1385 601 53385608
660 366 61510955
843 346 45558862
1521 786 733308658
757 864 867672000
678 1894 149177608
1826 1487 816070355
809 450 638808044
1999 1203 609636364
129 758 664928961
1617 339 108568883
1317 619 997886513
528 393 665408871
1675 1366 565922820
246 1214 681521814
490 581 72331031
1232 336 499346938
443 890 180881345
1119 961 118506573
548 1947 134590961
1511 1383 378353231
1833 840 712190408
997 1364 439589449
1353 948 11617588
81 999 23284258
1428 1609 301177624
1718 605 667315866
22 1343 319036400
842 1057 874580676
775 1017 550081303
764 437 140415689
226 320 389705865
1999 1392 810167685
1785 1163 549194056
1318 1107 575828014
162 594 509127100
842 178 257587783
1069 1044 222509323
919 503 422057649
1978 788 35417477
32 1225 678278307
1232 606 944653422
637 577 898455960
615 1828 918236257
133 517 745434544
1483 114 482358892
1881 1447 751138884
601 1338 887443527
149 488 267467859
1925 1671 440499661
1800 1158 718174744
298 767 387986984
1479 1397 351676926
561 869 811738813
1764 349 824615383
149 222 559496473
1363 1621 507993517
504 1664 583549648
3 429 684300785
746 321 385172992
908 1065 739930023
1077 1514 819138101
545 59 773355028
1344 1993 771101148
1746 87 276187047
759 1178 919608211
1728 1426 287145868
1916 649 990622491
1001 1794 168586340
385 1129 233931571
1985 477 52862263
62 411 299529267
949 771 951012887
1862 124 962962473
234 185 812425386
1504 287 379022002
1989 186 534478169
1662 1678 926030745
989 398 37453920
1824 479 510957613
606 783 315512056
1681 1835 130222123
63 209 872945624
1697 1649 122890602
1580 1934 11282477
1251 1569 913786109
1951 416 640201395
1386 1435 244455744
1064 422 67200485
769 1048 572261631
572 195 245706343
1774 1541 750944507
1794 1562 409740321
357 343 412389541
508 1602 762082836
246 319 871132914
759 507 753093896
188 781 627378513
1383 780 647857184
1719 1419 102813896
1565 696 474023582
1683 1327 363744762
1018 1990 995515164
814 1384 815034285
286 596 56525922
1710 1141 811416021
178 492 849823804
1665 317 492462016
126 1405 976773244
549 290 19500937
551 1469 14423753
637 1457 228152641
819 1725 480354401
884 557 37174416
532 851 978025670
616 1669 605491560
1627 534 41463054
595 798 128151712
1096 1055 487143892
321 1595 572435447
1042 1703 383334605
897 194 372923027
737 686 18596780
1042 1354 12532944
1819 1974 907423414
1608 839 511203164
940 736 5136075
228 39 958793788
1131 506 731468031
1890 2000 350977004
951 796 330914910
793 145 863981838
1525 749 783316795
1792 251 894605891
485 982 546967164
920 834 221085440
67 263 77159948
1503 270 899646665
907 552 352727236
1985 857 764774355
1558 540 965369310
1219 880 412371034
383 101 937649681
974 487 801466172
366 1666 957574639
1373 1393 395318340
516 1211 67216456
87 1866 513162388
1313 418 346827020
1173 353 949120078
1176 131 628579389
1148 978 198843940
343 172 555684012
1180 1098 455239288
630 592 987670126
1549 611 952071611
106 1763 357676521
1100 1315 260856667
816 1634 383520299
437 1424 535711712
1182 120 321978929
1495 1844 831937707
273 768 878662836
853 1359 617358737
1746 1571 76655292
1397 1325 132780322
195 828 119937823
572 1704 3326858
1768 130 705801526
873 423 220752574
201 1639 529551426
1739 1696 111636679
516 688 651078367
997 218 586510678
235 193 870276017
773 57 247622886
1727 1596 898646756
342 1378 546718568
499 1314 411651637
1679 762 194515580
32 575 308964607
1098 432 164191652
1122 1883 844514508
1727 1104 462124925
1446 713 635142378
373 875 799958191
1081 29 155992293
1951 1631 127775783
1570 886 594636420
374 621 158760762
35 1231 647515963
769 182 812919282
605 1815 97089951
534 379 144211187
577 1515 668031061
387 312 542345424
1744 1625 572675747
1679 1070 614440950
596 939 405621519
1006 687 740298075
773 988 930681489
1444 603 652708544
684 210 207992080
1914 1918 617438265
634 1512 912886994
1345 1337 119371410
257 461 975463142
1541 1170 112816074
1261 1465 214203429
847 1197 297490622
1278 73 48369754
1876 1751 66537353
1481 46 917927618
504 1235 12549290
948 215 293225462
81 1298 745316200
1880 1873 250233848
1240 1812 487676393
737 207 267206252
1461 722 897997639
1934 858 266906279
1930 1655 141066254
1304 1522 609906200
235 1670 877435965
528 1673 815177755
1571 1350 647056050
188 372 550659940
314 659 5069093
361 1885 625832622
1107 403 153386366
1676 753 586248434
1231 1646 482552607
1565 1322 157177219
1448 409 470762328
1515 889 681385986
750 475 665473282
1109 1575 598803788
1669 241 292047652
407 1896 954364488
1551 208 529861366
1398 1507 312673936
1800 1653 175444458
585 1614 1976511
858 515 314996981
79 1501 262124303
1996 102 111832863
1902 570 987905978
1747 1931 242640886
880 555 25639637
1805 1045 381033553
1533 43 354836382
1977 618 278612370
1131 1004 809601225
847 1991 316125109
32 692 372052975
546 1559 526595004
450 1246 500853222
1431 760 472481093
31 198 232597298
937 1142 555706228
305 310 923773117
1498 991 323682472
1580 941 620985287
548 1010 218122706
1914 706 392522614
641 152 425368841
858 1268 630935032
923 472 165437359
688 1976 889603163
945 1842 297403623
81 1028 728384319
1370 613 89097545
762 1280 364776799
1463 1892 820544730
849 1153 545014748
1802 1287 490572658
1206 1539 300062536
1979 1159 426268880
663 1716 948024508
884 821 759777080
384 1920 494622986
1533 54 368160802
437 408 778127444
1923 931 43155270
923 1367 314066846
950 71 611283561
1277 1791 340357977
1511 790 637995383
1880 1167 181216046
1764 1938 753445711
1285 1305 498028052
1254 1184 58726084
38 1765 621175553
1038 1535 721045257
1479 1026 139580668
1571 1040 212937952
1559 1199 887583450
1196 795 507852957
495 447 721327769
1625 1111 248344387
613 50 211182426
92 146 358439389
1575 1855 362174292
302 1198 973703375
897 16 704251220
48 1060 419912440
115 1276 345920830
889 1082 342183799
150 446 236473197
614 1164 995632246
339 329 338594749
1860 438 115427265
177 1027 927482710
1312 1374 122704000
367 924 291075565
433 1628 452529665
547 1404 785034105
1652 981 568083271
864 1406 271805534
169 733 96981243
1753 778 216628332
1 1453 884024515
792 1685 743658790
1056 1859 281238578
111 1222 521488974
67 66 108170342
1551 523 8234426
1580 1171 93218711
18 502 657921118
1896 1024 85705096
64 1969 782411256
705 153 147866784
510 1015 540177572
1423 574 752979066
310 905 404579062
56 820 568087442
95 1223 144580352
1492 732 23708070
820 1499 108099742
841 334 29902293
240 1282 382361059
724 719 978156366
937 103 218851696
600 332 862290
225 1127 762211327
1162 1402 295002413
1352 1358 625373755
334 415 979533660
1363 694 777127580
1782 1578 987976038
335 1882 57955729
1110 514 755870369
1517 1928 720803191
1846 571 104817103
755 1053 939737449
678 1454 593577082
411 1932 710378409
1033 1924 480184674
348 1294 3373219
1267 1760 795032041
1358 1997 992478833
1207 513 76834498
1220 635 341927835
499 388 192389346
1102 457 534396752
491 860 287390930
134 1959 205991500
1665 1032 788827249
496 88 450194988
310 995 56597205
1135 1715 83143065
949 1302 225149654
1705 785 225795389
1060 313 232109252
945 1266 140883948
1875 1779 224563656
623 1330 551813806
1436 631 335022201
1210 1468 60856580
1314 609 796923335
1086 476 154967837
404 1658 758229229
1351 1543 715292229
304 296 394003581
778 1589 585255685
1120 1877 352493168
307 75 199771388
860 462 739742586
1488 854 798714553
95 189 118503016
1276 1439 192569019
1808 309 931535679
952 776 406917758
29 1898 13859586
1065 362 991734463
1360 232 523794250
1330 197 504171688
758 1307 121617713
863 117 992588365
1165 529 40601681
1313 579 510679160
522 1724 77629042
514 1244 136537597
1188 807 113676705
1948 1619 410943484
593 1400 24583071
889 275 749212151
1674 70 922031292
201 1293 828848430
1978 1094 22992744
38 157 997082587
1098 1084 938811655
749 414 425677980
1685 1050 706181225
1753 1743 967574623
1663 544 615649257
493 1612 100553472
204 1568 972838340
626 378 294341514
1235 726 225909281
383 375 210873564
945 823 408122236
1082 655 636381506
1741 482 997807482
1961 1085 593717689
221 670 322006139
1774 377 873682736
1858 990 584807974
202 865 443769959
67 68 867060919
637 65 978468160
310 904 20437000
507 669 726299741
1809 1590 374027692
518 1980 838675478
1741 180 470618997
366 916 626728729
578 567 963796834
1304 679 6718208
1110 643 492260301
455 301 250895721
221 966 456947443
496 1262 257387210
1198 333 705134576
1553 1088 891136454
1463 1375 956132383
73 1758 688617745
1998 356 988132173
1450 589 726470083
1706 1953 451390857
1275 42 638074391
1378 1333 111761836
15 155 128016798
672 761 599858444
824 1218 176639722
338 835 139571308
168 1021 166769979
1907 1817 477119547
50 1983 448012660
708 1047 833830925
228 500 797056965
285 1074 623804346
777 236 35526259
394 1644 758018080
1070 1787 419575987
1446 607 882014620
1739 294 277887005
626 1632 703360683
1655 1076 60336235
1106 642 506636863
287 599 943407170
966 281 439053151
1601 1527 689512674
793 1971 894743767
1001 742 386424175
1592 1767 290551022
12 1777 317170840
1961 1775 633814637
317 1387 77757327
1643 1241 22102629
129 996 494106605
1859 1292 567769641
1392 1274 393185135
872 1759 379850212
1730 478 2974070
981 1213 546721414
304 1181 417402931
950 53 324224988
1878 1291 7055461
917 958 362232533
1188 1161 952848529
1618 895 183584467
1325 1853 245403117
1184 1379 782003513
677 219 205921649
1779 224 985822277
729 99 222517272
1909 1340 775902395
1091 1308 331437005
132 825 307062829
1599 1381 874992214
1015 199 583235009
1849 118 381380521
307 1908 483740493
865 913 775831552
1513 104 652238855
352 1585 550837437
160 1524 612789124
1518 1576 93881213
905 1185 134983187
316 1041 28401310
1274 227 545602087
1676 1271 822483757
1330 987 898019195
313 539 37520303
232 932 333034756
959 166 923287389
10 1493 807969174
813 1415 961126485
1426 1013 121655082
569 1713 62375919
631 1272 282795063
1696 541 182687300
499 116 770599816
1673 1688 25273929
132 1095 973582612
1578 1258 34762695
1245 972 292581857
284 682 983128900
321 451 512248263
795 656 95536038
187 1115 19644795
1619 1981 890457379
1906 1154 251473782
413 648 561858087
223 291 431639130
1450 419 853899251
1599 903 306934607
66 402 937585186
477 1557 552637318
1596 1484 944666994
1858 650 578910864
1016 1793 660486736
1768 1284 791821665
1118 891 270288304
474 1250 896420748
942 887 302848086
1248 1538 660357319
1242 318 151081453
1411 358 792357247
1373 1043 830742353
1685 1022 948517519
1103 1259 312958901
1776 6 85265064
1661 1788 895309858
1946 1025 889545255
1464 1474 472800094
411 1496 924276927
1266 1847 973344453
806 662 544056048
1120 108 300852865
104 1992 106652444
713 330 647641142
330 392 463222770
1895 1233 539459871
329 28 973482798
1122 137 277370067
1932 763 533360801
334 1640 485308775
870 1080 409157176
1347 1598 626610139
191 1766 940417353
26 91 861163193
595 442 481958415
119 1467 292567070
1376 1361 701186257
1047 1955 265111932
818 1579 995122785
1765 1059 783517318
739 391 348273347
1748 1441 124669826
3 359 727455391
36 190 348465064
1992 1829 436741109
485 1973 707934786
1755 1320 94411655
1784 1269 691495161
1418 805 215883973
1263 844 160280132
507 1212 228935750
1860 1965 448175587
1770 1476 285614380
1565 1651 283642994
818 973 100416818
934 1417 743854830
1096 580 504103016
807 464 127182393
1773 237 87259160
1572 1368 381705532
1983 1865 903241227
1831 1702 392633107
800 1099 89544363
1791 622 421360355
1498 1224 319055010
280 17 873343272
455 1273 236948809
84 653 697381044
624 1798 29073099
333 1801 10632537
1757 1365 534326189
839 725 392567887
1956 512 2234718
1737 1079 508653961
417 347 496705494
1653 264 951012156
1101 1756 679381088
198 255 318861137
401 1970 134841715
522 1982 69318109
289 426 233269886
1832 1427 831277583
1771 1237 925909825
527 1209 168918421
1085 1442 373388620
507 1613 261770655
1084 1656 715665129
116 1839 244808350
1260 1191 128019819
1229 341 138006011
894 553 123547428
734 83 918519360
394 838 156581834
1981 900 790052353
1333 112 774794879
670 1709 984761981
887 1516 651657434
1816 1588 766191889
866 1342 321150363
1423 1752 772961391
82 497 993528040
1896 1943 135363527
119 926 727780232
1035 156 304497599
1315 690 762870018
600 51 1797345
630 261 319264347
1061 968 981156613
73 1039 332817335
266 1528 992683531
1977 1871 140928838
1801 1944 930507859
1425 657 260067338
971 1867 283791302
1625 1783 843793461
954 203 694640341
1894 1582 157955907
806 846 543767586
173 107 620901586
1648 436 169752760
1610 892 937765612
1452 1686 317945334
70 994 559955004
1750 37 335633355
613 524 394396268
1994 1408 578554540
1342 1073 30701378
12 525 451696303
1942 1926 162165283
1186 231 238968377
1597 509 752288502
1768 983 250183101
1500 1699 579367910
305 123 961716580
1092 1684 505246914
1691 604 853371410
926 282 10793579
1936 1917 20133050
1507 1156 83323279
330 1478 116495683
725 277 77873804
189 938 292036418
491 1668 386485941
628 5 500658234
1870 184 891455208
318 862 47090894
171 229 404372906
839 1335 82916764
1791 260 96682537
562 933 265373916
1975 1723 894791646
1822 1529 893291098
836 33 238758038
1326 1403 524966292
533 466 901147547
655 435 383417991
1176 144 399218864
386 1810 859261823
983 868 127699429
1501 469 78351811
1320 673 161903282
145 308 442398863
642 1677 269449389
506 1125 183110981
1850 1587 759308937
1846 25 550659831
68 405 99259670
1606 1239 431070184
1383 483 98887174
1383 1179 839282328
664 1414 627985283
541 946 393689237
1362 369 32475501
648 1389 683949109
789 1357 704990682
217 1372 924684018
1857 1296 189690859
832 1157 114021806
1149 1009 515319259
1948 693 91910696
1637 220 435069584
1080 1761 834238479
1339 365 366281321
732 1331 891228862
356 265 861556664
167 1654 817709930
1155 355 926557477
375 1051 802523231
616 1577 681213396
963 389 517881549
1881 1510 202146543
672 1410 540056552
920 576 539137555
803 723 301361399
720 1432 362901487
1775 262 557062865
1299 328 439577874
1219 299 318866199
1406 730 869313696
276 564 288379935
194 584 115870510
1949 19 582385344
1750 381 117941902
193 213 812861255
610 1205 271409679
1305 582 516324598
955 766 692090579
1866 271 12874559
341 947 87584052
1160 1915 964980948
275 1647 618369110
1004 1473 668155171
1760 1409 731165277
325 1884 141476503
802 40 521101491
638 845 939021362
1695 1605 170618691
1914 1845 116162600
1733 1329 191068042
1152 627 752236895
580 458 290612681
1459 676 950150652
1944 859 540425237
13 1869 877944727
1241 930 411117175
547 1754 885136325
322 1217 149251850
1293 1234 53826418
1573 874 689532790
1625 1144 193887348
58 1003 950087390
9 211 123885189
1840 1667 117067895
732 364 373380239
1679 1502 26586707
187 538 444363716
1156 1063 754485491
221 214 53900277
1399 41 615332897
283 1633 857974181
204 850 800812222
1911 1012 245541841
868 1910 804041140
489 1187 814642949
1951 354 144614171
1950 1615 208211666
304 448 934745033
1608 459 7572167
1213 1984 568412316
708 1230 261303584
1391 1261 902458173
861 1161 352800595
519 827 248263312
979 549 639637738
1493 1463 234382144
381 1788 209606430
1544 318 454469472
729 1136 479690279
1580 1326 393763808
1769 643 245505609
1 1113 696466874
182 1205 568093214
1593 1032 816139869
1701 1069 101079589
1536 93 794178905
1111 1291 79048075
48 1357 287521611
487 781 686776376
117 621 557737483
991 111 995763741
1869 107 754548244
1515 1303 254638012
1380 896 289757491
882 1585 95579639
494 1764 813259891
1265 760 591688477
1669 1778 703223112
298 1638 350635313
1125 1885 908613625
1036 1005 775729021
1749 50 697469778
1123 1718 892553047
1208 1775 950037386
339 1417 20604977
853 243 75924594
1345 413 64855270
1715 1911 605243103
1554 1842 854208067
824 237 6188888
1959 653 219460820
419 1176 600274435
1272 627 57778161
231 299 864526797
1743 1928 453727239
1066 1478 255198936
328 41 643595818
1615 749 758481961
439 1848 353596635
1696 282 321264273
42 1287 805803030
255 70 87524572
2000 904 152451743
686 3 347945272
953 1092 255138445
1629 1565 455358439
848 1434 126533910
1955 721 762143015
1717 1226 149317532
848 494 472283233
831 1362 142768632
1457 1850 477504145
1089 1512 521933830
1781 647 909577205
987 1575 918382704
175 760 247491321
1140 1695 44554431
1724 862 186386017
1030 359 631394974
375 519 74458295
1290 422 845311600
313 792 797878519
916 450 716588309
471 1865 246722680
1937 455 955361016
1094 49 717055005
1984 1100 45199452
817 115 284847804
94 338 369057511
863 1609 834553038
982 190 520384623
733 367 515397976
728 1767 27620099
1859 1810 159949337
1513 739 794116156
805 1242 554197749
1227 318 858408389
1495 373 650862752
1101 652 251748648
950 1142 974482573
1188 1089 115630299
547 365 393455128
1627 1871 413376650
259 1543 211775218
25 1583 136563366
645 857 378773709
914 1842 455083310
1715 696 736792137
288 409 481362875
156 252 662450973
274 1475 294955729
1200 357 791969672
1700 710 816359012
540 318 382893306
1937 1105 60983209
1736 417 248667646
582 353 705842206
1951 490 605179755
360 1442 714017244
1326 63 28254922
1544 1384 474329883
1312 1567 286621193
1365 1693 85229317
1160 555 53839457
1842 780 683238847
63 1202 394563204
1977 1967 560556469
240 112 617643019
607 342 87154213
146 553 113988126
1433 1272 245529838
229 737 50233188
255 1262 794995609
608 815 59909932
1839 1453 628493224
1578 1955 624318429
1492 1283 615747102
902 1173 758749338
696 326 397965902
676 463 138702906
1991 1577 198789607
213 237 218393958
1397 143 84699711
478 883 391477267
1651 52 179452128
880 1455 125797411
1644 1641 268568400
1334 624 890197334
838 1088 150436900
1632 214 364147829
311 1464 757929799
1471 1307 830256577
821 1035 492454278
866 785 452608153
306 725 185091423
159 1406 194067051
1463 983 587297547
261 181 42421468
1296 1388 870690761
273 598 3893050
1431 1306 890324076
1998 984 451243297
1620 813 660679463
1554 1940 662714476
1701 1104 270507671
1590 1589 286027870
1769 492 770394129
934 751 301619728
1139 1509 471889196
1449 1789 776821277
509 643 715739281
946 430 100228492
1738 1422 401097730
919 1778 936788989
32 925 251358633
1361 1216 22988567
1748 1279 715352738
741 747 874814769
840 1563 871803594
1634 438 86805310
1058 1124 56798665
1387 469 345054717
1694 1120 401091933
1686 1798 519184993
982 1131 472582888
405 1647 449324862
1615 1319 473337404
1956 40 415063093
1831 518 628454822
708 923 575624674
1678 1770 216900408
87 923 252219714
1970 1340 438271834
748 1666 195116649
1823 1611 271536275
1213 686 264331877
982 631 846797459
1030 110 664881772
1915 45 599883908
1335 1641 198923341
1845 84 996217490
429 959 86712341
897 1529 8681656
670 292 784484607
1736 1144 808628429
1523 1065 384459681
1458 1228 529291214
1258 1885 467621716
1017 920 836260972
1212 675 552091364
1842 357 591677144
1947 1140 975063160
920 414 971273677
271 200 678016195
1547 1274 88703711
82 32 587097963
9 233 242920962
1178 1191 762209465
667 962 234378845
454 378 974404226
195 1995 768963664
445 1428 245260884
131 378 165423298
1538 1647 680685796
1072 235 827330992
1515 343 952280759
793 1906 631066098
1204 416 381183503
1186 963 754410063
495 586 568466456
1749 127 804172740
798 579 755198803
138 977 553586960
1843 414 710674242
1173 281 540567426
743 641 838574420
1777 88 625382662
1400 1412 644111122
235 1580 169098094
1960 424 727867787
65 509 322938621
1875 1382 153433084
1947 537 960583225
497 1849 470431683
970 1933 661286129
188 1838 271807877
656 1876 749952651
19 1082 157458846
1472 1300 557620627
528 555 360622024
967 1798 974098561
1814 771 55876111
1209 1909 44638665
958 945 523463412
1232 523 356255528
1075 530 828595935
1154 1399 227757100
572 808 960191178
114 706 365861893
457 1064 612994603
1817 1252 150361738
817 554 884953122
901 1330 144196238
522 620 778272227
786 1642 582643556
793 807 154815076
648 1442 59158448
125 1014 983064394
69 268 424381807
1190 595 429853969
283 397 52588873
1579 1299 879910522
1452 1808 587487509
636 1444 895887674
1636 70 847026605
436 261 709580767
999 353 968247796
1779 1607 403865349
764 320 977424164
1562 738 279841722
538 604 244756059
1351 1498 582418733
1233 483 976908136
1635 1715 64637342
843 1797 565413074
1641 1521 661222017
980 461 208216873
1129 484 14111220
407 817 588531088
1181 147 825389410
138 972 176438666
1627 1832 485863288
1500 1371 412713989
444 1180 133656392
1709 1382 454648228
1947 1476 2080443
622 49 153373264
97 1404 294132284
794 1476 385679872
1472 1889 12606881
980 326 704659656
1294 1108 824524381
483 928 282946079
1028 1917 631142627
715 1 410734965
1430 493 627744605
1084 1165 488401396
1989 1561 902840205
480 1994 364746645
1475 243 130578946
256 445 995338599
310 730 372677247
1031 1618 206126874
464 804 839410600
1163 1946 601042898
908 1514 479506414
968 521 72199721
1165 868 130768315
191 432 361205125
260 1638 923888865
127 72 79908507
896 970 80593216
1730 1135 689520451
1386 1007 599416502
810 231 551130494
1264 162 907747404
220 348 643849669
1665 748 939482269
1757 901 999258259
1018 1691 929602953
764 1343 562959156
816 612 942833946
255 1702 891655631
399 1305 542265782
1794 1284 889495729
17 1751 57846149
716 494 204881116
1410 1570 271018789
1123 1308 48277967
883 964 892043660
1043 1305 691997847
268 35 581966140
987 1579 953895957
903 81 338121389
376 36 269774481
1529 1818 27133943
708 1354 426209407
1540 553 263092671
385 19 527317136
1803 219 330510179
1986 69 86458108
372 535 581188200
906 892 945772046
1972 1133 37180195
9 315 605491184
647 1262 479883430
755 824 796090807
558 1788 874122733
1379 1539 251559857
653 1683 324381768
1071 103 42899181
53 519 493708043
188 339 412352523
1982 15 273299572
1733 314 336952646
601 689 518332380
40 1177 827805630
1508 1215 14930209
945 361 603204106
1678 354 969032530
1114 1077 763984893
1230 1766 739971740
1506 1069 717687735
126 1349 961704308
1004 91 77283823
781 1448 594440965
1003 1444 189949311
1076 666 852268764
797 1875 810446384
1688 1070 41763793
197 1042 966678215
1393 404 585195576
1292 474 171521103
330 183 820281160
1113 477 913926312
1625 890 522868171
1423 433 551173199
432 1715 726956550
1688 1903 452160367
725 1352 626019051
672 11 186165288
334 1385 964605053
981 709 870327327
1504 1069 82424706
876 65 976392518
761 976 167086703
1575 1716 760957420
1308 268 614351247
1125 1024 127365638
861 71 431127670
777 593 312773055
1388 253 496382629
656 1607 651510590
1414 1487 730810749
204 726 135482295
1274 1244 252392809
1366 956 958087604
1512 45 191373894
1170 658 89627300
753 230 62802198
260 278 38427556
186 1275 925645541
1972 471 352601484
977 657 293232378
877 1698 35017277
149 199 811615809
875 780 375737641
336 1219 848969208
388 704 226852130
231 1152 866733976
1687 1850 749884263
1765 1192 830234630
1829 149 134876139
388 478 299121658
317 1153 846561511
333 495 275815855
1532 1224 929082787
626 1513 123814859
195 1315 515285633
200 763 765609360
1754 536 891161674
1850 1550 308765764
1701 838 819480764
715 468 143875037
1509 643 948347475
1772 960 632570608
674 836 565584214
911 805 805258203
374 1550 673011237
1417 754 399867184
1053 1564 428255425
1854 62 365447013
27 1425 763322779
1913 464 246039994
238 1408 721032609
106 1505 779434089
373 858 317041030
1157 869 94693396
1600 695 206592593
200 1959 548299371
1353 1880 111899432
1723 516 351424540
1682 187 846409821
1262 1835 79907839
161 943 6111673
816 882 283274113
777 842 115116551
1035 1563 874793041
346 1609 165504996
727 1785 159148873
1643 247 25278405
222 189 686315678
358 129 148585289
141 532 576675659
932 1160 682912704
1436 1653 686041018
521 551 670451194
575 1815 729241012
946 488 849306964
29 17 455383434
1742 81 372320256
303 1558 416847492
1866 1972 181162132
397 432 655837833
705 86 122191062
885 1259 408040208
1299 1439 34257349
1997 597 294659398
612 35 288830186
442 1875 987445632
1256 1488 797791968
1473 918 79719906
861 553 54215457
509 816 2126416
1801 1969 972249363
1201 1569 42000789
324 891 634565714
720 1798 503384529
72 209 188527679
267 1188 459419176
216 1202 949597384
1722 112 67610023
638 1969 642649721
749 1570 311724409
1113 1563 855269827
1925 90 89799243
1702 392 536379787
30 594 266170108
269 1141 202732277
463 934 83864713
1790 704 606558322
1060 737 406478647
1581 150 575104007
1674 1002 218392833
363 1353 397761759
1725 1966 345523523
1334 1172 473333267
1614 654 743013799
1172 1427 33319608
1960 763 458689104
1995 190 737766186
725 977 29242693
484 743 877140375
363 1633 828464927
2000 147 680425934
684 1299 123630326
1226 1325 284451912
349 1162 162168200
1231 280 486042743
150 569 619926443
1787 1844 357858893
1707 327 125671412
869 1557 733892367
1338 1950 569863079
156 1568 87642460
373 666 503397090
867 1318 40574072
498 383 924221957
827 1349 939467485
576 1579 806309988
303 1436 561146371
1212 1485 538144303
1237 1695 678782830
532 1956 936143264
723 507 431496953
571 1101 296528231
943 331 611128417
1902 1463 772622418
1099 828 543710228
1765 1928 361119296
1520 1725 975406907
93 1237 522545735
169 346 82668805
1284 1085 833180195
1715 1914 836069685
710 615 548428514
1011 1559 543562222
440 508 536903373
1671 446 161046204
1682 1639 254691992
1009 1735 690334950
1921 1932 366771149
1520 117 988129011
525 822 158481526
1713 81 782393722
1815 1252 460363785
566 916 712003374
1543 1877 196751768
1493 1347 955098664
420 355 787500344
659 1391 525552247
1365 1406 154881201
1730 61 835669477
7 1418 302344039
824 130 538535690
1758 1099 100571016
1696 1682 313235862
305 702 627135094
598 1403 870414299
1408 59 906429046
927 1773 396655513
617 1322 741175194
279 428 601530381
1067 546 958231531
814 744 816017723
1257 1561 496079067
293 1931 549868154
1491 1000 477328361
756 516 417832001
753 974 546867349
15 116 611728688
625 1143 912939910
682 470 713312353
274 989 256777465
265 1267 222918384
1888 1631 801408620
317 742 695215816
1954 1361 607489931
267 1613 941073583
482 420 253251675
1262 1873 185685908
1036 1478 903236260
479 982 1735959
1546 301 676284067
1635 1382 337290073
575 943 365781232
1349 1914 174548486
385 116 882328492
453 1259 370520735
460 1600 407467758
1121 55 3726347
660 523 232283248
722 919 759064416
138 1026 140758133
137 431 21393902
445 907 346103414
1292 1620 760695364
620 250 26881833
55 609 767430884
1014 1893 153197258
1559 39 809435958
942 386 9425807
563 88 824875882
1505 490 473928823
423 1463 734744110
1102 789 512251775
516 500 84299253
1240 1543 185175813
937 1338 373181829
1423 1787 969108603
1536 518 376846278
1627 1694 161886800
91 1673 129227465
1481 286 204058907
239 1345 98129943
714 1891 624179209
209 372 699144251
906 350 355239560
1488 1006 614676369
909 753 720573236
1267 1532 685657680
1856 1871 887241729
1347 649 22456277
1502 228 296772522
1275 1304 416514354
849 1431 461652057
94 611 89947382
1436 1167 720449430
377 739 95776318
1382 1859 76311924
1658 624 143151868
1704 213 744978170
928 1931 454521222
521 81 472541135
853 681 955930977
1753 2 460607785
1545 1570 291007822
525 1621 779120119
208 394 876835989
74 1617 957852749
1821 1999 658681233
404 1062 341261839
64 1475 846289275
1976 453 257996001
301 1627 58413947
568 832 48825677
975 1609 617876204
823 1987 660645685
1244 86 490218734
69 1090 817266555
282 1219 459626801
1436 660 621444847
226 146 740311040
1307 112 895113337
2 1695 912416139
770 1398 783696006
457 1668 937315449
1279 544 587157431
110 61 438124973
1496 1386 540761287
1569 1480 555748696
553 1454 835933629
1285 1841 747206463
511 1141 604205651
1117 1500 214400076
1845 282 596787621
1766 1076 951668058
1151 33 808272669
821 1266 626726205
1684 711 956498077
1827 689 871509521
192 1594 67521518
693 177 378430403
1962 1805 487543144
783 1849 724649444
1891 1252 160403426
1931 739 120031404
1008 70 608372188
1845 1042 380733772
41 1858 928941547
1883 1638 175928697
1218 1874 475206756
835 802 324835381
520 1823 304088139
1772 156 273915871
1119 548 731085181
1049 1191 5854589
1996 455 780029468
1226 269 953903431
1854 532 82026299
1036 1824 484876407
1009 1772 943676106
1844 626 129311312
358 734 288444611
1143 1603 729958509
1132 1539 928134037
621 1306 64597579
466 751 720250832
1159 1463 391597079
1265 1799 922114833
1821 1912 556603068
693 1757 295440944
397 1481 634492199
988 899 127376040
1984 369 628959453
1586 1534 866748230
765 1001 712343488
363 522 542658069
1764 1839 397370652
65 1022 402209673
19 732 73683448
1120 176 15618281
252 1762 121129114
1311 1500 56508417
1083 1866 31592795
1218 1072 858155528
930 1852 785473197
1949 91 477927887
710 1567 700921449
858 1591 140780331
414 1779 804720221
1518 244 794449828
1626 1229 320112149
1848 981 992171101
1794 274 584019432
347 352 785005894
737 1798 610366278
109 225 840193920
1792 70 464462400
1425 1456 107192592
471 404 486502488
1665 356 133403591
1953 898 116747914
15 470 268180337
1246 1058 510878361
717 1195 529237308
686 349 580523934
1723 12 716725866
571 546 436029903
96 1431 857165370
440 1537 194800524
1692 298 23443730
600 1736 605308335
300 1630 728436465
1169 1981 764564243
1375 786 362246932
178 1147 770079077
1208 585 4246247
18 1650 847873322
1876 1990 849850414
1131 169 584524561
46 1846 89550451
1542 359 344220282
1536 622 794123186
1784 1058 107369797
1564 1174 527916098
396 790 318702815
458 1909 160733190
1921 586 391277194
677 15 537344725
1671 1071 684552429
1857 1435 800501798
1606 90 815795931
766 153 552297471
111 1586 121897319
483 1315 273124126
678 1933 214324007
356 1794 591135337
1295 1383 329555655
1157 356 791304595
40 69 596223697
979 1371 777343247
1863 776 743062715
1215 1225 991454521
245 133 662785841
1838 1307 801464002
809 1796 176121764
1999 131 119837788
361 982 66683154
620 362 389430695
1534 1612 665346583
1444 84 634590554
775 133 54780980
663 1173 333798068
305 375 58361950
1362 1812 76786725
804 1473 84076233
1565 1422 908724536
353 1568 395949558
1715 1534 766853060
505 624 591682298
33 731 290631762
305 709 184118032
1986 1474 64505808
308 1961 737843810
1753 1076 657680503
1721 535 755447827
511 1427 487471097
86 585 237374351
271 1816 999989487
1460 703 898728215
1216 1095 475685761
436 1136 819550599
1330 1911 902982486
305 1589 199009641
828 460 46929597
1256 515 6920510
693 1495 747395869
1941 1545 941898507
1281 240 982872730
943 922 111585058
1709 1697 29340936
982 636 958103091
13 1382 988775444
1323 449 845918354
645 147 802321583
1519 1285 359214281
150 1157 564553662
1168 377 118637921
1115 1469 123848192
1649 1215 214589420
1684 634 585866558
1321 1718 361978197
978 1463 149596345
494 1752 86200684
1252 1796 384642768
66 1441 537156012
1920 743 707096561
1214 514 832267086
677 613 457211073
1309 1270 146234515
976 1885 926182286
844 1347 237055310
205 166 376345332
944 389 659107503
879 1434 612664782
39 311 793415766
1971 1858 4249183
1715 1778 472471703
1777 1794 300234432
1748 1082 131880458
387 743 826185356
516 375 578657366
1835 960 571047370
664 1249 77889598
1264 1914 405241114
1461 1951 61184748
1656 1376 497382691
657 1760 175153788
1723 1522 400647996
1467 747 743514571
1255 1204 88649560
172 3 837112193
1407 298 821582134
1663 1406 73639516
1145 290 385119946
942 1080 144985278
343 609 877690853
1567 1395 719484281
1797 802 31880492
1998 625 388267993
1284 412 506993719
1675 1412 285900530
1606 1394 909214983
1623 597 809792556
1930 912 878419116
1658 323 36487435
602 996 506213687
872 46 683166275
418 1499 14035165
117 403 967793147
626 733 120289389
1221 1466 479680864
839 346 155916532
1113 1309 510498157
1447 1606 882796717
1510 1163 450047224
1947 386 40581934
1879 398 877357056
1057 1132 347812560
1061 1193 918183990
1858 1945 359666527
997 133 974760137
672 1666 939896834
1299 1005 662413173
755 1628 456533612
717 968 876964557
1797 1116 46940483
450 1030 188644296
1628 1066 734153680
1003 638 569338505
1384 1059 889674472
105 566 238318195
29 997 35423513
1905 1044 370028397
673 38 267084824
1925 1972 270888049
937 518 440833898
1940 826 209656155
385 149 257112657
1284 1082 99068399
1915 471 185700601
350 1349 32611370
1689 1862 89013987
779 822 55220173
1757 1960 141998225
1021 301 728529191
64 1891 906397298
1359 795 721257250
752 413 830117647
448 462 102584976
111 1720 356036727
1021 719 74230455
1801 108 732382439
1359 1513 754735897
886 583 740403389
1573 380 458047624
208 594 842013086
594 1586 143493482
486 837 553259238
840 1665 118846281
1682 1837 218260304
598 754 739986845
391 1676 611813349
176 1504 565715933
1806 1026 367084585
206 1397 891163330
594 1401 686580099
695 1296 85499102
730 918 596274669
413 283 247886941
38 414 465152477
572 1963 345327130
813 662 817449331
447 1608 427894757
853 704 719168739
1651 1632 149660690
1331 1122 142989347
272 1014 275348548
902 39 215259608
835 1039 21827963
799 1467 340409726
65 1184 913776475
338 483 303271638
345 1377 350296767
450 539 145908885
680 1558 541881214
1497 275 479355465
1202 1616 65296251
1831 715 960521614
654 430 23622898
925 542 953879666
610 265 616181761
1657 28 667965220
1473 975 368422772
1588 1644 455939300
1826 496 185427157
1785 370 900548646
1954 1927 268125107
1064 28 485861896
1483 1178 55122994
1147 1106 951217398
550 516 556563667
1336 62 508849306
751 706 505364356
1512 937 723628809
1223 1868 135689706
214 1624 597370667
1087 438 275341037
59 630 33723499
1154 856 972443525
1545 1651 751191968
659 473 145825987
1398 109 654392634
1624 226 266499362
427 141 191910063
391 1026 379792143
508 500 38502696
304 77 278688437
1866 1287 367213927
426 105 251681549
519 552 15769339
17 1611 36278309
297 310 372199591
1648 607 729966768
114 1495 200046607
267 1174 960430798
1502 964 900870820
1343 52 133331997
909 213 960399825
1357 634 140778751
1571 814 56652901
164 977 497564461
1166 201 890797891
749 23 762410364
487 1381 988092232
1517 798 30967022
1964 1135 349860989
550 1458 917062907
476 1151 678732925
782 1354 723554592
548 1142 467890728
