2000 3000
1 1897 604454231
1897 1946 127197453
1946 1590 731719741
1 513 681929784
1897 1953 694947727
513 1402 139158019
1953 780 773689717
1897 1585 4149129
1897 1860 545804169
1402 796 112837434
1897 1127 769669374
1946 331 586889037
1953 1548 65107638
331 129 282804346
513 746 363471198
1953 1970 97071051
513 346 879188941
331 51 352408146
796 652 36343963
780 1068 694183058
1897 1057 174327435
51 1307 241840060
1548 921 942572281
1953 1038 243873998
1585 1659 304161741
331 1424 251825490
1897 537 309832298
1307 152 70236016
1424 169 751925589
796 301 953236405
1860 1917 27743154
1307 1621 829440163
152 716 822513971
513 11 551116458
716 1076 630751166
780 521 243861705
1659 1650 370763016
51 1199 149039876
652 1075 12923606
51 980 16825673
1076 121 255935997
1970 238 862912838
129 535 202153242
1548 735 614485934
513 770 452670847
770 1862 530858095
521 221 177344661
735 702 980829185
1199 1558 31039026
746 1912 61174031
1897 972 944543421
221 148 189424943
1659 1896 670376807
537 725 918061183
1912 650 747664036
152 922 684044859
1 692 676486131
513 951 779816481
1076 1095 718648739
1424 1071 187784082
1068 1230 694954773
521 1724 750539817
1897 1536 982730451
1650 806 299669181
1536 253 33397934
1590 393 107400248
238 482 198710497
331 240 40389983
1896 1043 935684484
716 1771 98119321
221 1113 95912677
1650 1300 474966879
1862 173 933446330
1917 43 98730927
1862 547 725300561
716 1455 61987602
922 396 58615139
51 1213 350038143
1068 305 969370285
238 281 195782031
535 1218 643195013
1218 1907 349594460
11 1665 837497660
482 1826 51016540
1536 1185 886137684
650 1390 333912073
396 603 345063598
1455 395 585249811
1659 1836 696340435
603 858 155671391
238 1649 77357642
513 99 242852569
305 724 801595116
921 836 778022544
482 1955 230520261
129 123 348927557
393 264 489314672
305 569 853348712
11 1448 202399289
735 1692 23235042
1649 150 650917409
1300 758 913857324
1043 1416 790602349
972 1420 872508911
1621 1188 956792756
1307 96 651762905
1300 1972 535062003
169 110 471941543
253 209 291594625
951 1664 385375706
301 543 649035711
1185 108 348857686
221 215 832649261
1917 688 849113725
1665 493 303533389
396 935 101089272
1955 1604 395873624
301 870 883581202
1071 226 628182850
858 613 860004229
1455 1566 45023902
613 1206 29912650
1536 1505 397822340
1659 1967 752071899
1659 1628 273376869
921 992 659047413
688 739 837501053
547 1705 357337233
1057 1009 341291730
331 835 868093121
1907 1258 8184378
521 275 989425663
650 797 47688580
215 1100 84444546
1448 1932 440117879
1970 802 597464287
96 1458 736341929
1448 1379 836658101
797 170 287258051
1548 588 19435655
1206 901 498032953
1199 624 485312974
11 626 168144015
543 1353 689126688
1038 978 515078864
99 881 710695460
240 902 599016576
1659 1268 9591231
1536 1685 669925978
1896 371 947215959
1353 1642 932614061
603 1281 764809700
253 1008 418918775
626 1629 504408837
972 1046 122051592
692 572 639976614
51 848 65944726
1621 452 747535797
1917 679 144923676
1917 515 435850148
482 924 250753130
1649 188 266819801
679 81 170674223
1281 1091 837092186
770 961 895949680
1095 1926 187400536
1650 316 821188842
796 909 667512307
1585 1951 758540388
537 387 987598548
275 587 638546838
1458 1409 823440368
1268 1488 936793052
123 1609 27155851
924 1387 192324393
1967 1877 80734058
1307 1477 356464458
901 1733 975401074
1113 1989 3893372
515 766 998315980
1009 1074 772106259
758 783 279384917
1071 1957 12164182
902 1623 642843612
1692 1779 897133228
978 40 745900186
1972 198 651664784
1665 241 42124583
1585 1567 64261166
150 1703 92366205
652 1542 283865507
1685 1065 678517195
783 581 622801806
1402 689 185141773
716 1956 943540639
547 808 774877289
1951 905 6836223
482 970 764496876
1268 171 490754278
1379 1089 392450610
858 1310 83443432
1703 768 660612333
1307 1878 112133058
1989 1429 966068102
1907 862 440488877
978 1715 723873229
770 589 55345136
796 794 390943158
1585 1125 799751662
1629 1979 252333280
848 303 486420375
1664 1827 239353840
393 1235 21501898
1972 349 642516114
129 261 559180856
1458 1513 303042339
1258 1804 216414014
1715 95 45720850
1218 748 959879004
1912 891 60611822
626 206 880826383
806 144 134778913
11 1773 463566839
1548 353 735665618
198 1406 791064392
482 1029 18914942
1057 820 724060137
588 1945 44011988
241 833 988822180
1424 1088 287351962
452 285 163646785
970 988 560895131
980 900 983592524
95 884 690436000
96 1129 913924028
1771 960 159953050
980 954 334329317
1912 1437 417483180
305 912 135305775
1100 1886 64063120
1477 35 687105372
241 470 923931284
1409 1683 737875864
1979 1393 657350662
1548 1116 292820656
95 1326 135703803
396 32 283316451
1945 119 151933319
1353 890 463756529
1 1962 617874274
1953 1308 62287076
371 1913 804419033
1628 1525 594180213
1649 93 159992817
1946 1191 376484164
912 1882 682205247
900 23 655651032
1393 1013 918102029
1129 1219 409226090
1705 1000 93888470
275 940 89218203
221 1570 359944131
1590 575 625682647
1773 1782 694055203
1585 680 415132414
858 158 366306485
972 596 927769811
1300 1001 768948002
725 1986 54298517
881 1469 168857883
746 1184 531853863
152 172 473319310
1542 1031 411284650
1685 930 666005008
275 1177 341880741
1621 225 278668685
688 1983 918650175
152 1929 8677291
393 489 454180764
1448 1747 86460027
169 837 964959392
848 290 249173508
1715 1197 65486865
900 352 245986107
1513 984 124933418
35 1767 90722752
535 136 62468056
679 882 520227427
1199 895 358520353
1703 958 645224146
1437 62 462895301
346 1401 537570829
1926 192 251617382
858 1589 366507239
1733 401 853423480
1235 1479 586851573
1621 813 552892358
129 966 740457561
1956 551 836128699
240 374 943476968
81 355 858291574
1479 1602 36090938
470 1053 265629614
905 1813 720460494
1604 488 351565933
569 953 635252785
1057 977 474180036
43 438 231562074
870 1446 25392787
290 436 252345329
1057 608 3834852
1448 1215 727528776
972 745 836911280
209 466 930645854
1437 1137 82971688
725 811 681312488
909 1572 510483954
797 1245 828266925
966 1831 849850124
1013 1763 691039937
303 910 42316110
1488 1099 414340561
569 747 515065177
1989 113 96969244
1955 1666 164864250
355 1981 124670773
316 1170 18211095
770 1207 953910462
275 1246 578983546
797 1440 687952279
301 267 515180400
352 1273 941135970
951 1699 284201588
1307 512 370438999
581 1668 379997754
240 1295 323425033
862 1058 230777035
1184 542 371614562
1387 252 205079278
192 720 142295867
305 1217 549934335
301 220 176043812
796 127 864176735
110 1182 477524355
626 1262 554469534
912 986 972886394
221 177 953788737
1001 44 53051469
1860 1933 419852937
808 142 568525744
352 1045 626439227
930 1348 678120409
220 1922 282965266
766 764 256402337
613 1193 987656073
588 601 861902682
93 17 360918402
1804 1694 236152258
285 1834 262359918
158 1947 431843703
267 233 524372472
436 79 43547095
1621 1591 580125232
613 492 233003393
95 166 720745081
206 1010 889743208
1245 1103 527920562
1763 92 562130507
1188 109 673079053
1088 1280 942383819
813 1398 794777312
206 8 397869582
1353 855 56793917
188 1736 731659842
1379 1223 67480402
1129 1399 647582172
951 945 208747955
720 1391 649028307
1956 1614 611264792
972 1444 400395261
909 1942 73021823
1137 10 371986912
1694 1261 170149632
1955 718 905030360
1570 1073 469591836
1715 834 959460527
515 1704 120147503
739 1260 902067468
387 1726 885743897
945 579 331114868
954 1688 919106760
780 1027 498165730
978 937 792410026
1444 697 504010529
1416 1769 389063877
1458 1332 348631062
770 176 241056844
980 334 724110138
679 453 481129684
1437 714 660831638
972 1232 202725983
1589 469 2718601
240 424 760573096
958 1080 625410366
1479 211 629162712
493 1364 699483218
1951 1327 611102557
1683 979 949510500
1649 1580 152833307
220 410 374022824
902 337 928952598
1000 263 192708946
1307 713 808282720
890 1163 341472756
1896 1599 968795026
1804 1975 894000809
940 1939 402541442
1137 1422 309490483
1444 1925 754460200
1946 131 872483280
806 911 972774569
650 97 194014375
1972 657 334049208
513 1497 609329012
198 971 89549846
1650 1061 703810836
984 356 659314335
1946 1491 164580125
1103 388 554652851
331 1062 405366356
1946 1313 305415413
355 903 144261452
1981 1263 331814702
1699 175 228548144
81 728 424686884
1907 1675 477048775
253 1554 590626872
977 1710 598760206
44 1527 160523132
770 1413 18651432
569 1577 984182765
796 218 677282193
17 499 919025495
17 1084 393164796
768 1451 753287408
1268 1819 820914156
1629 1032 292052278
1199 443 201939417
113 1974 118059409
954 1887 46750900
1307 1890 131552169
833 389 623910865
1260 683 213982364
387 1355 865707923
96 662 101412828
97 1914 117404634
1558 1372 86924388
770 957 762345477
334 1252 462257198
858 1516 599946587
466 976 581589683
891 1435 978938924
1834 89 184193684
1398 39 704659156
1129 1690 605759188
515 1633 630371261
1348 288 522482438
945 354 836675786
1813 704 671044825
811 344 875590100
1554 1517 479828686
1566 1286 867852527
436 1506 786337099
1071 1220 966487532
572 1969 950215857
650 1200 120690629
728 932 950939660
1710 1876 290743367
608 1389 669129517
1666 1086 9603416
569 1109 963005958
142 1396 642926291
346 715 378577356
882 1745 961830850
783 1716 488127121
1699 1605 824540097
1258 446 774985486
1907 1303 990603806
1917 1778 220680566
264 1284 40336176
1946 886 55191099
1527 1858 470745096
267 64 671231979
945 1820 244543248
1129 456 47555930
1062 939 103790302
1771 1700 730378840
226 829 523415153
1566 1425 197359019
713 227 414359275
1769 1575 819534731
930 700 661626538
1981 591 755856379
720 1266 407649429
1703 1857 748459619
1957 228 352690172
1957 788 284652115
745 1254 797347530
930 390 673881825
820 31 610247963
1230 1436 1950035
572 1848 948940110
909 532 626236583
1926 1492 137526873
764 1793 271778901
1877 522 355405627
1962 132 365448471
1295 867 32416437
1088 1403 874748011
858 875 210311445
93 471 998145246
1000 1941 577775316
728 363 237783921
43 1033 60166380
93 1114 990538923
281 799 178084913
424 527 634481170
588 63 623393549
1516 1950 482777227
1084 674 363941854
589 1935 72603624
1953 673 56056062
1215 1292 302071949
966 619 347957314
436 1749 466092035
1876 248 382944440
1409 573 299260598
337 6 190348680
1399 1489 351150761
1001 1341 168209427
1890 1730 462401350
1045 50 796165062
215 1253 519605231
912 1277 878134638
436 1854 771267090
1245 865 566503596
221 670 743347231
1451 1846 529637471
1286 1336 465785121
1659 1990 943856646
1505 1784 959854513
1688 696 716663087
1391 705 301886088
452 1927 136148788
601 117 456860707
148 1855 320885556
953 536 990120053
1773 315 556305730
410 183 542527914
1065 1464 589767454
1699 816 163689198
1972 1481 849784584
1536 1392 112081865
977 526 706762868
1469 1999 145395813
924 707 82239832
932 775 590625255
395 892 920478707
688 419 481323110
225 237 61488859
1398 134 65763181
608 1265 788093421
446 1503 128141830
221 1741 963512964
1604 803 667974389
1398 373 495266520
902 1211 100472210
99 299 37845972
1570 1807 888689643
192 646 77960672
1100 795 861865526
248 1991 729431855
99 1928 190076849
346 1631 625826652
1933 822 683624100
349 425 825902843
976 784 488592520
1577 1795 208757150
119 729 206906931
1260 1450 332405418
624 1461 583598621
799 997 573392940
1355 342 17360050
806 782 178066740
1223 906 247037092
285 807 584666639
1862 629 896380276
1188 1291 245069448
1769 987 275863971
901 1104 235085260
799 678 403643840
512 1758 309158085
1572 1765 503426764
1692 751 233791363
579 656 15368463
1332 1837 404379887
1177 1852 458848462
1481 1637 827951469
521 1851 546136172
932 866 105212785
1852 637 58934922
836 817 346842850
696 37 854210228
1409 405 879912873
1489 495 174401705
1310 1610 692158893
1846 1270 114307914
1972 732 710098166
1013 936 495741535
1629 1657 608729090
227 33 349323853
173 1067 770601767
169 1081 205073464
263 440 44909210
1970 1959 438197778
619 1346 300648669
536 798 824780665
1277 14 270631767
453 1949 496338249
288 693 959726196
624 854 132374699
697 1460 614427652
1628 1237 66075208
1710 762 795941972
1185 686 398105908
971 609 764178440
169 1463 319980565
1252 1687 648298312
1605 1243 563579814
903 1320 24596233
1031 1920 111060847
96 1244 32423879
1726 94 683677861
1621 49 458364678
237 1624 62653218
1396 1278 519668700
456 1501 510349403
1928 402 48110217
1129 1889 57869957
1197 1485 813452419
169 616 398920651
11 1350 558120500
1826 869 201163248
264 1669 493697387
835 1408 575936236
1747 269 764362846
957 864 597857396
79 430 57818707
836 435 395922431
263 1742 387909928
1100 1785 951552420
589 1881 972862453
1254 139 532167673
334 1940 308583810
183 1770 567781689
49 1196 850031083
51 574 843587778
1975 407 139859134
574 1298 661721736
407 179 459611580
1991 703 506600179
1914 1667 594616112
1665 1620 75591019
1633 1965 650993103
1953 1136 226177546
108 487 902858067
1778 480 769267541
1320 327 834275047
1292 212 344090773
51 1695 868313371
1099 993 694167970
1091 1681 41905312
1043 325 788099433
971 950 142947690
1917 247 341855633
1942 1172 889428535
950 1462 78614367
537 514 185353345
225 143 967924310
389 868 33010654
848 1441 551230385
1440 1636 980774146
1080 1919 307507635
1182 1735 361446188
144 1915 944468045
446 1578 152320254
608 1105 73909723
522 1859 82983304
1896 1102 1795889
1353 1617 387479828
751 1304 912041330
269 1141 727278698
768 1596 402863902
241 1606 100067104
89 283 368992295
1258 1934 86076227
987 1210 73219002
452 929 897790245
17 1801 916218140
603 1512 700406916
405 326 535656592
218 1528 916284650
881 1212 595697499
466 826 620105951
97 1660 927366717
176 533 850149509
702 1743 176765667
1505 684 638669905
1785 52 133907760
1220 351 979653048
1940 162 596532887
922 1727 663250109
43 1176 864841725
1934 1564 583084014
401 620 990534648
225 1494 236730416
1341 599 314144454
1784 1378 111036714
747 1995 231021284
438 1195 121409076
986 1155 583436750
1659 384 505103910
905 618 277160293
867 1818 236209886
1527 1349 41237174
1413 1047 710545545
176 1900 916925712
858 699 360647984
49 1643 43804967
39 53 166885546
718 666 234533481
720 266 834843117
1710 47 482704825
780 878 370308975
1435 1198 492873410
1516 1756 738295138
569 203 708316860
521 750 789449739
495 476 795046196
864 1768 221403143
209 577 749514380
935 1126 138562721
1254 974 940070591
613 1678 18860537
882 1072 686117112
374 1732 215564021
225 1365 344082004
49 1817 953398745
1935 711 23689771
1631 163 267731450
784 341 860445377
993 710 80317409
327 556 913452922
407 908 666866156
1295 1719 691889875
301 56 393504597
702 877 481666347
770 559 528810508
1461 1619 365393928
966 1174 909343319
43 222 715675184
1137 1812 175403602
807 785 177887469
522 1059 358387310
261 1811 568425252
342 1495 708383929
1013 500 4710235
1685 605 16195523
834 418 106013835
1027 1187 157253770
1578 563 455891369
1458 490 34643503
438 485 4633681
1469 427 311194490
1506 1976 547251780
1934 114 336048228
1200 1275 748314831
1198 75 725853783
575 1532 762655145
1813 1297 2727394
1624 1312 535791154
575 1648 345900508
992 1632 450962651
1878 462 307757301
535 773 558320567
937 740 133538401
40 1908 202654805
1907 231 53005678
1516 1842 179985927
939 695 839932804
1596 265 428324121
1705 1023 610482747
114 1222 184370209
1391 1147 863664498
1974 1162 260143519
1062 1968 339148903
121 1592 834149783
39 887 771047201
1254 1442 118598887
1730 1634 333621861
1956 828 18223088
890 956 76932162
1392 1306 370874776
589 1156 784564805
579 1511 392778600
732 433 992889303
1072 1160 532245103
1278 311 169194088
1095 69 610769943
1730 1202 50705421
240 1131 836215342
1451 873 984329400
247 510 813827336
828 726 357726494
97 1018 735533607
389 1521 45948586
993 1426 218665005
485 447 143655980
695 1775 369202273
252 1798 715851965
1426 531 664764541
1045 1921 319205345
1481 606 607479360
1403 1493 961445653
1300 851 83269051
1813 1674 115192837
1881 1285 535707198
1103 938 423205920
1222 1895 184652046
1442 149 658138777
1047 709 259529653
353 815 462225891
559 1652 704545044
1926 1978 284329502
1900 304 82653602
1895 38 356937077
1295 1397 263346039
1174 479 807422055
1252 948 179267811
1624 58 362184129
349 1583 85031221
992 1679 518274128
808 1240 928464821
815 1132 475887960
228 1060 34368196
148 383 891684803
1327 1044 670503409
1230 1022 598175341
782 1822 806519128
836 1083 423171334
1349 234 912620009
1464 484 599679495
1188 1454 831677161
1599 1153 238171466
136 1374 839152364
1372 461 653420544
684 562 476483945
352 645 483215812
1700 1005 64056536
1497 1796 422527763
837 617 895712484
1605 473 438085860
1532 1791 91245417
1018 421 524955000
1831 1347 619658176
1184 1181 288520181
1081 1476 501902373
52 76 263285099
1855 1856 191971768
895 1452 745623674
551 1840 738568485
1114 137 788623718
1978 1039 282225210
1770 1159 410138922
283 925 779709939
461 296 943526750
261 1534 612850551
1665 502 426472463
866 126 572988251
351 302 15875000
119 1845 729183320
1609 362 184957282
1184 1247 397810757
1068 468 546329146
23 1070 734503959
1422 1482 397050282
796 1832 757815675
299 1524 139643948
395 1487 527390626
51 722 936526359
867 104 852702597
1437 145 439161436
1245 1977 276059939
1528 1569 340865812
1247 1050 62182619
1044 385 175582732
1027 1777 187923396
341 420 459636896
170 691 242488910
395 86 582365052
220 1115 537963994
1220 1287 817446855
198 552 763914201
1942 1453 188645416
237 1360 653295066
1281 345 445793361
129 1201 451321908
1652 13 532826560
884 450 540741483
891 115 191303133
1940 1309 161642350
1968 151 143300881
1812 830 107782306
1986 133 793269296
674 1221 159081594
33 1316 541613660
1102 1790 768100466
17 153 465512967
419 1677 687999758
966 1744 448013818
1469 181 565649639
170 159 424627906
1773 787 775389645
1862 454 386509170
1591 849 219645880
909 1561 840269470
1949 306 72105573
1536 1574 618090321
1569 195 90923358
1511 1415 426708730
1346 1640 779837096
35 1135 245139442
1039 516 532895358
559 593 504539142
1589 1427 952117876
114 1563 741488623
402 1019 978887759
833 197 370622138
807 981 635404601
1705 642 912686255
283 1874 746268523
1561 933 487201093
1694 224 67516840
452 107 217088744
1176 632 387465486
1313 1751 105745058
402 1559 571694142
371 1358 533793950
1009 1357 784426614
170 426 813258686
206 1539 785474602
1415 1830 927375144
1126 1906 581833704
974 1106 513177639
1050 120 800403258
490 210 219694385
1355 1556 80887730
679 1234 212499181
948 557 51291240
746 1557 534023148
868 949 154572890
179 161 964325274
159 1612 999165037
1629 1691 274624431
1452 146 21439109
1153 1319 114856530
1240 229 962555940
452 458 402499540
552 1797 76857406
1059 1229 957295303
1057 19 429148547
426 534 762728738
1659 1931 276126244
1038 1021 18139435
1736 1992 302939456
211 1204 593115135
732 1734 777424568
939 1362 599363640
1278 1329 481564702
264 523 467271760
1920 60 766678651
1389 68 995719429
697 1560 435304573
523 1434 548485060
1197 291 944415117
1347 1241 857503301
851 1335 981158554
1215 778 581984379
237 628 800812454
1176 842 256915041
836 1154 380200019
1160 529 561517292
1999 57 198008735
51 947 757153197
39 1412 613447091
695 1337 686993790
267 4 269188058
1281 1841 165969600
179 429 634261799
446 404 416582149
866 1369 636704233
1401 289 912928826
1976 1145 899134551
1940 1142 526346642
396 738 732446155
143 566 315512521
1925 260 549415445
1081 122 336924296
1177 1533 311837700
696 1214 966220554
608 1208 200442538
115 1166 450914755
351 899 842225058
1448 1853 466300121
692 1238 505240267
1393 273 558907859
1071 1835 476866802
158 55 9701480
326 276 93820240
972 193 582719770
1516 459 647905208
79 1993 758204970
169 318 623194968
57 320 346307095
1114 15 48149494
1889 1465 80299498
925 347 82604768
526 1781 80914532
447 1973 249124192
1983 496 212928494
1992 995 998080114
1775 1958 337066222
713 1880 413032803
1038 660 40259877
854 805 294222240
1897 1780 142509057
1159 1128 299659810
64 335 320932868
17 792 349066724
203 1417 553400273
13 885 38632480
198 898 923906920
686 1405 884757395
221 1359 842239436
1745 1729 744207671
747 1825 399254170
75 367 566576969
532 138 995844601
1469 894 365928473
1585 1474 8415580
63 1134 208813638
345 350 183912992
656 757 918660015
1310 1954 101148276
1729 1905 847603514
1358 26 225655159
1357 125 94091816
1336 736 767586876
264 743 720203141
1491 90 755056236
951 202 272987658
1463 1693 665471838
711 294 250690613
1046 1376 558789332
1624 859 134380606
1341 509 38511302
1619 1421 22004628
1516 478 376730873
1517 1472 73869478
362 1537 882916040
396 370 131891384
1316 278 625126796
1804 990 937125302
1223 463 246329970
718 774 921742312
901 1020 49190414
125 1423 887253552
489 1722 495025401
1877 428 373386595
1719 1608 123539741
1038 1760 885357202
1214 1233 842022565
1222 871 143090186
1132 1119 48421463
1129 46 653200983
979 1809 318911078
226 380 386488958
1859 250 970733857
1955 576 570893765
988 243 116686468
1624 825 863702942
1044 1514 599531135
1479 270 421154508
1233 548 10873714
197 77 508075990
1744 1662 171218587
1631 1149 217983544
628 1526 85369117
1822 1646 497522263
1387 1371 4451274
198 251 201162222
1986 230 70231606
1252 1171 379412299
700 1918 849357859
1983 975 333220843
695 1484 803423510
1726 1236 799545447
132 841 930509127
536 1772 536846341
977 712 19304529
476 571 122504256
145 860 116039812
1374 30 141853482
933 1248 978297843
1989 1902 420832756
1424 168 356550835
81 1157 885009155
1855 1090 74521928
1176 528 530079072
230 538 39487233
1699 1987 146203357
797 1689 895699914
1057 612 581453343
479 1714 399133187
1303 1711 767702960
1421 1948 640942990
109 1607 810373539
629 791 727923184
1917 1630 916871499
1993 1757 266812237
52 1739 831074420
228 540 361382998
1458 1930 921126051
1075 917 105149833
1900 889 159728547
1045 213 439050691
1730 1239 940811584
841 643 224618803
1287 789 116342937
796 465 210317856
248 690 882917326
656 201 935478583
430 1988 775787713
1784 368 816478856
435 1644 570780743
1974 1385 190845440
700 744 948927874
886 641 461320665
1685 507 25663826
953 838 17076475
1159 1943 806955055
1574 1613 306688500
161 1844 777213029
1955 999 326187227
1031 66 37448868
1747 1108 188181155
1009 1471 236585614
932 1274 888683431
1398 508 916017775
291 737 45096412
1450 698 758784522
495 178 125069830
606 1438 474839396
1001 1746 335561640
1403 369 219570498
1312 1361 872025851
470 1394 273561578
97 1892 46609480
986 681 789604029
1492 776 106198511
1920 1042 428830177
1855 627 225000451
296 184 98268060
1495 78 403781373
1881 1224 318934655
899 481 812088919
68 554 852926195
780 42 426528376
10 9 152810971
637 1808 772769433
1090 1194 218177581
1736 1066 451846078
1177 823 963400921
1955 1879 134594956
1926 382 564229496
40 330 885173514
596 1249 793739482
826 920 621307129
1745 965 315382378
688 1381 731609051
1533 982 691951302
1089 204 273197327
126 874 259282210
1199 809 359733546
643 964 899824785
380 592 267472761
1612 1133 284038311
1516 1553 400716107
867 441 525353361
50 300 430265942
1506 67 298863576
427 760 212286730
1835 1865 551452325
881 376 608134044
521 1884 786919773
346 857 231735951
43 1311 576261187
421 1388 97476442
495 727 546708446
789 1725 156061485
835 1899 190807574
1388 83 610046427
681 1004 606424472
1988 477 23233520
1109 1850 822772494
773 653 463932894
99 973 206992026
1692 1535 443113014
917 661 13743064
1505 1502 270234621
148 1821 319140696
253 1500 381430657
1270 339 572749747
1856 191 506157989
1610 654 321878359
326 1515 715360727
1202 366 22846675
1727 1087 292572572
1211 1824 268600262
825 1873 128434043
977 1150 95989498
1461 1510 13524387
902 72 919946700
1619 1838 195971183
261 1626 386365417
158 437 350750035
619 1641 887983169
1735 1330 93836609
1493 1786 445714070
808 651 837268665
97 1759 661099939
240 449 113162027
440 1025 920454121
1533 1445 983404847
556 397 920140845
1045 1823 624899283
263 804 570774893
95 1984 147558669
510 621 64140416
930 719 705799637
606 1615 408970045
79 633 970625333
1332 832 500077231
1845 1373 891064368
126 111 383946609
428 1576 100474721
299 416 142818430
339 375 808213804
1166 486 671304956
922 1582 284520248
973 1581 323384220
1219 1708 840786198
1401 983 896941724
1083 1509 40193554
201 258 753773362
1669 27 293555511
999 669 881828274
1589 403 824139437
1025 734 426731847
1705 20 901676847
540 994 929999837
40 1449 510285410
1258 357 66547048
1103 124 561778810
869 555 142576547
1724 1924 653103135
1285 519 680221952
146 1684 754660988
833 1180 743055051
1683 777 332425932
776 1351 431662376
224 1294 836329030
136 1383 834247406
228 539 789480596
1574 1146 913118042
1450 422 702107971
111 1475 182273124
1631 41 716654601
1067 1338 454014352
1958 1531 699431807
646 1728 33221456
342 1622 506899942
1262 672 981225657
1397 116 141116048
995 1686 998116296
484 1530 726038832
1454 897 896053067
1313 1803 868635585
1797 731 622034605
1965 1938 173374477
1858 506 914452832
1142 1625 386415550
49 1748 884889703
766 1504 537563257
1756 262 580366589
947 844 17973309
1229 1110 332762208
1572 818 399599397
1902 1003 316882333
911 879 956519910
1940 1055 90331729
1319 831 739511826
1831 1318 391084143
1626 1257 989759130
436 1024 568085334
1826 414 56787331
787 1645 307258124
1129 1305 334077367
740 636 957105717
1967 377 595758175
860 1430 791579641
1495 1573 799764224
1786 167 607598550
387 655 571242369
1025 118 199519534
1220 1587 203188202
746 1815 909058793
384 160 642587188
1976 570 413553296
382 5 840739273
539 358 118310754
1388 779 768848446
1946 1518 893927284
1939 1276 949764034
380 1325 790715955
1021 319 237764927
1010 1049 361917570
633 1750 306462849
416 1546 829327406
719 1101 504037391
1925 998 68473020
1091 457 468220128
1159 310 38379104
1355 365 185478147
652 1322 886137010
151 497 932867515
990 634 85098122
1389 292 618877566
1531 411 136146289
642 1315 437520834
1318 1026 977609281
729 398 896750767
670 644 607929189
110 1603 49959096
1501 1094 79455781
773 1175 143414635
785 1301 601790124
1335 1584 129375096
886 896 494832347
523 1034 582880863
739 1508 880711941
1890 1593 321011365
592 1721 258358202
347 1869 2898079
118 754 876242352
285 65 862147062
452 1522 375803879
1159 379 647176715
1824 70 221529825
1373 630 604643997
13 214 306942968
1270 1486 870081720
1355 1789 34103998
1734 611 359617451
873 329 144273034
1159 1864 995052463
1486 372 744463778
1306 524 361518780
1239 742 801445330
784 187 566438427
1831 1707 299069899
1889 1861 667313297
198 1279 224556664
662 927 772839129
1146 1314 3216374
1763 328 858868837
1619 1014 910958770
1735 1540 512896224
621 1829 374155339
363 135 777328882
735 1982 667189436
910 1468 250040856
870 553 129314019
76 84 151197805
949 498 695102952
1303 1799 20344465
965 1189 611132372
1798 1036 394528891
1127 1386 968921857
120 287 356227511
1358 1457 584149639
896 1470 618681842
1277 1466 719600603
93 2000 220609705
740 1586 930546057
777 1015 874123403
901 1352 608835868
739 1936 515540305
1191 174 54856257
438 1753 254812678
502 915 840519376
83 360 438661295
1215 157 458623656
698 217 440756977
107 406 161620895
1772 7 688483308
620 199 855665490
1681 386 768116499
593 1802 823763680
1236 814 218049718
1889 1419 233082726
535 307 51628301
543 1165 637300996
1554 622 482439626
95 98 114775844
177 147 39035284
865 647 337410310
1045 1290 502225461
1505 340 958493443
1114 926 162940253
1584 333 510483102
1153 1952 989570460
76 180 3288848
369 1226 110710942
482 1910 559708515
1952 246 776377255
201 1568 654598532
1860 1323 878057991
539 590 519858954
669 1167 622680061
177 723 649753580
1419 1519 961228153
1420 549 923473662
42 1547 584260841
762 1870 762619767
998 1473 82129229
732 1523 197416653
1836 544 134650102
1807 455 648033818
809 1209 999666131
647 812 628490336
1846 282 261512967
1931 464 734420250
783 29 127479250
794 1720 468808448
796 1538 101914946
1521 1828 490365093
395 520 212695430
1313 558 214671881
1142 1283 189949687
1822 102 945179016
77 1040 245956623
891 1868 301674452
1166 1331 405625818
1765 491 831786530
1533 364 727102370
1210 1169 895759952
1995 194 122750393
1003 1123 395460692
1409 200 727001424
1784 1035 697542005
830 1891 512854475
1080 338 211364185
1385 332 89084264
1080 18 957967804
325 1994 615980814
1745 1806 116944735
95 1676 592015491
1722 1849 992836898
1514 595 557325861
1423 761 691819337
720 1562 449460745
1948 1658 281109445
1253 1433 408898097
1035 550 259564891
526 256 74660080
1268 916 110255472
176 847 668698153
995 1788 702250208
697 989 32902023
1401 1520 958028569
672 827 825130874
1276 223 326989371
655 73 810228925
531 1317 926436032
1336 1011 27239653
1295 1960 63613390
1053 786 215175981
1482 1321 8599468
81 631 441147522
456 74 761158900
1622 913 941111896
1347 1706 126587524
1684 638 355812357
1361 1256 559850020
1664 1107 364857594
1684 607 647904155
1241 1216 989424537
1321 82 159256669
1724 959 118113841
1033 676 71259966
1900 530 628385446
326 1016 821194998
1494 1382 207834488
1990 88 463167907
1039 1496 106470468
258 1456 825972272
1685 1028 494290582
44 918 595266121
734 863 10932982
809 1550 835614334
1241 564 409558841
1736 140 87396293
1026 511 644899317
562 1370 69896426
1522 442 485166682
1736 602 502879973
1235 923 995661021
1458 483 602477169
362 753 645475045
352 242 568480852
1967 272 45335032
1503 1709 383532262
972 34 351108853
1091 128 863463654
1357 1012 52658200
1675 991 483809877
530 1571 673922513
938 503 517739032
1746 1805 442457639
131 87 646132916
1189 685 423406063
979 295 578180156
303 1764 105291928
1275 772 378168668
1604 545 399063969
579 1269 899762416
1145 850 81345336
1451 28 422846463
1628 541 282039877
1548 186 453260932
1181 207 203919410
102 752 356623368
1386 1410 208813987
1397 1713 135143655
386 962 177223484
1994 518 355079229
1213 1904 41523816
193 12 166074923
681 1334 139221760
1283 475 882320531
783 659 833618946
1779 942 406666818
1747 1601 670526718
1388 1411 990422609
1292 907 874336267
138 1002 233119948
630 1293 358244875
198 623 906012533
1536 677 650317201
192 1443 847941998
1107 1996 998675022
1220 667 756389712
994 1839 771136974
745 1173 355500085
1320 810 433420349
1959 1164 35365011
1908 755 911092625
228 1117 285017842
486 415 687684382
1443 1112 45848115
543 1507 226256691
75 1712 740535443
1110 1289 992033814
895 1428 387296887
1484 1063 344091943
1398 1616 419447675
367 1041 619542444
1756 106 519131437
1764 1179 712414807
630 1923 91323458
647 580 341400554
1636 1366 315563502
511 604 162161560
1309 1124 458777678
140 1343 276929267
458 472 354506433
761 216 935297593
1623 1843 690246333
420 1097 979919438
498 594 507646646
139 317 26204052
1223 671 265775993
178 274 644442808
864 321 655530458
138 1111 737828631
851 1980 273285717
96 1731 55460504
1959 196 913878269
315 1069 639591812
959 846 782000426
945 1121 156806515
30 1529 563050025
1616 2 158881054
75 759 626611242
1923 1250 949698572
1394 1478 540114929
1879 952 388212315
925 1288 782200249
703 103 33068433
344 1282 416637536
1071 843 963472545
103 1054 191977841
656 1875 864127552
173 968 482086323
1652 293 671113441
1235 1093 57289915
593 1006 929892167
159 1267 692148434
92 101 699820383
1807 80 561004352
646 24 335064433
1914 399 359222243
1591 254 24631482
1166 763 920693502
674 324 143139187
1235 1639 166893024
317 1656 685018996
1466 439 358749846
976 944 585983216
1428 1271 194265715
193 1363 804083882
1313 1158 635062030
1171 1272 896361038
1899 1810 741379672
1870 943 15235833
110 665 492220315
787 1302 119125825
822 1056 269366067
371 1903 620261735
1327 1673 828222494
577 893 968040634
672 668 30447509
693 1740 102855823
1336 1663 840801900
1750 1888 895964245
760 1148 200807449
437 504 384847213
371 286 89411934
230 1190 373576419
1924 91 418164970
167 112 399153082
328 48 796291341
1798 1541 890211384
956 872 803827413
529 585 167345668
1212 1203 441076697
1382 467 984829529
831 767 368848319
1659 309 742165516
1016 1414 376588916
1974 25 615203451
1254 567 378695973
1935 525 912673657
1226 1701 810378419
1450 1883 527669659
684 1588 292782151
1383 1717 629684100
1922 1885 375035692
376 1227 240541897
1033 1618 193468514
481 348 175658934
1713 1152 858271206
1870 1192 599199597
1607 1085 733709391
982 1898 463291876
386 765 138600057
945 1794 450301715
334 394 104650378
1058 1138 392318005
1858 444 663516811
25 298 20257417
1457 1447 72043172
510 1299 559046491
224 856 707752721
504 598 315166376
1789 546 137933913
1229 1225 777807988
1658 888 650877242
1813 1595 653824333
1734 1627 607671819
1791 1467 176506845
520 1944 713330949
422 255 705827817
948 312 529493326
1667 1122 51108491
998 946 638803602
1325 1483 158278104
842 1670 32806585
1083 279 622076538
317 413 885810424
1870 280 640170361
1496 448 552421504
1678 1459 306748247
1421 1549 614097424
1773 1264 759456761
69 1375 27137042
1791 1017 654779665
1622 190 893006741
1099 706 637403946
631 100 515027069
383 423 198785501
147 852 377500442
56 771 409600574
620 343 981487953
46 1762 337357695
1949 284 347161445
960 639 17128571
1803 687 697741328
454 1671 41048873
628 1600 555966205
1556 1407 632510949
576 1079 409943641
1236 1702 142036771
1634 1787 699793578
712 182 15279494
169 1168 93830470
723 658 500402299
161 1259 579686526
168 1761 492920992
10 460 202131964
1917 1092 405152874
570 1971 700924729
44 314 152197320
1662 391 299073788
1364 1030 607737726
1705 381 428829810
190 614 25846627
540 1395 785478316
487 412 138796660
307 1543 339161254
1734 494 972906930
606 1552 828931501
1960 969 217610876
406 861 170278443
823 313 39536476
196 378 496595111
866 1565 513738401
1278 141 57918674
151 1997 149900982
1869 1432 161584017
825 308 911747469
1019 769 399779836
25 1814 823132446
892 409 218411795
573 359 10888767
349 821 22352324
1280 1545 199910708
1476 560 930756951
1506 1792 251949445
1987 876 61359720
119 1480 881431586
1685 880 765021944
413 904 483592253
140 582 75226836
7 239 163353523
981 1916 808731579
817 1296 345421083
1314 1051 181366552
1069 756 634892852
382 22 271845752
1355 271 816745991
1839 205 645967608
1650 793 532317281
1521 733 415847811
478 586 19535121
1760 1384 739641158
1291 517 389695252
676 583 93219595
1247 694 586917992
613 1598 813853765
101 408 607609626
1711 1698 643262081
1946 1380 6249334
1694 501 342048623
160 1151 596911614
969 1377 868484401
345 701 507524632
1821 1052 111871543
746 1048 430850519
327 1251 122926769
187 297 760643080
789 1077 982326166
1556 1754 779178896
1415 597 43280226
1916 721 437754927
1531 1120 120478881
137 1242 820121943
98 61 401881666
932 322 856317844
787 1911 834346464
846 1579 452200412
583 54 207632351
1349 963 587243058
707 249 172711022
423 1964 154377715
1133 1937 388645736
1784 840 84847421
1095 801 447432299
658 1228 795040765
1208 400 420024877
1209 1007 568227540
1864 561 164064587
1666 445 14777187
792 1766 536179675
463 664 607724311
1779 1653 581276692
341 432 267983991
116 730 389174887
242 1037 798256672
54 1863 578905068
478 219 150472977
1953 1594 700939442
1547 155 859847008
70 1143 120882456
721 105 731325429
178 189 422150039
1561 154 279541615
15 1847 396830809
1756 1544 708602180
330 819 978486747
1195 649 480148684
1656 648 217533018
226 663 627001061
1773 790 336416681
1286 1328 512706265
918 1961 431097299
1826 1816 289299959
543 1651 279153103
159 1161 169042906
69 675 733769423
1523 1998 9649370
844 1400 151802182
765 1901 803941721
78 584 759514841
1115 392 978949684
798 1339 122173499
1883 1966 37205715
1075 1909 566650648
123 1178 528901253
342 741 801402747
1812 1098 895176211
1852 1833 962088130
363 434 184121143
473 505 770152507
1545 800 765068040
1898 361 712381646
822 1638 853578190
813 1985 639532708
1106 625 97013609
449 259 209234409
1594 1682 61990982
1949 996 237240600
1092 1498 478564855
916 883 21344949
577 1255 28181998
1505 1064 284197593
1193 257 24729375
1599 323 705002160
12 1490 916347113
1980 1696 136163510
1855 185 169238591
638 600 807842453
221 1082 668880190
1630 1661 6853477
681 1367 798133525
674 985 932275514
1397 1356 949899235
205 934 998413200
1769 156 620840540
1030 1439 108207080
273 1783 128207639
504 635 134193822
1165 431 764088759
132 21 963539586
1907 1431 171196345
258 208 791820336
1056 717 806897564
1082 1894 45887048
621 45 149380998
1422 1333 186014391
1398 1872 967276340
1540 1186 620513939
1640 1140 241738825
377 232 856883993
847 1183 715861946
979 235 147077867
859 845 317811382
172 941 401893175
936 1654 656610004
1592 1404 210476942
1577 474 107524772
1310 1597 866017525
1470 336 255222957
1247 839 275409624
357 71 520332876
594 1647 759124624
472 914 80988966
690 640 996034720
664 565 912196234
1006 1697 742232508
247 1499 73672441
647 1752 363205743
1103 1354 633563218
205 610 54623972
1673 451 16924836
256 1078 278426717
1127 1118 564872206
1430 1723 702166874
1384 1555 822689109
1536 1776 342888710
806 164 489960379
166 1130 294864405
1819 1345 377881151
1246 417 113407311
258 85 343300636
263 615 182196251
50 1611 981142630
660 1866 459677354
1837 568 811956923
1276 1144 996758516
678 919 945642598
811 1774 478967085
1895 928 934569131
1339 1963 42457262
1429 853 538394381
863 1871 873574655
640 1096 26182846
1482 1340 577180038
1397 1205 928255032
499 1672 829305024
533 1867 655925310
1155 1139 699159787
119 824 733030931
278 1893 964518354
1322 682 46512546
1751 1368 624918397
483 1800 405228913
892 1551 771696270
809 1418 761035913
1977 1755 754713874
1827 781 984697653
1527 967 103589869
1442 268 869685541
978 1738 96982619
225 1737 611142358
306 59 615776
598 1231 888872778
818 1718 734166732
166 749 855525203
1959 277 643206652
649 36 429350142
1713 1680 547903599
915 1342 945368414
1851 931 851595100
1230 245 284129203
1728 244 856848114
59 16 813445527
696 578 315451025
1593 1344 869204952
1971 708 811159268
1834 1655 750953718
1110 236 359101339
1434 3 942619643
1986 130 687503314
1431 1635 393633039
1971 1324 134996485
1269 165 943731300
23 955 890977676
223 160 130160789
697 1745 539122778
1813 1418 585106647
165 1062 714374194
974 1013 570715033
1398 1785 847451009
1555 1199 263799582
1125 173 367216940
1113 465 303774307
1342 1256 432427560
1397 1882 136488029
1826 489 550601050
1871 906 399863159
1516 554 505031600
1131 513 900875594
1768 1447 907638912
1876 1705 888474270
705 1613 914491936
1258 610 763713953
1562 663 255685317
77 733 45814886
1616 997 576733600
1515 428 768037792
286 927 128522294
231 1879 499669406
1 1337 425038847
698 626 347876233
334 407 808340034
1055 510 758729949
576 1635 375471152
409 605 45210917
807 1260 109276478
408 154 2182139
317 290 962030023
717 888 568951614
219 592 241703393
1834 1899 588398484
588 825 543691902
1998 1460 228871970
1089 246 722645191
1039 977 200977034
533 975 329255348
841 1669 531300389
1185 153 449001455
1783 387 632125313
115 975 711228395
1856 1233 970065693
411 52 177689151
1459 795 465872995
727 872 794643015
854 261 748968934
31 1481 840842493
1612 902 102712284
1251 1404 5731348
725 450 552091870
836 380 825055574
555 39 275017438
1537 1843 305037375
1290 1786 65893480
1604 359 855912409
1424 722 18564124
1372 1735 447840985
118 262 285938795
732 1158 372083706
1278 291 19631504
1444 1783 29312666
749 849 461267921
1807 1434 503728018
523 1351 123826679
1149 1510 19038297
217 364 610421771
1602 568 131016796
50 368 72189009
1950 1003 868445847
54 1402 297493641
671 1609 137258871
611 419 841828196
724 1601 614496499
629 1059 865099845
500 1338 824009449
1887 1003 181620537
95 39 671244725
218 723 830088503
498 1643 996040984
671 581 79759004
1649 799 290801478
992 1946 833160160
465 210 503462480
44 836 983517341
788 1121 776708020
99 1884 571160770
873 215 273634882
1446 957 476654099
355 1303 38999601
611 641 399072740
456 1784 390038401
272 1674 510662934
254 1872 82106003
454 1444 684023377
273 1124 513353990
976 1081 176440962
1080 1664 622023379
452 69 59023767
1561 354 940119467
81 1532 735491449
1946 828 143217296
314 1369 51405642
955 457 118075313
675 793 370496224
1888 32 347870347
490 1671 578635904
3 248 946503228
1863 1257 48463071
137 1915 274663978
1079 1323 818304853
1940 1710 566065876
886 1035 660562531
1337 271 612258039
1195 69 240950887
755 672 753540836
553 688 537612957
1385 836 470180896
1284 1433 312058969
636 104 101023037
784 1230 11501699
1172 324 966344183
1504 926 61502290
11 306 947341202
1086 1744 172254284
1801 1742 797786994
791 1521 437747325
1426 1999 947212795
889 130 114244342
877 1461 364807595
735 1137 741298056
887 1844 981367924
860 103 787494337
1672 1040 615742815
999 1267 188558375
789 1354 820263517
439 437 928346547
358 1354 823339120
319 334 619606416
520 1166 718930426
1659 150 299995413
1782 1042 114255204
892 829 303706623
899 832 469526003
1585 1127 455103218
492 1978 76722406
1543 18 36643378
1260 1590 91100883
1842 266 365727901
944 1722 384377154
1853 1040 73341676
1981 1129 451154058
1007 1926 280203050
847 636 236357612
798 270 729104500
723 1284 607278573
696 899 332625138
1959 944 370105592
1072 1112 291858453
1425 634 818308659
438 1841 936481553
1517 1895 743473313
987 1615 455368605
1243 863 12680824
948 1280 193500393
777 1241 526691524
572 1735 473002720
1613 619 41427260
415 216 561870751
566 449 879101027
1157 1542 980636469
372 1180 536161763
892 368 653996443
821 1758 772934437
1913 490 392394997
1601 1475 551173684
753 537 999570442
665 1490 11959507
387 1409 997626113
1916 1829 105874908
1192 514 675109470
1210 149 297041627
1310 225 155938875
1852 602 511191018
305 1235 308547018
676 1409 518953422
732 255 226449162
1090 1999 301600339
1039 1813 688720584
791 966 918856932
1601 954 299566297
318 1141 803305837
312 438 716286613
1447 133 327697269
1287 1296 220371863
1845 65 455440246
1447 1512 550250674
347 1254 43269247
409 1813 447383862
948 1068 505510413
412 1056 833769571
1424 4 427046949
1131 929 875658541
1926 1603 572022709
409 1625 344224818
1302 1438 760121644
1711 1377 821975032
653 759 582101335
1876 1873 51329898
1407 1335 377270910
399 1491 89881749
1761 1964 18640319
890 1113 894345118
1077 1380 912095401
903 1900 639473159
1706 91 394309404
248 1079 48760866
1219 1074 115516255
1194 36 304249557
1095 242 740847234
1250 1237 716211087
1913 1808 342725366
234 422 30125706
1513 464 62626666
222 1921 600387906
1067 1471 55947239
835 946 981751604
1174 1740 920015662
1735 989 823080667
1216 680 553792593
1631 1213 580949223
696 94 567501968
589 47 85567423
1365 1556 452793205
1329 574 444879674
30 1634 73900338
642 1889 235844760
553 2 511216441
364 1394 403678919
1736 1690 554643229
1308 959 146702035
1921 1815 500323240
107 711 238315181
893 1035 566645820
264 238 83067423
1715 248 7316078
1433 993 382423567
438 1837 139959264
99 1889 379149811
589 1792 548443230
1304 26 639526292
946 829 561932860
449 915 817139974
126 1742 761473262
1548 1132 684229862
850 1036 977968104
1672 1555 956853974
1801 966 350514616
191 407 758742582
1213 1359 532952929
1492 817 461247780
1239 925 372787193
1725 1024 416442293
443 1855 951411333
946 356 584997748
372 415 868296211
1399 1758 49552155
1100 1657 215521817
391 1014 415000208
1855 875 682991373
738 1773 875046177
352 926 239826245
1241 868 42954243
1452 468 487803408
775 205 556556553
1823 578 118250772
1138 561 522478496
1267 1023 286591977
147 1697 612060179
16 830 714029046
242 465 104293627
225 874 119184524
950 546 835607303
564 1552 622881600
956 1760 467210477
1444 1697 221399693
470 1004 536231856
346 1992 857236137
374 1291 637511443
418 1608 2252455
444 1326 349403228
1210 395 346974157
1628 723 577472845
528 311 888635191
1459 1677 717913951
1917 449 159809452
1500 1728 968585025
1341 71 511721408
910 1728 977497744
65 1385 244405290
1785 426 894470103
1415 1512 710944359
1680 1906 194727113
1527 818 629886351
441 767 423792316
738 316 520058230
1396 357 674379625
663 1906 115703814
905 1730 567243746
886 1835 822635227
1733 1947 334280147
41 848 450903327
1990 168 250046716
1359 1840 350202791
789 1549 717029614
203 44 413090639
708 1467 363269381
717 536 842299794
297 1111 934308517
672 68 229676909
601 633 862945208
1572 1335 728517748
88 1128 772869990
733 974 193625140
1713 276 621046039
1244 821 120894924
1953 372 28238758
1276 756 916607430
1321 1969 503997158
608 491 442541627
1461 179 66905
1259 273 334245158
1862 28 612980270
1585 1641 251946247
407 834 100359548
764 1254 348497851
1982 1312 751647421
1794 1058 703676314
177 175 480141
1253 441 74749650
332 1953 350950563
411 1308 171916034
368 1999 628706063
495 579 463823130
974 869 473636277
968 66 542849905
1060 1770 34572042
265 48 938100775
1608 948 981150988
681 435 522792381
163 1260 300263814
708 560 255679986
1600 1693 927367301
1505 1027 25261792
389 995 122135829
1911 1146 125660758
1378 898 557270080
26 1783 605333878
1928 709 668951112
1738 1030 871794322
1195 761 532758563
1598 1323 351340356
1724 314 847466807
797 449 879977676
816 972 583211350
317 1710 888880301
1109 1308 403142908
1856 123 387863946
567 328 710323655
588 435 366586429
350 1420 17082678
1546 1737 437669688
1803 415 375813541
1778 912 259531808
386 142 648882568
724 677 644820391
506 696 948334823
1626 1184 219555753
995 90 170287897
13 1612 834825610
888 1995 722734788
1110 883 382869199
1670 1643 834823700
1079 861 464393210
171 1928 756395322
633 1690 757226921
1315 769 121402664
263 686 122110449
95 111 130304138
1434 62 509059575
807 1425 477827335
1350 921 454379472
1890 1400 470184633
998 728 445074075
707 1874 291080681
324 1001 55297244
919 202 38856462
1500 616 131035418
540 320 135518472
1073 847 519208122
1268 534 909539224
1184 849 467827997
59 843 985399331
1381 738 867790585
614 315 627838119
299 1929 937051124
157 983 474366717
136 600 254685318
506 1217 183787600
199 1739 829254160
1139 779 169890525
360 1808 666322231
1460 849 211240428
694 246 468534406
1905 596 959792142
1832 1978 163820868
315 985 496790424
314 1358 420364433
176 33 716245343
1197 1467 88343751
520 1579 10647477
1484 1033 72970511
238 535 71467426
65 988 314515777
1612 1308 657668710
1304 1809 414490112
923 1293 766017327
274 889 960271126
297 823 697596183
621 1110 266556940
779 1775 813849440
1089 596 734668045
86 218 33163762
1807 203 335297021
249 1676 535302164
1286 306 512360916
510 5 609304426
1190 646 687153215
1713 986 111252270
905 1659 480286072
1167 1681 500783538
863 482 746891365
611 303 710498838
1289 173 364405999
1901 1109 848711237
1448 366 899779748
1332 1128 23313205
423 119 588143504
1246 1136 516653918
150 46 879383895
958 1412 73283962
889 448 150808215
542 932 89844607
193 1512 906526844
717 1655 697778650
121 575 175917732
891 87 657944300
1780 262 171381044
131 1850 338725577
1429 850 916011834
168 18 645738287
1328 504 246955333
1811 1207 323093444
992 746 805401667
1980 804 838497428
264 1729 75516570
1527 1808 75257546
173 779 182158217
1362 1758 306250668
1060 823 656308415
1532 1927 491678172
1609 655 139994684
1592 1718 409098957
1040 1205 273852007
1763 1237 247826050
592 545 639715952
306 1895 258170254
988 187 427773160
1344 1461 152321863
84 580 192750750
918 141 667746892
12 138 482818492
1676 1768 990511418
43 28 214775073
336 1948 890780074
1048 411 955627008
1173 1202 268131693
1008 1778 688803769
398 808 665019403
859 615 848977910
363 745 296830584
112 1251 22553865
899 1819 43414296
1237 782 360474245
707 1290 769482741
924 1695 576194074
1350 1876 861696831
731 1219 16415413
197 694 87719427
155 1324 171947480
866 1685 220989743
1780 988 327163190
1888 1695 64058054
1767 898 715810450
1509 626 81940831
1100 1589 932533209
1091 1341 606474723
765 159 129001852
259 1095 841759111
211 1803 467244307
1651 206 842347526
367 50 359339567
130 577 318137891
1228 1667 242828671
1194 15 487162462
4 34 259339301
1550 609 452613109
481 658 534796634
981 630 178015773
1541 1174 134568512
901 655 94143873
1339 1845 211655174
643 954 854363131
736 540 896042562
1290 707 829317265
1805 1305 116271498
922 903 595556786
871 1637 965555796
404 1979 565324209
200 1442 969614863
740 1742 128703361
1023 1349 997538946
318 1994 634494386
1958 1878 846155107
1740 1472 465596332
1491 1126 25876026
950 693 176503594
178 320 171868792
339 1288 537289208
160 1508 690451923
944 134 222664688
683 560 769459427
512 864 367874353
809 288 395848706
947 1435 467169954
1543 648 655529568
1577 1144 361262758
1891 1119 337223012
777 886 298326560
1260 1566 179934282
141 581 43998121
632 1322 458233849
721 652 434325776
487 1007 97611045
1868 1630 3882770
1222 782 341479589
350 488 868709722
1943 824 244910614
251 1375 907547835
1791 155 818370224
1127 1512 927954348
128 1885 410429031
226 1944 238114052
1241 759 101214021
1735 1565 606495478
1274 36 696028935
1760 1852 144739406
141 1018 109805301
1580 925 866092525
690 1304 366837766
1236 677 717126273
138 1937 960848691
1082 963 802700937
422 665 601795610
1988 1629 77013641
145 222 684007895
408 1755 187780489
684 697 290532383
1224 1652 779432402
1465 1109 279939229
1791 520 466981356
425 1950 58049169
1677 750 408756690
330 1102 88743589
1040 144 953298551
1564 197 713769234
405 1332 254289278
1635 1847 827624947
302 1100 395284788
467 1835 255549416
1075 465 442995409
423 625 905729774
542 1035 264600303
162 1668 297995646
497 1892 267065418
602 273 146168291
1019 254 418129593
417 438 728189408
140 371 33658989
918 1774 375741058
1030 1484 660418408
428 460 966308417
949 244 896895807
346 823 650863966
928 1934 205218579
228 1878 862806136
1056 835 391536588
727 444 531657582
801 1489 921861784
1051 1846 86337660
1799 1889 539697059
1780 1827 140275600
178 1993 481462039
201 19 262490605
454 850 36473430
890 307 823767043
116 1162 140004726
1003 471 603327885
1406 908 745756925
294 729 454382059
1626 1358 274239454
817 722 583816896
1428 1197 13098931
92 616 72321231
1049 1349 406287674
270 391 107661586
497 1811 550396693
1872 675 427265052
492 1598 571513021
1642 444 867897776
1041 915 138383303
1725 707 863198881
1380 369 732786523
1089 1117 197677804
1622 869 606102001
1728 1749 544763923
882 71 832129869
931 1528 525031867
1125 564 364718268
940 507 320625800
1006 302 447449487
1972 991 465204024
870 1409 661258712
246 505 897261566
1058 119 85927779
1515 219 402784288
1335 959 174957303
1480 1351 944600531
1245 346 262276046
21 1574 973145174
519 1575 397283665
800 484 543060045
1122 1967 591815960
1042 446 738936415
221 1571 355365152
832 1567 236786194
1624 1828 963095118
420 1127 651015397
1904 292 496639780
1837 1149 460281774
682 796 52782273
517 791 819075126
1518 142 538469406
242 1336 390550802
550 460 887776647
480 1770 804879812
120 1065 595556439
701 156 353122066
1985 1774 306621687
869 909 929477029
402 1616 565846296
367 314 506171108
1551 209 58886703
311 1637 218115602
1798 1683 89692209
1918 1207 603750310
141 917 245845136
784 232 719861481
16 1863 588193652
660 1724 248847830
1753 192 956473150
281 337 661484846
1665 1011 791429177
303 1990 193464025
1334 1918 213080226
1701 1342 451438724
718 323 428640987
257 230 391426167
1835 1754 471113706
277 947 255887542
880 599 588215863
1200 1199 687499867
1859 1497 216668294
1539 1910 359400754
1795 1635 387494706
534 1485 439632278
1613 1230 3759531
1417 1587 15377035
170 1934 689796145
1392 1258 860302875
219 1652 30704593
1513 1047 753551349
887 1765 195581088
1280 713 175121474
933 1418 976594487
1797 1511 62298314
1686 1544 696584814
1436 1118 91189320
613 896 705274972
1254 1289 233182217
1569 1001 966606222
63 1425 460420043
1402 765 195460486
1000 1960 432623059
443 1362 847158646
805 1 874452304
71 1787 371987517
1498 1490 82997999
1831 1694 970334881
514 749 159751614
355 1863 687774670
976 731 28997701
1584 941 233656847
586 522 772114914
1977 1027 491758538
34 889 340410469
465 1186 765081793
519 146 828782572
24 1318 32929671
1805 1224 278037760
1820 759 492050752
505 1921 776879855
674 1704 627532700
559 358 338390123
1733 885 675824917
447 120 77768291
175 873 52497767
1357 118 493703456
614 1998 574962256
1809 1229 412366244
345 74 987134601
831 1278 626227007
1883 1734 631729412
360 311 934502770
1631 672 763180646
720 859 419823623
405 243 852129991
801 1460 685928304
36 1862 80989096
913 1338 216759648
1897 115 939228212
1632 804 534162344
351 313 149332922
133 1807 298012499
832 693 62900330
505 1693 8957444
235 1148 937718351
1876 321 539652494
871 1132 677160589
215 1208 892419028
1511 1780 706108635
474 1737 967775459
334 65 826890050
1224 1184 739799373
933 1659 499083799
248 1160 508985031
1707 1871 207107126
1885 456 153455877
1773 1311 802181504
1488 1584 377138901
966 183 449059222
1612 308 693859706
1129 1730 130517718
1066 88 918390347
445 332 273855893
1487 1613 394876043
1320 681 927301535
131 843 535075722
1679 471 20177387
436 1103 801586427
989 975 131523747
1371 1783 509365144
643 1586 925311315
765 28 285586932
1968 882 613121391
581 1920 169782687
1408 991 189510922
1935 409 913870463
282 947 835618772
1416 828 808662637
949 1376 203451989
358 430 448946446
874 376 975392616
34 1783 533556724
272 893 150092794
1373 1192 459569397
789 1323 121061122
802 223 458758346
1129 1588 211428291
728 904 5090282
975 1867 77275712
892 711 208424872
935 1682 559385088
1085 1651 693391755
533 1528 658472707
1607 1558 350570733
839 45 509520132
1284 355 491659990
1446 809 881929455
960 1718 468864538
778 173 491540645
604 434 469010353
1875 1975 536042734
1591 1992 396443477
1333 668 34914750
56 212 258941538
1716 273 615362220
174 1885 676942057
1969 1867 243295151
571 1708 929069845
340 1960 392707098
1247 1724 777669314
1323 206 497369561
306 100 980134747
658 115 866603245
1781 481 497778676
499 940 286261541
1609 1415 867972519
1168 1498 190409758
511 1098 160316467
63 930 36866940
50 1848 14204626
870 1325 245980009
1523 1466 704983897
855 1824 630109006
260 1211 390024598
750 220 462445777
727 1736 532392165
857 841 881563918
1288 649 801249300
1239 526 189732376
360 479 428244857
453 516 480185010
555 1230 9279824
1093 1645 528566858
277 1741 534668890
1647 1007 857963317
353 620 520253106
509 1094 765937457
1458 1142 73693937
66 569 780432407
510 1704 717783941
459 972 37505247
440 448 298142798
1961 998 491150554
1981 1690 156905082
1614 1379 37000490
1041 1655 14375074
1766 477 133593220
1867 575 528229668
168 999 182865705
1135 553 807245506
718 587 957841698
1979 1769 341417851
1121 1397 160055483
1204 697 657669033
745 767 606674753
641 859 983963995
595 463 213001726
841 1886 409622004
548 1550 859136373
921 591 973829636
1437 922 339718362
1753 1123 103832934
1168 1391 273637332
144 578 522429338
1523 1489 121481845
517 486 212022884
1618 1389 205721977
520 1189 619404965
1050 98 896036542
1872 1435 687901560
1283 314 135696388
1911 604 574843280
1902 1117 124809701
867 9 147729616
944 1144 485659415
982 1728 461256747
174 1786 512307679
1624 74 900677566
1961 385 74173912
291 1439 224541483
668 1011 500406757
848 909 76824119
740 1166 174947444
193 873 515812263
464 1364 187505140
1471 69 488837206
170 657 655833496
725 835 306854043
916 128 949267020
1917 1353 591884249
166 446 132464632
1833 342 438213734
392 812 452137203
1781 83 555068833
1867 1387 85895626
1436 974 329604174
1101 516 106292017
1944 1652 232925492
1229 582 110697545
526 638 622358521
1403 3 320672532
777 701 331153469
245 701 717717301
1749 1704 16156404
1693 1885 493175019
416 1798 325350920
703 1685 265715280
1229 151 858816046
1666 1416 244686541
41 1864 163201800
205 1702 858749664
1330 1960 815096188
93 1308 618670610
292 1348 457802323
99 940 110053682
1798 986 845392149
612 1209 475155670
1861 380 136857890
1787 725 428160019
175 611 263867668
578 527 46511483
723 679 24913492
834 1351 318181463
1032 61 991972603
1958 405 163415077
1499 496 620117995
103 1162 57068628
1933 435 678388012
1124 580 495481406
1117 1222 32710795
1952 376 384187749
514 375 373898864
929 219 18452978
1211 907 478894848
998 1650 8785258
1147 93 631193459
1081 924 792266674
559 1222 313751478
1622 124 132149829
1314 782 389164100
107 1835 964958643
292 1731 471894081
1105 78 311890269
358 1144 789225431
505 1844 234700654
1290 896 627524309
795 1747 258755356
425 267 564206981
603 516 948657440
1380 64 23924173
1469 1228 90274418
1328 428 129099912
1771 876 543992649
1532 1866 318399270
1157 1196 958997586
468 1332 64115586
249 627 741383727
1499 1913 210871298
307 1883 253605170
165 1696 742409717
1110 467 522874202
500 1628 268282408
380 837 616117390
212 1584 645151178
1467 586 451841816
936 1573 237517697
216 1818 565079652
582 74 788543180
433 1736 155737592
1953 156 111819675
1302 190 164651190
1046 1382 313025580
1544 293 625351249
394 1674 128073512
1413 184 184309005
129 1713 5019133
1634 202 676683707
578 433 927092605
1098 1509 747987443
602 429 275359415
1799 1461 902189714
30 273 88700437
463 52 587620470
1542 221 512854710
17 1784 112045944
