651 569
502 435 487
41 364 730
617 120 902
69 176 562
251 268 462
36 157 498
298 568 153
278 283 60
249 525 671
1 206 983
404 58 87
239 640 182
427 527 965
145 57 384
253 151 920
628 498 491
561 357 886
373 39 749
271 22 694
415 553 648
58 49 376
139 43 431
319 79 730
22 142 748
58 332 215
433 435 674
211 458 5
158 544 13
176 91 53
88 342 496
324 58 945
285 497 519
430 529 547
505 577 799
599 459 960
426 253 943
512 150 47
374 236 613
334 66 132
514 574 721
471 277 63
310 517 827
477 262 313
225 505 463
271 477 788
429 167 271
295 425 495
66 358 955
127 313 673
325 590 166
64 295 108
356 94 333
288 270 653
494 208 769
624 225 937
95 185 960
22 114 471
69 635 694
85 405 332
211 352 298
265 484 81
418 218 842
73 325 150
363 307 194
224 25 824
589 1 998
569 31 276
424 553 654
550 81 330
592 319 983
504 266 939
405 174 477
93 470 176
568 217 17
633 274 311
531 217 850
277 159 782
141 79 486
307 555 900
421 198 370
1 577 712
319 130 323
134 156 817
610 379 248
109 97 431
166 229 268
169 391 473
253 38 566
487 568 44
433 165 577
563 199 379
352 568 590
239 580 290
127 34 644
502 576 596
381 176 943
28 337 219
535 608 913
442 97 850
316 513 274
262 20 365
448 196 572
621 121 30
463 373 634
505 227 505
239 562 56
582 115 186
435 170 62
391 484 345
540 18 706
421 494 274
73 349 921
298 292 10
279 602 625
367 64 174
505 232 983
552 64 74
155 417 924
528 19 362
89 515 51
133 28 35
104 520 508
219 541 615
139 328 966
169 646 999
128 418 340
148 256 874
415 12 225
10 342 934
407 206 630
192 43 965
526 568 846
97 280 710
308 613 831
376 610 517
540 222 4
148 260 155
96 271 181
418 510 491
541 632 466
430 586 479
253 473 439
1 141 267
356 620 313
542 318 640
65 414 424
27 511 250
488 508 542
111 505 726
31 547 568
448 339 842
64 256 426
634 476 848
526 498 831
598 448 580
85 577 929
515 16 224
267 446 960
621 361 998
532 1 515
43 314 819
630 172 809
436 379 43
645 241 194
388 559 696
478 579 665
458 274 25
73 379 733
1 543 392
457 627 329
46 232 4
85 125 700
301 154 56
520 100 160
59 620 210
639 257 916
70 584 868
254 625 115
619 544 800
650 361 981
296 373 366
94 228 988
443 79 309
331 262 66
430 566 95
395 610 42
16 441 101
311 271 704
48 261 821
289 175 929
82 11 953
104 12 786
535 640 278
77 1 162
490 97 292
241 22 411
239 420 827
28 487 502
200 626 544
641 619 798
497 532 95
365 163 831
526 406 489
229 182 746
1 644 713
256 212 23
376 302 626
403 194 642
256 395 7
174 171 853
617 348 350
150 640 779
58 273 238
388 386 604
58 401 666
389 607 166
343 113 119
469 64 261
544 214 745
152 462 424
341 386 419
161 404 24
532 578 383
73 403 568
340 11 890
504 250 806
391 333 129
541 41 33
613 619 768
483 520 299
64 408 492
411 190 607
559 233 49
501 466 10
144 635 269
608 373 463
293 217 78
75 1 976
467 65 921
274 563 929
259 239 264
400 486 917
520 130 805
135 14 329
50 148 852
57 67 752
88 610 816
529 222 311
610 484 783
85 433 346
289 93 311
419 469 802
529 302 979
580 644 637
382 217 113
472 255 12
231 259 761
220 19 525
162 397 604
98 433 513
15 246 121
211 277 159
301 201 38
400 330 233
491 631 96
343 456 842
73 496 368
400 241 544
496 219 585
275 416 723
121 190 103
646 144 571
484 580 407
90 145 132
183 535 114
159 510 139
196 68 847
629 154 927
553 411 593
647 569 624
94 435 684
502 156 582
13 412 64
427 319 114
104 400 561
597 337 431
58 556 321
176 406 735
377 193 873
20 187 360
309 397 505
331 146 216
313 528 96
139 64 289
382 56 925
37 541 452
618 579 13
1 380 791
104 622 570
202 493 786
60 516 492
565 113 721
589 17 688
528 535 159
112 645 619
516 392 382
17 154 474
114 616 364
391 388 230
322 304 341
135 383 580
148 254 506
126 505 140
558 568 870
255 439 987
565 454 294
205 530 246
499 168 839
170 416 456
109 418 959
498 423 704
405 238 627
447 485 849
32 435 952
163 232 659
226 127 997
87 302 916
618 435 598
300 529 847
292 542 943
479 316 990
358 70 590
328 371 89
102 531 473
466 565 619
144 358 970
127 167 8
355 386 839
49 621 587
106 379 436
497 385 382
472 306 521
421 582 852
464 456 142
236 414 537
127 13 250
52 178 799
525 306 389
139 631 643
169 4 459
476 295 676
414 274 226
445 404 810
554 628 976
94 304 930
133 548 444
557 617 963
82 305 211
453 175 159
442 76 929
8 274 121
226 53 229
133 24 951
506 365 901
97 455 410
165 80 227
85 306 566
119 358 282
461 508 524
106 162 63
541 61 372
89 554 852
596 467 978
462 580 736
253 351 258
160 410 368
439 234 784
651 601 563
329 325 525
463 251 530
406 466 648
641 513 510
62 70 163
304 52 533
115 322 761
518 596 86
46 448 621
23 649 70
175 532 239
448 224 605
85 282 536
450 226 698
544 321 734
374 519 660
610 499 474
197 211 44
371 627 94
533 220 230
94 36 784
103 428 98
592 546 347
253 514 296
619 94 167
283 274 708
208 166 868
323 385 882
538 607 634
402 317 708
468 511 494
319 514 557
170 607 680
502 547 506
122 337 730
64 481 462
246 290 930
617 383 329
564 373 600
526 15 537
626 622 661
367 517 257
291 351 461
209 570 809
229 184 101
624 242 864
575 64 54
190 179 570
238 82 402
238 286 953
586 186 332
288 520 131
548 223 962
569 643 300
573 207 702
440 266 352
173 532 128
160 295 836
103 19 532
304 29 817
511 316 786
188 298 928
267 561 666
567 358 509
101 568 178
14 253 894
40 217 618
196 572 256
399 624 762
286 539 981
64 92 287
575 33 823
134 648 767
445 431 707
170 509 331
612 601 525
592 561 290
527 207 97
235 514 855
636 250 534
595 568 870
436 155 799
619 500 33
127 594 371
361 240 405
534 139 922
22 137 524
70 394 739
508 249 710
583 244 382
474 442 873
318 204 124
261 391 690
305 545 494
493 631 207
123 116 756
587 361 343
538 402 591
307 524 506
211 504 606
55 120 933
35 292 961
69 172 942
351 359 772
377 433 957
492 575 346
325 522 171
483 571 331
347 535 108
185 498 246
472 447 547
439 555 119
335 46 202
649 259 580
310 263 545
109 550 241
370 41 761
236 495 38
312 41 290
1 460 261
622 3 589
328 303 817
205 640 9
83 280 345
400 475 824
344 317 24
43 9 545
26 547 978
239 245 867
204 2 350
437 253 316
361 432 770
16 90 363
547 42 261
240 131 28
280 638 500
600 319 132
465 525 497
132 358 455
302 247 474
372 595 399
92 124 63
512 281 612
441 521 798
4 164 832
586 143 35
368 45 373
287 232 191
156 181 960
448 438 560
369 14 585
264 214 199
582 284 856
71 529 530
44 466 534
593 616 572
244 635 382
409 543 258
644 599 303
560 598 733
603 19 350
505 451 557
542 129 771
265 642 119
307 507 68
363 413 631
329 213 412
517 581 616
86 280 425
47 67 28
379 118 665
191 11 746
539 523 653
369 320 61
61 147 952
27 354 632
221 319 466
445 180 824
283 482 256
375 197 100
149 644 276
5 550 858
316 346 799
302 189 130
60 596 609
94 422 19
269 394 194
366 280 827
99 414 610
613 637 668
157 107 465
537 148 9
334 136 698
532 398 207
634 591 334
72 232 570
279 462 384
425 315 894
612 231 292
460 195 139
105 466 834
6 75 281
382 108 903
527 51 117
390 470 756
336 97 891
115 350 108
393 379 715
605 466 704
408 434 359
302 606 453
138 519 76
81 452 829
631 243 851
528 604 545
561 396 368
230 84 607
294 130 260
610 45 331
16 30 546
189 297 747
570 49 44
625 7 382
511 585 888
460 362 743
299 629 209
449 169 474
549 1 160
384 205 601
267 123 157
456 78 10
448 54 468
588 568 369
140 66 836
480 34 496
21 280 831
148 272 742
444 479 802
110 310 961
489 607 429
210 482 310
639 237 733
309 353 299
276 64 518
117 511 643
536 211 859
609 519 274
237 477 69
579 252 21
308 84 740
422 614 249
248 85 724
216 499 468
464 503 178
74 559 109
326 221 793
63 381 652
177 517 915
232 203 670
274 345 442
327 160 261
78 258 462
378 470 739
153 605 371
615 448 973
338 543 301
633 360 201
100 551 436
385 215 209
400 387 897
623 84 514
376 611 380
114 613
395 128
572 361
567 532
164 511
146 48
6 157
249 273
471 471
460 443
178 300
259 456
321 318
624 6
616 351
492 290
586 208
5 574
253 346
431 629
87 104
555 9
129 47
49 423
519 301
480 227
325 535
589 500
155 204
375 28
441 590
200 398
19 98
104 37
587 396
309 361
138 86
97 247
515 36
552 63
452 508
567 570
556 112
521 126
55 383
369 58
258 393
87 343
213 172
60 228
357 607
431 65
521 373
277 533
60 111
185 61
127 541
621 112
259 154
541 237
124 225
141 160
548 235
29 581
599 312
297 408
429 312
230 347
159 220
180 356
393 147
57 246
505 63
283 256
474 369
334 52
271 174
494 337
619 471
195 99
414 608
333 648
278 245
298 340
594 395
374 451
454 550
265 277
397 465
36 391
414 570
99 357
424 456
26 97
341 260
393 314
214 498
306 306
593 595
221 309
575 360
527 186
393 312
112 515
154 310
540 278
508 448
325 463
317 415
558 625
147 162
73 526
143 58
102 414
239 562
90 567
603 218
272 173
275 44
496 63
148 322
38 50
228 18
271 380
352 45
622 5
166 622
495 80
149 12
6 208
597 103
71 391
549 66
511 527
291 27
1 243
335 137
642 214
41 481
143 387
86 635
19 166
436 19
172 537
634 641
54 598
355 360
404 620
86 645
592 433
329 641
542 471
477 35
526 349
547 315
1 153
613 424
463 371
259 519
513 35
500 51
30 46
501 625
323 626
212 303
480 320
621 415
417 644
138 69
2 406
301 492
416 267
11 255
388 261
583 54
616 233
409 29
335 644
633 507
215 261
644 418
542 120
12 587
391 492
422 70
428 275
592 563
296 496
500 525
358 60
532 125
302 12
604 402
34 513
476 151
113 509
30 411
23 136
510 105
646 5
283 80
95 436
452 182
577 437
199 107
470 371
10 603
555 476
49 342
547 323
102 240
122 231
78 345
308 183
347 193
359 525
430 134
511 439
560 189
535 171
284 256
572 645
571 156
259 602
335 96
219 26
363 36
204 74
133 58
141 5
490 3
514 190
76 257
117 641
637 9
602 472
434 482
478 278
205 376
329 502
31 555
620 600
287 208
398 79
423 468
186 596
80 528
435 216
622 40
569 257
318 468
422 214
346 71
617 554
504 354
20 117
549 2
242 143
549 222
382 116
117 318
422 63
122 256
390 354
20 145
22 606
454 541
358 487
607 40
299 528
153 579
391 305
284 401
372 161
436 300
342 324
351 509
578 577
235 166
67 181
578 580
502 560
67 392
204 39
86 530
323 493
134 564
196 234
255 236
303 364
228 112
106 453
550 640
131 339
594 252
535 409
288 262
310 16
480 284
473 274
64 591
582 469
257 572
214 640
200 156
599 185
338 81
228 517
591 296
477 313
422 611
545 62
635 51
320 548
109 150
237 251
537 132
284 411
458 315
645 568
525 585
491 298
436 300
32 144
590 364
592 317
158 355
232 162
518 153
285 625
315 240
595 382
2 578
126 213
372 40
465 198
575 420
39 228
107 525
437 312
32 201
69 541
150 436
232 44
592 546
142 615
423 38
117 42
232 307
335 361
193 535
242 190
367 292
574 311
149 403
268 526
591 242
201 245
222 603
393 174
449 553
445 384
317 216
485 604
634 77
450 193
248 298
401 168
369 604
571 386
184 545
160 557
273 266
83 366
330 492
202 418
134 359
194 613
447 244
634 452
203 421
633 291
337 534
576 19
418 233
642 13
402 366
388 223
578 45
68 41
559 492
87 469
148 357
311 613
520 129
443 622
119 134
572 522
174 596
39 111
377 5
496 647
251 31
215 41
637 213
52 520
469 7
118 286
143 283
161 70
594 196
299 459
502 168
361 40
256 375
309 427
123 85
244 205
390 240
66 140
471 93
541 602
186 279
7 308
443 83
380 564
632 221
446 443
623 388
272 330
552 512
372 128
208 201
178 237
311 281
440 46
336 88
491 545
613 48
622 155
524 566
486 574
82 516
552 232
424 215
546 423
81 235
162 161
554 504
556 494
65 622
173 202
294 377
341 546
615 109
87 147
533 144
611 471
253 625
578 619
86 369
87 162
589 385
550 215
228 275
84 448
266 317
132 11
427 478
281 523
267 58
292 430
204 263
420 565
195 197
557 53
458 40
587 194
49 394
97 30
65 303
41 596
355 42
605 444
619 559
466 118
428 23
374 332
160 409
630 456
174 282
597 289
242 150
231 236
465 7
478 41
477 286
364 289
554 572
3 133
124 127
369 646
564 19
202 533
609 492
622 331
585 80
233 307
331 94
643 382
286 377
185 516
599 351
527 337
127 616
496 577
169 417
292 324
270 165
149 453
260 203
394 101
647 411
589 4
115 129
376 229
255 367
174 251
452 618
185 184
639 284
214 285
267 489
506 344
572 244
233 432
231 525
562 482
363 244
45 190
313 505
332 179
597 247
389 476
296 113
261 518
93 224
393 419
599 265
382 105
457 359
326 422
574 48
402 178
296 167
528 640
574 378
516 358
143 174
631 298
410 245
559 445
94 318
391 14
285 527
338 244
341 65
376 638
277 610
