606 437
131 436 631
301 88 186
350 109 201
542 412 251
273 381 36
436 123 87
445 481 269
211 47 6
259 121 243
91 70 619
283 241 183
260 92 266
217 597 564
129 124 182
223 241 799
551 267 229
423 582 142
576 365 283
495 597 173
452 325 527
115 195 183
181 320 567
28 177 918
25 453 425
325 379 383
195 391 263
373 323 185
225 517 507
264 573 110
311 37 469
21 35 164
595 1 786
37 387 212
389 103 947
438 19 44
453 300 218
121 25 642
436 55 459
43 139 221
227 513 31
533 358 903
574 81 76
95 7 622
13 368 562
413 42 892
595 349 977
313 454 352
320 199 370
595 577 316
157 245 823
93 409 88
355 205 239
181 191 621
255 256 493
111 203 554
97 186 343
577 553 628
1 286 641
547 399 104
517 576 434
197 235 792
279 355 144
41 7 875
304 559 448
478 1 925
289 39 389
391 32 41
493 335 70
76 425 355
387 577 317
364 400 135
166 337 708
189 397 47
284 156 377
13 427 288
114 478 154
412 264 610
192 557 253
535 570 902
487 274 411
397 295 376
433 295 825
447 347 967
505 149 762
413 171 732
359 281 590
141 337 796
395 145 483
305 241 409
37 92 954
199 589 670
583 589 341
319 466 468
6 597 383
115 335 498
426 103 583
5 127 199
271 559 872
455 433 358
495 583 888
301 430 88
27 211 309
217 285 707
409 103 355
454 58 124
199 190 465
61 477 756
240 279 833
226 41 669
593 97 882
289 536 111
97 515 633
124 600 747
7 150 400
188 296 452
357 430 254
111 162 74
217 284 680
439 219 540
37 71 975
79 283 783
201 79 211
301 334 547
280 7 484
383 149 193
463 267 618
487 305 512
303 537 358
581 125 453
207 125 261
490 321 340
4 177 912
111 217 281
499 573 436
569 412 961
508 31 445
143 592 333
589 456 181
360 447 476
277 546 553
575 349 158
69 541 390
538 235 741
214 511 628
246 151 69
579 127 396
99 25 822
455 235 571
542 401 271
45 67 709
143 471 634
540 331 793
495 245 558
113 133 691
187 405 504
445 315 278
91 471 319
52 458 938
19 421 887
379 223 558
63 511 317
304 331 387
214 283 739
255 429 845
87 595 741
571 409 817
163 169 177
109 100 689
557 481 787
141 283 171
329 4 607
151 107 192
310 50 997
25 151 123
499 375 271
323 36 299
601 148 429
199 220 398
295 535 533
344 321 731
515 601 548
605 193 204
179 163 790
88 85 690
302 151 453
557 515 874
435 499 483
391 281 108
585 571 303
257 43 111
307 284 417
591 493 123
141 1 207
103 155 517
584 590 787
59 237 444
73 115 158
365 323 336
335 303 137
163 148 591
373 353 472
145 317 257
107 533 239
373 180 68
141 250 524
546 299 358
583 29 608
214 431 214
433 374 208
97 355 682
117 369 229
431 347 737
487 450 179
299 247 720
357 390 733
137 169 25
151 489 451
193 231 761
293 253 925
1 313 165
363 413 688
503 162 600
415 395 201
601 81 963
384 141 352
541 397 203
453 278 363
382 57 853
527 103 284
198 97 213
13 595 835
433 193 108
394 293 730
37 111 785
438 197 240
165 247 491
88 303 540
318 438 993
369 227 813
459 91 463
241 587 632
525 195 783
364 154 391
331 445 517
401 163 137
360 146 276
5 281 581
325 69 3
21 84 310
241 265 495
201 592 473
520 443 636
571 511 264
37 367 47
230 246 430
447 55 726
286 423 201
271 254 323
97 256 395
247 475 954
407 279 617
1 406 842
553 308 632
295 521 988
82 512 729
421 25 555
373 445 718
373 61 760
477 123 792
317 427 75
323 475 639
9 241 641
412 507 293
521 101 546
5 603 11
223 20 536
600 458 915
71 115 702
381 75 856
523 208 46
154 276 474
291 249 657
41 527 473
196 397 642
166 309 250
595 183 581
417 213 397
237 311 492
253 603 74
501 534 641
520 151 982
232 7 564
427 47 270
403 595 248
39 122 421
19 167 22
445 496 205
282 441 890
486 59 436
40 237 483
67 487 68
353 381 257
329 391 762
451 505 944
46 152 920
228 35 51
247 400 451
274 86 29
319 460 835
76 201 49
478 23 859
214 451 377
109 121 29
187 544 657
83 289 702
563 385 419
52 428 43
604 13 920
448 67 229
297 181 234
545 441 750
333 109 831
381 287 465
78 496 368
95 567 989
473 258 898
295 501 17
268 261 633
295 184 342
473 373 719
420 331 894
392 504 713
57 593 26
233 286 697
511 536 87
579 290 446
540 484 739
596 441 537
61 463 266
161 603 875
310 144 479
465 169 973
474 169 551
424 52 598
590 285 888
214 49 53
415 393 972
413 480 274
305 513 346
272 307 275
481 106 241
523 308 775
605 187 882
15 13 601
175 235 32
359 251 231
549 151 980
559 434 299
559 596 626
514 19 114
485 19 977
600 13 549
406 581 225
543 541 565
535 439 521
215 352 371
355 261 829
31 157 786
476 541 465
1 565 998
82 187 846
95 243 642
589 343 826
415 89 471
559 510 825
406 497 53
34 28 423
553 599 461
158 196 923
231 547 693
326 40 419
340 199 670
586 293 450
492 305 736
172 523 728
111 178 575
49 51 802
34 128 462
555 405 159
289 46 283
235 483 248
111 371 266
563 322 635
105 403 728
277 529 368
16 592 60
361 508 463
275 306 372
429 518 624
139 265 449
488 387 384
595 11 550
21 94 239
437 391 779
163 338 411
173 9 900
199 294 378
77 207 289
215 563 1000
359 385 92
288 232 70
8 1 95
499 275 992
409 336 540
40 356 892
526 202 605
87 213 863
7 561 162
221 548 535
221 309 741
184 328 512
399 244 860
182 286 529
298 130 319
112 148 476
545 457 144
532 32 708
239 223 268
203 388 961
597 386 835
361 444 444
2 96 509
539 317 441
269 421 231
107 185 235
79 526 643
245 90 538
411 255 165
418 590 905
18 189 484
562 229 107
27 392 429
328 263 178
116 424 328
319 511 180
528 95 8
229 556 725
202 229 536
509 43 168
187 133 738
304 130 389
321 207 735
176 552 518
2 230 5
119 379 119
552 429 623
564 173 933
87 35 425
566 403 763
168 109 450
321 469 324
506 288 547
530 478 561
517 98 537
31 53 471
51 377 669
440 185 459
136 443 812
583 342 228
419 243 733
201 363 331
150 606 212
461 99 464
333 30 393
72 331 485
537 216 701
588 153 954
449 517 28
426 522 73
3 523 221
339 226 931
560 575 689
283 266 947
220 568 245
370 405 795
212 405 518
91 376 982
503 598 111
482 521 511
147 558 214
345 203 417
346 488 476
589 194 762
22 409 554
10 177 565
259 236 530
446 86 64
351 121 180
261 341 407
491 231 89
394 164 997
209 226 206
421 519 448
160 311 335
472 127 701
524 127 416
55 396 194
594 3 188
218 604 279
291 31 352
370 408 124
471 66 631
144 97 433
126 84 717
135 283 924
414 101 929
147 451 216
238 121 3
581 314 206
547 366 914
211 580 621
169 348 143
385 316 421
387 262 530
501 327 572
402 70 326
301 242 751
403 531 408
239 500 431
435 554 998
137 64 434
307 602 450
270 256 124
48 575 516
74 208 628
61 153 751
38 520 912
102 343 451
24 397 444
33 253 267
353 432 941
183 502 33
416 491 553
204 71 863
117 467 740
121 159 221
13 252 376
263 56 127
504 60 823
330 169 919
95 65 772
387 104 534
160 572 539
470 600 588
578 419 344
442 240 623
550 356 886
527 118 509
43 479 128
174 463 716
12 16 311
132 526 661
404 235 123
108 199 321
205 54 128
422 546 748
459 14 764
17 353 707
148 170 5
248 581 604
68 98 803
79 516 677
95 142 263
398 463 63
160 26 340
188 7 6
399 468 861
261 110 882
12 210 897
80 18 469
464 115 335
327 292 46
462 511 473
181 410 994
354 422 213
206 554 542
235 140 20
378 547 122
134 445 438
62 169 965
59 138 906
560 324 371
332 388 989
362 599 18
224 199 546
187 200 785
347 494 880
541 44 525
380 1 820
73 222 606
247 372 443
498 81 14
312 504 183
120 101 574
234 85 367
119 138
190 264
288 426
335 238
205 234
546 341
320 280
521 369
429 507
282 73
295 524
435 194
322 496
461 65
278 230
271 9
221 554
58 222
102 599
73 398
384 83
431 18
407 401
294 421
392 226
539 375
490 81
262 323
572 421
465 272
570 455
133 265
542 332
119 101
519 514
495 479
511 263
173 106
350 19
260 57
59 455
118 117
51 565
135 365
94 479
209 72
385 226
307 333
555 100
60 368
52 164
458 360
569 278
68 20
176 153
367 163
20 410
284 266
92 268
239 145
397 603
424 351
552 179
142 594
149 214
256 498
36 422
90 464
267 487
586 343
263 451
62 438
70 292
7 405
394 218
170 32
599 410
58 136
392 572
348 107
371 71
87 311
470 570
318 23
292 334
457 317
216 139
61 515
511 552
154 117
527 418
278 505
61 379
95 228
447 161
9 292
40 528
180 368
495 206
308 27
583 247
359 487
126 445
64 9
114 31
595 244
456 535
367 30
467 67
342 175
266 442
561 126
389 227
77 491
340 324
590 144
328 81
486 54
390 576
477 286
579 287
544 243
587 37
477 171
238 493
82 133
533 20
84 337
511 50
96 509
588 504
582 152
256 115
556 40
73 487
558 272
343 98
123 264
512 302
14 567
121 548
27 129
467 286
354 513
7 351
505 159
443 421
372 243
392 319
366 170
452 536
315 82
125 397
572 332
302 604
350 317
542 540
318 279
420 434
177 88
107 87
100 397
154 156
281 24
483 216
402 213
216 571
514 419
410 508
403 424
342 529
63 144
570 509
55 523
401 536
413 293
552 245
51 316
367 579
558 340
134 229
108 459
223 282
160 14
241 1
590 6
284 456
127 274
387 51
150 245
343 329
77 566
379 152
487 180
308 452
567 64
16 471
222 506
558 60
181 91
466 561
327 185
178 516
453 180
506 355
605 40
573 431
191 237
209 211
360 256
244 582
247 562
526 92
440 43
17 97
485 37
268 486
279 253
559 421
491 3
39 439
160 331
604 428
110 479
521 340
139 29
238 189
336 63
53 309
540 401
86 159
389 297
119 185
496 67
407 195
405 343
289 41
193 416
388 313
417 537
304 141
199 376
226 105
332 454
568 168
338 491
306 287
574 173
84 276
596 90
529 93
415 47
125 584
302 73
228 218
66 287
223 118
520 91
498 49
57 441
603 305
471 479
14 186
89 115
171 499
319 50
136 35
331 279
386 577
256 336
307 28
499 104
192 377
562 530
529 99
517 54
539 265
443 406
238 486
427 510
155 197
97 416
221 213
19 365
171 82
553 290
596 465
317 473
498 147
557 493
277 42
442 384
395 536
493 309
498 135
198 467
275 262
440 181
269 528
103 218
32 575
476 323
296 51
561 428
29 75
217 554
95 370
529 120
88 600
292 144
193 350
540 420
493 536
302 335
247 462
96 292
376 281
216 43
214 51
605 284
472 498
501 125
127 201
232 268
605 321
372 472
373 19
316 520
582 592
358 439
476 415
222 457
256 572
518 317
343 139
12 333
427 228
159 303
309 8
588 85
187 330
7 39
15 164
264 510
260 300
330 98
592 368
159 435
265 128
523 106
464 305
180 246
510 101
490 371
407 17
50 536
51 342
499 492
400 305
17 589
138 250
22 132
582 99
427 575
247 347
19 192
326 160
231 142
199 34
366 174
67 32
422 143
487 321
250 491
85 189
50 283
76 249
576 63
137 175
394 40
510 408
173 103
459 195
559 169
387 196
126 122
456 128
498 395
472 569
165 389
581 443
201 314
307 308
142 584
168 182
50 307
476 436
416 494
190 522
582 496
44 444
60 21
237 93
384 335
8 337
20 17
157 147
460 257
360 129
70 482
78 18
271 366
31 67
352 203
412 357
340 18
378 276
155 198
157 545
338 199
79 429
323 249
466 383
400 143
136 178
62 454
270 462
131 443
130 13
226 492
550 400
584 505
593 92
389 330
278 559
113 160
308 33
