426 204
409 241 487
271 26 601
11 405 85
187 205 102
362 171 37
395 259 532
91 214 61
40 319 594
200 287 97
415 227 788
217 26 212
7 199 946
235 75 664
220 7 321
159 33 531
150 365 394
37 82 516
214 225 377
89 135 262
79 323 181
415 17 822
167 277 674
383 127 463
83 271 226
163 231 938
273 16 661
316 284 799
289 175 938
233 353 63
187 79 141
415 244 641
97 343 893
216 403 30
19 280 496
403 205 409
95 123 221
184 27 501
208 122 700
367 23 781
223 397 755
237 166 923
151 143 757
148 1 986
41 307 408
187 223 669
19 289 733
7 187 986
205 72 502
299 69 786
218 106 429
411 403 283
349 382 535
101 328 948
41 165 459
343 195 235
343 44 333
277 79 712
145 285 557
319 103 482
219 193 452
30 355 71
383 259 868
215 405 265
67 82 12
55 141 317
85 240 915
47 105 938
351 123 531
115 411 282
303 7 433
292 313 319
169 338 539
108 131 751
385 19 157
55 115 774
410 159 623
55 121 802
100 385 689
244 52 380
173 313 235
81 365 253
255 49 746
361 270 521
361 71 579
33 109 875
364 144 990
45 307 117
217 294 932
400 253 588
397 389 990
127 307 369
352 379 402
172 410 659
253 106 814
169 275 840
38 330 625
49 355 261
373 337 634
121 195 63
207 196 800
187 94 532
289 375 483
373 169 642
391 211 82
138 85 213
61 52 690
149 54 281
277 349 454
114 53 878
53 298 892
377 61 778
63 335 153
382 14 460
49 1 846
124 363 720
1 221 770
55 409 275
122 167 650
318 129 924
301 412 38
43 409 142
265 247 490
335 97 202
200 111 29
149 328 546
157 67 3
300 19 127
421 58 92
19 193 326
367 163 990
209 265 710
319 84 95
179 358 790
65 362 880
313 399 732
391 197 5
145 52 203
1 213 251
349 385 494
346 403 804
214 206 752
51 175 353
409 410 791
151 51 753
97 165 630
200 121 186
343 407 699
219 337 958
137 381 741
343 361 544
253 401 742
359 425 37
367 127 959
229 226 72
142 95 835
360 79 516
46 119 199
271 377 177
148 259 584
277 314 396
107 332 784
74 232 214
261 58 472
356 393 832
85 115 784
176 347 207
49 265 677
421 229 147
75 175 33
317 59 358
117 175 946
313 106 395
403 293 350
172 181 281
409 252 81
361 83 54
146 115 314
4 145 325
421 33 872
129 57 888
149 411 828
201 241 327
255 262 160
349 379 340
340 190 975
78 93 48
388 308 117
43 401 527
255 215 950
310 245 960
195 47 886
289 29 170
73 204 141
337 394 162
94 60 309
358 420 718
301 157 182
7 414 60
340 65 586
190 291 700
61 168 236
92 124 121
133 409 637
415 91 490
283 351 523
348 361 64
269 91 591
225 139 592
34 167 607
311 35 205
11 59 77
295 171 811
381 331 128
296 17 358
283 325 967
261 319 796
322 106 417
359 151 432
85 256 969
95 127 674
419 325 31
187 129 364
211 67 877
94 185 105
302 34 737
177 319 583
370 55 941
115 38 875
301 379 498
128 129 348
258 301 963
123 119 684
363 175 369
205 13 907
73 352 795
179 400 617
357 169 497
21 133 668
145 381 901
223 9 783
31 247 263
39 343 658
69 103 170
339 143 562
89 46 95
218 53 436
345 31 501
270 35 855
208 418 662
295 55 657
151 184 726
150 381 120
396 136 253
421 196 585
25 279 761
268 103 245
290 106 758
159 310 591
107 48 973
301 341 662
201 336 946
133 161 835
337 70 535
110 72 9
155 1 595
208 257 483
305 399 509
304 118 511
130 319 658
303 263 951
32 241 75
311 166 602
149 233 47
57 222 976
25 190 712
62 95 555
96 69 184
302 18 776
121 22 629
387 169 981
373 333 715
189 25 883
200 125 323
251 346 398
310 182 806
309 397 715
89 250 60
343 210 305
417 28 592
131 231 400
105 113 763
203 297 585
226 286 613
262 249 796
87 31 771
266 91 917
194 367 206
176 368 104
187 104 375
413 281 508
340 77 357
99 151 256
151 93 649
27 316 35
274 5 80
306 130 56
2 229 125
106 10 352
26 170 24
33 3 280
364 35 173
361 64 280
272 282 712
417 397 716
285 281 249
243 337 602
98 7 844
203 345 788
274 53 425
423 95 391
272 35 15
23 147 462
65 273 163
73 178 804
331 326 908
153 277 200
1 315 349
13 107 517
313 402 735
233 198 670
181 238 821
191 86 423
422 7 225
337 356 902
229 371 284
37 191 240
404 415 491
224 245 914
49 368 300
228 269 205
237 158 742
388 25 602
392 265 949
188 151 317
230 121 562
271 132 759
199 183 446
105 120 686
426 125 321
159 239 325
307 334 544
327 341 217
361 42 840
116 137 904
329 415 27
74 166 44
180 256 834
310 320 678
407 154 397
319 76 734
378 231 531
304 288 523
386 316 763
63 398 375
97 36 946
245 152 41
15 82 432
317 102 605
321 61 773
271 174 902
27 88 932
397 136 23
160 140 117
406 367 96
249 126 865
249 376 104
416 377 809
6 357 181
207 160 755
301 408 197
243 288 52
350 97 971
26 112 683
217 424 823
241 372 883
236 364 743
137 50 976
372 276 100
1 260 149
285 24 658
380 285 240
129 212 770
415 202 45
267 100 893
354 340 882
223 312 201
248 118 684
385 369 294
66 103 379
344 229 126
357 264 565
90 170 506
254 409 273
334 278 144
374 295 927
309 342 572
56 387 586
324 51 194
363 68 394
341 20 690
390 316 930
181 134 685
335 156 562
80 283 20
234 247 812
353 242 7
164 210 255
178 12 967
186 176 493
276 162 592
308 384 542
209 192 439
8 167 283
303 246 519
112 366 308
233 250
244 290
175 95
373 248
373 213
294 218
307 323
186 216
209 44
129 105
127 226
343 141
228 108
309 255
401 327
385 196
166 151
130 210
107 221
426 54
49 320
212 180
204 380
144 162
185 262
166 265
101 330
38 272
92 104
140 58
282 3
264 255
44 279
249 420
120 202
324 110
385 411
345 202
169 391
383 412
293 54
249 244
77 264
304 398
210 229
329 225
228 355
317 109
67 141
194 249
42 338
79 244
423 411
227 411
277 154
163 384
187 290
204 108
115 16
207 11
413 301
411 80
314 352
364 242
56 266
160 112
197 18
367 38
358 385
214 213
315 6
361 384
179 341
426 197
382 13
397 347
409 271
290 104
40 249
108 394
64 113
183 268
201 177
73 287
330 245
316 276
177 89
323 404
63 144
401 333
331 162
382 161
277 335
10 193
154 211
238 345
89 129
13 39
199 157
282 224
321 6
53 222
324 162
413 47
75 300
11 84
409 381
402 17
38 331
376 91
335 412
14 410
39 83
229 190
52 25
322 11
258 317
268 305
77 354
26 235
189 203
103 273
314 72
82 96
340 13
103 302
400 81
208 55
125 17
139 189
151 251
49 273
10 225
106 363
40 343
71 362
31 307
151 222
280 346
3 159
174 380
47 292
171 163
95 136
75 400
337 165
108 396
50 6
175 297
35 372
241 174
318 186
283 58
165 375
185 132
233 140
109 184
250 152
139 231
39 267
309 273
147 60
204 30
267 376
375 384
101 217
321 295
379 425
290 184
128 236
181 426
226 375
131 54
340 413
13 330
216 174
19 159
212 117
295 334
416 135
143 153
293 87
25 211
176 235
229 52
34 5
360 72
424 60
171 262
341 73
35 377
119 45
264 227
334 67
415 371
62 171
301 191
283 376
126 322
121 414
82 342
273 84
202 21
262 105
