5
0 20 0

490506 87276124 181433070 210696651 335487906 128357236 195562755 621142569 77009964 173263400 90464260 591421180 599403813 422299548 465431272 273296214 62348891 311818749 615600243 284770596 
0 21 0

65563650 519026282 6745662 158716340 525297920 145540650 81826584 98293016 762012459 197202096 446479858 494594109 696331566 243461040 171209176 74873901 228139632 506717732 349200962 171441876 23442600 
0 22 0

138248981 206868920 19058292 125378907 423405354 118730332 335194640 427012476 816967242 67615216 167793927 20086269 99327275 789020036 242890718 217317744 87824825 285407849 205219742 560476700 94739980 156446325 
0 23 0

225482946 639481218 10119060 53487808 15692768 156575444 19346560 3955380 622964700 703381444 536471257 42287920 147744024 171718320 425774952 353469453 902150552 378628936 36062988 485306 114791638 757816942 109872191 
0 24 0

613195200 101617942 139575953 77759826 129750480 150009864 22616189 509435790 61679286 124422738 48266213 717103624 846453078 386210342 749003859 580292244 130354950 73271884 41164886 451927082 146102026 40748026 207688968 36440608 
