5
0 31 0

152979410 42870 4841760 221803145 18592992 112884368 528955791 11619587 64159054 21774960 46109760 109451160 771843716 839730430 151893362 621795048 317382830 166842376 864737020 265908135 619532562 582146460 627255090 450338300 224553036 81064512 33574726 432515667 657397239 352327560 391380902 
0 43 0

246945818 248061360 509976278 801478302 171070966 84429672 139411776 110452896 273846292 231884145 36384357 715290048 286368000 11427780 588180219 221076797 43462144 204464559 804875958 89946353 739278 310162230 160183466 126507996 486828615 170150820 621943885 597499804 369159284 420227925 641490600 130327776 23168440 198905759 171630528 356058851 8177256 140814878 681940080 130608242 445173422 56466228 40771522 
0 55 0

71468750 799658745 224512455 241382244 189505542 349496778 37499854 268319785 334762696 277691515 76926780 331033549 288178422 288262572 207798955 181743639 404034224 112750272 102293836 125270262 5308735 350118729 15532891 42387960 41148 401892750 461069280 90902090 199959908 294737520 264348126 438732580 268498944 288712144 86958282 25835888 179849880 434816280 9620072 223393430 70136052 140717952 927179868 26231040 452669634 942779841 587348380 514342378 565525664 127775120 288152898 27803400 74746350 93876164 177984067 
0 67 0

776774880 20029950 123121812 549351808 539187902 11911716 810334044 215436144 6245694 478714664 479058150 335891234 128686916 294954373 67785211 127725379 451609290 351929708 601887954 374133207 57649592 186038986 450740029 320989 259787218 13257950 114560519 227020398 243221346 99061728 251566441 885171504 418355607 302923278 63359751 393340698 42837090 69012340 145464276 379938920 434085798 268992176 304603858 112203532 85931811 17491172 335410170 580643602 67150124 60621840 253829394 51037506 263080300 467486180 605033064 745484883 82144432 68934138 432101268 180103332 52214400 421536560 192675775 757380024 375306075 113571220 300879456 
0 79 0

221963742 361990282 167230495 665776720 339466160 378049490 404692800 446005906 40273800 783891475 790273458 23203826 132329361 172059147 163015159 164552096 554245380 324758108 599297160 43171398 434426664 10543536 82702813 112676960 6445205 86517788 26540568 177695805 285831840 300068510 34567385 22133616 820905045 327296546 162765252 120404879 20785936 50286304 171691835 635856063 151647885 574198107 50454300 271329680 423466341 213388065 286198002 44376000 701020390 350629820 702339980 989475312 825116390 24946530 213098984 109321512 242832580 443224976 748323472 364143529 240672960 66371613 367037892 62330104 57827000 85040169 217051416 705196440 152865965 809575130 147341508 258756687 415601641 563334400 303049656 185871370 224921424 419417313 117742868 
