6
9 99 583
330359185 839443636 592318475 158603032 965448900 369625139 16152057 5516500 110148714
38236548 140942160 91247776 21958656 511033539 609622475 584628758 211313871 421377750 331706998 647428176 1764872 223577200 168159432 182140635 20516237 274289946 313827224 43026488 79391997 126849240 706734001 454870785 92205110 95547697 312186112 10108131 7626507 29897856 267723140 145615812 4276804 292362420 555104002 608076480 326678430 15558468 14315400 539940295 16273264 126268736 567623295 148986180 393430016 232012380 115993920 181793579 591546277 588095208 479949948 1385670 127030863 226233382 75625180 240089220 435191190 632472000 24223104 34539470 428804316 161718750 539316534 56124700 80051218 209838536 26154336 47585930 439182800 83418210 478420952 236226382 212115570 257396304 14378036 168285372 91316984 745073978 474547868 143215575 116608720 5285058 30455313 264534656 433283850 570933733 351291600 181695724 544706514 75562443 322123449 172034647 529030250 55544866 251127780 224182487 163743655 330840490 643618638 39734557
1 1
1 2
1 3
1 4
1 5
1 6
1 8
1 9
1 10
1 11
1 12
1 13
1 14
1 15
1 16
1 17
1 18
1 19
1 20
1 21
1 22
1 23
1 24
1 25
1 26
1 27
1 28
1 29
1 30
1 31
1 32
1 33
1 34
1 35
1 36
1 37
1 38
1 39
1 40
1 41
1 42
1 43
1 44
1 45
1 46
1 47
1 48
1 49
1 50
1 51
1 52
1 53
1 54
1 55
1 56
1 57
1 58
1 59
1 60
1 61
1 62
1 63
1 64
1 65
1 66
1 67
1 68
1 69
1 70
1 71
1 72
1 73
1 74
1 75
1 76
1 77
1 78
1 79
1 80
1 81
1 82
1 83
1 84
1 85
1 86
1 87
1 88
1 89
1 90
1 91
1 92
1 93
1 94
1 95
1 96
1 97
1 98
1 99
2 2
2 4
2 6
2 8
2 9
2 11
2 13
2 15
2 17
2 19
2 20
2 22
2 24
2 26
2 28
2 30
2 31
2 33
2 35
2 37
2 39
2 41
2 42
2 44
2 46
2 48
2 50
2 52
2 53
2 55
2 57
2 59
2 61
2 63
2 64
2 66
2 68
2 70
2 72
2 73
2 74
2 75
2 77
2 79
2 81
2 83
2 84
2 86
2 88
2 90
2 92
2 94
2 95
2 97
2 99
3 2
3 4
3 6
3 7
3 9
3 11
3 13
3 15
3 17
3 18
3 20
3 22
3 24
3 26
3 28
3 29
3 31
3 33
3 35
3 37
3 39
3 40
3 42
3 44
3 46
3 48
3 49
3 50
3 51
3 53
3 55
3 57
3 59
3 60
3 62
3 64
3 66
3 68
3 70
3 71
3 73
3 75
3 77
3 79
3 81
3 82
3 84
3 86
3 88
3 90
3 92
3 93
3 95
3 97
3 99
4 2
4 4
4 5
4 7
4 9
4 11
4 13
4 15
4 16
4 18
4 20
4 22
4 24
4 26
4 27
4 29
4 31
4 33
4 35
4 36
4 37
4 38
4 40
4 42
4 44
4 46
4 47
4 49
4 51
4 53
4 55
4 57
4 58
4 60
4 62
4 64
4 66
4 68
4 69
4 71
4 73
4 75
4 77
4 79
4 80
4 82
4 84
4 86
4 88
4 90
4 91
4 93
4 95
4 97
4 99
5 2
5 3
5 5
5 7
5 9
5 11
5 12
5 13
5 14
5 16
5 18
5 20
5 22
5 23
5 25
5 27
5 29
5 31
5 33
5 34
5 36
5 38
5 40
5 42
5 44
5 45
5 47
5 49
5 51
5 53
5 55
5 56
5 58
5 60
5 62
5 64
5 66
5 67
5 69
5 71
5 73
5 75
5 77
5 78
5 80
5 82
5 84
5 86
5 88
5 89
5 91
5 93
5 95
5 97
5 98
5 99
6 1
6 3
6 5
6 7
6 9
6 10
6 12
6 14
6 16
6 18
6 20
6 21
6 23
6 25
6 27
6 29
6 31
6 32
6 34
6 36
6 38
6 40
6 42
6 43
6 45
6 47
6 49
6 51
6 53
6 54
6 56
6 58
6 60
6 62
6 64
6 65
6 67
6 69
6 71
6 73
6 74
6 75
6 76
6 78
6 80
6 82
6 84
6 85
6 86
6 87
6 89
6 91
6 93
6 95
6 96
6 98
7 1
7 3
7 5
7 7
7 8
7 10
7 12
7 14
7 16
7 18
7 19
7 21
7 23
7 25
7 27
7 29
7 30
7 32
7 34
7 36
7 38
7 40
7 41
7 43
7 45
7 47
7 49
7 51
7 52
7 54
7 56
7 58
7 60
7 61
7 62
7 63
7 65
7 67
7 69
7 71
7 72
7 74
7 76
7 78
7 80
7 82
7 83
7 85
7 87
7 89
7 91
7 93
7 94
7 96
7 98
8 1
8 2
8 3
8 4
8 5
8 6
8 8
8 9
8 10
8 11
8 12
8 13
8 14
8 15
8 16
8 17
8 18
8 19
8 20
8 21
8 22
8 23
8 24
8 25
8 26
8 27
8 28
8 29
8 30
8 31
8 32
8 33
8 34
8 35
8 36
8 37
8 38
8 39
8 40
8 41
8 42
8 43
8 44
8 45
8 46
8 47
8 48
8 49
8 50
8 51
8 52
8 53
8 54
8 55
8 56
8 57
8 58
8 59
8 60
8 61
8 62
8 63
8 64
8 65
8 66
8 67
8 68
8 69
8 70
8 71
8 72
8 73
8 74
8 75
8 76
8 77
8 78
8 79
8 80
8 81
8 82
8 83
8 84
8 85
8 86
8 87
8 88
8 89
8 90
8 91
8 92
8 93
8 94
8 95
8 96
8 97
8 98
8 99
9 1
9 3
9 4
9 6
9 8
9 10
9 12
9 14
9 15
9 17
9 19
9 21
9 23
9 24
9 25
9 26
9 28
9 30
9 32
9 34
9 35
9 37
9 39
9 41
9 43
9 45
9 46
9 48
9 50
9 52
9 54
9 56
9 57
9 59
9 61
9 63
9 65
9 67
9 68
9 70
9 72
9 74
9 76
9 78
9 79
9 81
9 83
9 85
9 87
9 89
9 90
9 92
9 94
9 96
9 98
8 88 523
133750084 150426206 297670534 476679252 346676724 370483141 92918441 23213490
94285814 170537633 559948376 624596829 605809792 592835304 892712673 177749864 322047762 44255970 198446544 215042415 278659168 51995970 656444852 698335254 141758973 23893194 631703256 213201675 77242624 1719494 47451723 595369016 349769024 95737599 580240256 330862888 40875008 762417456 639729888 128752008 288636196 59829152 371092005 22377383 505431850 757598270 558056875 60222987 263865952 612403428 842729840 549581075 191063626 579120778 92145438 290416515 532978644 13262000 249265842 283439097 24180336 294689235 320182128 288149340 191274132 140185584 131953490 57018780 382025000 59469920 98933744 523732671 734853735 261411084 397010410 53692000 129456096 11697840 773999614 320873575 136662504 538745535 327092115 148222088 1034724240 133910810 563480840 39615972 53003195 455762516 142841792 198478624 106470486 65667280 281351052 283139982
1 5
1 6
1 7
1 8
1 9
1 10
1 11
1 12
1 13
1 14
1 15
1 16
1 17
1 23
1 24
1 25
1 26
1 27
1 28
1 29
1 30
1 31
1 32
1 33
1 34
1 40
1 41
1 42
1 43
1 44
1 45
1 46
1 47
1 48
1 49
1 50
1 51
1 57
1 58
1 59
1 60
1 61
1 62
1 63
1 64
1 65
1 66
1 67
1 68
1 74
1 75
1 76
1 77
1 78
1 79
1 80
1 81
1 82
1 83
1 84
1 85
2 3
2 4
2 5
2 6
2 7
2 8
2 9
2 10
2 11
2 12
2 13
2 14
2 15
2 21
2 22
2 23
2 24
2 25
2 26
2 27
2 28
2 29
2 30
2 31
2 32
2 38
2 39
2 40
2 41
2 42
2 43
2 44
2 45
2 46
2 47
2 48
2 49
2 55
2 56
2 57
2 58
2 59
2 60
2 61
2 62
2 63
2 64
2 65
2 66
2 72
2 73
2 74
2 75
2 76
2 77
2 78
2 79
2 80
2 81
2 82
2 83
3 1
3 2
3 3
3 4
3 5
3 6
3 7
3 8
3 9
3 10
3 11
3 12
3 18
3 19
3 20
3 21
3 22
3 23
3 24
3 25
3 26
3 27
3 28
3 29
3 30
3 36
3 37
3 38
3 39
3 40
3 41
3 42
3 43
3 44
3 45
3 46
3 47
3 53
3 54
3 55
3 56
3 57
3 58
3 59
3 60
3 61
3 62
3 63
3 64
3 70
3 71
3 72
3 73
3 74
3 75
3 76
3 77
3 78
3 79
3 80
3 81
3 87
3 88
4 1
4 2
4 3
4 4
4 5
4 6
4 7
4 8
4 9
4 10
4 16
4 17
4 18
4 19
4 20
4 21
4 22
4 23
4 24
4 25
4 26
4 27
4 33
4 34
4 35
4 36
4 37
4 38
4 39
4 40
4 41
4 42
4 43
4 44
4 45
4 51
4 52
4 53
4 54
4 55
4 56
4 57
4 58
4 59
4 60
4 61
4 62
4 68
4 69
4 70
4 71
4 72
4 73
4 74
4 75
4 76
4 77
4 78
4 79
4 85
4 86
4 87
4 88
5 1
5 2
5 3
5 4
5 5
5 6
5 7
5 8
5 14
5 15
5 16
5 17
5 18
5 19
5 20
5 21
5 22
5 23
5 24
5 25
5 31
5 32
5 33
5 34
5 35
5 36
5 37
5 38
5 39
5 40
5 41
5 42
5 48
5 49
5 50
5 51
5 52
5 53
5 54
5 55
5 56
5 57
5 58
5 59
5 60
5 66
5 67
5 68
5 69
5 70
5 71
5 72
5 73
5 74
5 75
5 76
5 77
5 83
5 84
5 85
5 86
5 87
5 88
6 1
6 2
6 3
6 4
6 5
6 6
6 8
6 9
6 10
6 11
6 12
6 13
6 14
6 15
6 16
6 17
6 18
6 19
6 20
6 21
6 22
6 23
6 24
6 25
6 26
6 27
6 28
6 29
6 30
6 31
6 32
6 33
6 34
6 35
6 36
6 37
6 38
6 39
6 40
6 41
6 42
6 43
6 44
6 45
6 46
6 47
6 48
6 49
6 50
6 51
6 52
6 53
6 54
6 55
6 56
6 57
6 58
6 59
6 60
6 61
6 62
6 63
6 64
6 65
6 66
6 67
6 68
6 69
6 70
6 71
6 72
6 73
6 74
6 75
6 76
6 77
6 78
6 79
6 80
6 81
6 82
6 83
6 84
6 85
6 86
6 87
6 88
7 1
7 2
7 3
7 4
7 10
7 11
7 12
7 13
7 14
7 15
7 16
7 17
7 18
7 19
7 20
7 21
7 27
7 28
7 29
7 30
7 31
7 32
7 33
7 34
7 35
7 36
7 37
7 38
7 44
7 45
7 46
7 47
7 48
7 49
7 50
7 51
7 52
7 53
7 54
7 55
7 61
7 62
7 63
7 64
7 65
7 66
7 67
7 68
7 69
7 70
7 71
7 72
7 78
7 79
7 80
7 81
7 82
7 83
7 84
7 85
7 86
7 87
7 88
8 1
8 2
8 8
8 9
8 10
8 11
8 12
8 13
8 14
8 15
8 16
8 17
8 18
8 19
8 25
8 26
8 27
8 28
8 29
8 30
8 31
8 32
8 33
8 34
8 35
8 36
8 42
8 43
8 44
8 45
8 46
8 47
8 48
8 49
8 50
8 51
8 52
8 53
8 59
8 60
8 61
8 62
8 63
8 64
8 65
8 66
8 67
8 68
8 69
8 70
8 76
8 77
8 78
8 79
8 80
8 81
8 82
8 83
8 84
8 85
8 86
8 87
7 91 333
143432570 974120128 314986957 185954126 82499822 92476634 79325730
393232119 307001268 60778872 676467352 187019238 17376648 510870899 216129172 61602040 453717576 158137464 811086871 148722417 247876320 330574124 191548656 231583475 318470841 499084968 716615640 115957202 307073778 74058135 417190400 55794563 511954278 107197450 739778919 122785930 204211576 5679828 431874864 139083070 413001600 70063518 243658625 84649890 241814784 632772000 449716968 143700592 21019124 846493863 407409912 99711810 68511702 2696643 362056904 179127082 67764636 30303297 760626828 13960692 13326078 162939406 573614917 418088240 382558800 210610603 9115208 412596195 88322878 250200710 70279792 495765466 26836953 43032340 141305460 311474256 181950516 216941734 285467956 213437754 46523520 57532475 326410500 269920944 446521116 453382926 254690535 61202635 349855892 230032800 529420164 174764187 42704030 31001240 507187494 52802301 448743920 391295610
1 1
1 2
1 6
1 7
1 11
1 12
1 16
1 17
1 21
1 22
1 23
1 26
1 27
1 28
1 31
1 32
1 33
1 36
1 37
1 38
1 41
1 42
1 43
1 46
1 47
1 48
1 51
1 52
1 53
1 57
1 58
1 62
1 63
1 67
1 68
1 72
1 73
1 74
1 77
1 78
1 79
1 82
1 83
1 84
1 87
1 88
1 89
2 1
2 2
2 3
2 6
2 7
2 8
2 11
2 12
2 13
2 17
2 18
2 22
2 23
2 27
2 28
2 32
2 33
2 37
2 38
2 39
2 42
2 43
2 44
2 47
2 48
2 49
2 52
2 53
2 54
2 57
2 58
2 59
2 62
2 63
2 64
2 67
2 68
2 69
2 73
2 74
2 78
2 79
2 83
2 84
2 88
2 89
2 90
3 2
3 3
3 4
3 7
3 8
3 9
3 12
3 13
3 14
3 17
3 18
3 19
3 22
3 23
3 24
3 27
3 28
3 29
3 33
3 34
3 38
3 39
3 43
3 44
3 48
3 49
3 53
3 54
3 55
3 58
3 59
3 60
3 63
3 64
3 65
3 68
3 69
3 70
3 73
3 74
3 75
3 78
3 79
3 80
3 83
3 84
3 85
3 89
3 90
4 3
4 4
4 8
4 9
4 13
4 14
4 15
4 18
4 19
4 20
4 23
4 24
4 25
4 28
4 29
4 30
4 33
4 34
4 35
4 38
4 39
4 40
4 43
4 44
4 45
4 49
4 50
4 54
4 55
4 59
4 60
4 64
4 65
4 66
4 69
4 70
4 71
4 74
4 75
4 76
4 79
4 80
4 81
4 84
4 85
4 86
4 89
4 90
4 91
5 3
5 4
5 5
5 9
5 10
5 14
5 15
5 19
5 20
5 24
5 25
5 29
5 30
5 31
5 34
5 35
5 36
5 39
5 40
5 41
5 44
5 45
5 46
5 49
5 50
5 51
5 54
5 55
5 56
5 59
5 60
5 61
5 65
5 66
5 70
5 71
5 75
5 76
5 80
5 81
5 82
5 85
5 86
5 87
5 90
5 91
6 1
6 4
6 5
6 6
6 9
6 10
6 11
6 14
6 15
6 16
6 19
6 20
6 21
6 25
6 26
6 30
6 31
6 35
6 36
6 40
6 41
6 45
6 46
6 47
6 50
6 51
6 52
6 55
6 56
6 57
6 60
6 61
6 62
6 65
6 66
6 67
6 70
6 71
6 72
6 75
6 76
6 77
6 81
6 82
6 86
6 87
6 91
7 1
7 5
7 6
7 7
7 10
7 11
7 12
7 15
7 16
7 17
7 20
7 21
7 22
7 25
7 26
7 27
7 30
7 31
7 32
7 35
7 36
7 37
7 41
7 42
7 46
7 47
7 51
7 52
7 56
7 57
7 61
7 62
7 63
7 66
7 67
7 68
7 71
7 72
7 73
7 76
7 77
7 78
7 81
7 82
7 83
7 86
7 87
7 88
9 81 340
85267788 189657992 339077408 162575 495793635 330107957 211991126 181720908 522923569
345204180 166551618 60475779 871852968 660611912 203172200 569485644 566016255 967218637 409468864 318726760 135364640 155942360 433779174 869719072 330230264 95259157 369041323 449833675 886984895 450284516 69795064 428148850 183187680 304326720 30417304 76638040 188938531 358106489 410852232 87976070 141873858 370678716 32262230 211341611 32699782 411959608 404912978 63524212 633706782 183436638 94189652 79028488 48169086 44625231 6319026 328402395 36794843 11874818 8238600 497085100 51008288 47071050 36280006 109184716 120845480 366796480 665100130 122272767 164400673 243637526 116105156 447183411 405783291 4376788 368857704 285871365 28925072 40643889 41122056 188934512 225252720 445960669 422344634 79978623 368697420 611168220 247689524 332113904 11298014 182712073
1 5
1 7
1 9
1 14
1 16
1 18
1 23
1 25
1 27
1 32
1 34
1 36
1 41
1 43
1 45
1 50
1 52
1 54
1 59
1 61
1 63
1 68
1 70
1 72
1 79
1 81
2 2
2 7
2 9
2 11
2 16
2 18
2 20
2 25
2 27
2 29
2 34
2 36
2 38
2 43
2 45
2 47
2 52
2 54
2 56
2 61
2 63
2 65
2 72
2 74
2 81
3 1
3 2
3 3
3 4
3 5
3 6
3 8
3 9
3 10
3 11
3 12
3 13
3 14
3 15
3 16
3 17
3 18
3 19
3 20
3 21
3 22
3 23
3 24
3 25
3 26
3 27
3 28
3 29
3 30
3 31
3 32
3 33
3 34
3 35
3 36
3 37
3 38
3 39
3 40
3 41
3 42
3 43
3 44
3 45
3 46
3 47
3 48
3 49
3 50
3 51
3 52
3 53
3 54
3 55
3 56
3 57
3 58
3 59
3 60
3 61
3 62
3 63
3 64
3 65
3 66
3 67
3 68
3 69
3 70
3 71
3 72
3 73
3 74
3 75
3 76
3 77
3 78
3 79
3 80
3 81
4 2
4 4
4 6
4 11
4 13
4 15
4 20
4 22
4 24
4 29
4 31
4 33
4 38
4 40
4 42
4 47
4 49
4 51
4 56
4 58
4 60
4 65
4 67
4 69
4 76
4 78
5 4
5 6
5 8
5 13
5 15
5 17
5 22
5 24
5 26
5 31
5 33
5 35
5 40
5 42
5 44
5 49
5 51
5 53
5 58
5 60
5 62
5 67
5 69
5 71
5 78
5 80
6 1
6 2
6 3
6 4
6 5
6 6
6 8
6 9
6 10
6 11
6 12
6 13
6 14
6 15
6 16
6 17
6 18
6 19
6 20
6 21
6 22
6 23
6 24
6 25
6 26
6 27
6 28
6 29
6 30
6 31
6 32
6 33
6 34
6 35
6 36
6 37
6 38
6 39
6 40
6 41
6 42
6 43
6 44
6 45
6 46
6 47
6 48
6 49
6 50
6 51
6 52
6 53
6 54
6 55
6 56
6 57
6 58
6 59
6 60
6 61
6 62
6 63
6 64
6 65
6 66
6 67
6 68
6 69
6 70
6 71
6 72
6 73
6 74
6 75
6 76
6 77
6 78
6 79
6 80
6 81
7 1
7 3
7 8
7 10
7 12
7 17
7 19
7 21
7 26
7 28
7 30
7 35
7 37
7 39
7 44
7 46
7 48
7 53
7 55
7 57
7 62
7 64
7 66
7 73
7 75
8 1
8 3
8 5
8 10
8 12
8 14
8 19
8 21
8 23
8 28
8 30
8 32
8 37
8 39
8 41
8 46
8 48
8 50
8 55
8 57
8 59
8 64
8 66
8 68
8 75
8 77
9 3
9 5
9 7
9 12
9 14
9 16
9 21
9 23
9 25
9 30
9 32
9 34
9 39
9 41
9 43
9 48
9 50
9 52
9 57
9 59
9 61
9 66
9 68
9 70
9 77
9 79
4 77 151
381535686 80128573 5459613 122285486
378563808 309527351 13883240 644362128 13667790 276065790 119224 563204940 109548558 26687600 25568592 152578896 151166952 131787202 270523320 201064869 12989999 311519100 179156050 141321821 181110900 3281376 643086640 197588027 227987034 85136070 138802650 800336736 266985888 476815248 229852064 218397356 439225050 25189450 3511544 47288493 227166984 129378942 66421840 23000448 423192042 40849648 240232342 15109700 9052680 117974800 64749920 133757445 325920636 22339800 457082100 290693590 359886141 163498208 892513519 95557410 413243308 166308912 3767862 9741996 111091860 229493726 420518184 383617809 38918890 32075736 30818970 578599285 254423734 90874652 631830555 3967824 705534376 89528608 181968360 61745814 99748468
1 3
1 7
1 10
1 14
1 17
1 18
1 21
1 25
1 28
1 32
1 36
1 39
1 43
1 46
1 47
1 50
1 54
1 57
1 61
1 65
1 68
1 72
1 75
1 76
2 2
2 6
2 9
2 13
2 17
2 20
2 24
2 27
2 28
2 31
2 35
2 38
2 42
2 46
2 49
2 53
2 56
2 57
2 60
2 64
2 67
2 71
2 74
2 75
3 1
3 5
3 8
3 9
3 12
3 16
3 19
3 23
3 26
3 27
3 30
3 34
3 37
3 38
3 41
3 45
3 48
3 52
3 55
3 56
3 59
3 63
3 66
3 67
3 70
3 74
3 77
4 1
4 2
4 3
4 4
4 5
4 6
4 7
4 8
4 9
4 10
4 11
4 12
4 13
4 14
4 15
4 16
4 18
4 19
4 20
4 21
4 22
4 23
4 24
4 25
4 26
4 27
4 28
4 29
4 30
4 31
4 32
4 33
4 34
4 35
4 36
4 37
4 38
4 39
4 40
4 41
4 42
4 43
4 44
4 45
4 46
4 47
4 48
4 49
4 50
4 51
4 52
4 53
4 54
4 55
4 56
4 57
4 58
4 59
4 60
4 61
4 62
4 63
4 64
4 65
4 66
4 67
4 68
4 69
4 70
4 71
4 72
4 73
4 74
4 75
4 76
4 77
9 99 477
160049899 111355126 96162852 141181135 52185150 387163825 8024478 495129888 282663940
288492954 414689550 335292360 430518726 442083279 1911767 252648580 816603624 282645396 122054168 809367420 42055164 85844500 111011972 1006521120 726254524 178320570 255577299 1234929 275888660 767180896 93942596 173790639 18356940 221862718 116844000 602380600 83384464 495126396 193852088 84273983 13561835 389305416 390256020 199905450 447865000 111882518 80435376 560493285 244734696 218518563 324637716 306344064 3762675 210526329 186593004 44928729 17820400 366420072 650091988 159258216 43646840 668701979 207230144 50948388 90310168 882981762 49322115 247010445 120642090 5464140 581232631 303566586 376798839 488431032 958688563 66886456 77127326 638889027 6068772 241497480 74636 159814311 1167903 53006426 60298920 26638370 63568596 344343792 476982837 243307800 28828296 388919585 49027621 751337858 196402290 855961839 993234847 67287825 15446970 615697979 48091836 54120316 439593595 515756494 385945186 615567897 25729306 621610288
1 2
1 4
1 6
1 8
1 10
1 11
1 13
1 15
1 17
1 19
1 21
1 22
1 24
1 26
1 28
1 30
1 32
1 33
1 35
1 37
1 39
1 41
1 43
1 44
1 46
1 48
1 50
1 52
1 54
1 55
1 57
1 59
1 61
1 63
1 65
1 66
1 68
1 70
1 72
1 74
1 77
1 79
1 81
1 83
1 85
1 86
1 88
1 90
1 92
1 94
1 96
1 97
1 99
2 2
2 4
2 6
2 8
2 9
2 11
2 13
2 15
2 17
2 19
2 20
2 22
2 24
2 26
2 28
2 30
2 31
2 33
2 35
2 37
2 39
2 41
2 42
2 44
2 46
2 48
2 50
2 52
2 53
2 55
2 57
2 59
2 61
2 64
2 66
2 68
2 70
2 72
2 73
2 75
2 77
2 79
2 81
2 83
2 84
2 86
2 88
2 90
2 92
2 94
2 95
2 97
2 99
3 2
3 4
3 6
3 7
3 9
3 11
3 13
3 15
3 17
3 18
3 20
3 22
3 24
3 26
3 28
3 29
3 31
3 33
3 35
3 37
3 40
3 42
3 44
3 46
3 48
3 49
3 51
3 53
3 55
3 57
3 59
3 60
3 62
3 64
3 66
3 68
3 70
3 71
3 73
3 75
3 77
3 79
3 81
3 82
3 84
3 86
3 88
3 90
3 92
3 93
3 95
3 97
3 99
4 2
4 4
4 5
4 7
4 9
4 11
4 13
4 15
4 16
4 18
4 20
4 22
4 24
4 27
4 29
4 31
4 33
4 35
4 36
4 38
4 40
4 42
4 44
4 46
4 47
4 49
4 51
4 53
4 55
4 57
4 58
4 60
4 62
4 64
4 66
4 68
4 69
4 71
4 73
4 75
4 77
4 79
4 80
4 82
4 84
4 86
4 88
4 90
4 91
4 93
4 95
4 97
4 99
5 3
5 5
5 7
5 9
5 11
5 12
5 14
5 16
5 18
5 20
5 22
5 23
5 25
5 27
5 29
5 31
5 33
5 34
5 36
5 38
5 40
5 42
5 44
5 45
5 47
5 49
5 51
5 53
5 55
5 56
5 58
5 60
5 62
5 64
5 66
5 67
5 69
5 71
5 73
5 75
5 77
5 78
5 80
5 82
5 84
5 86
5 89
5 91
5 93
5 95
5 97
5 98
6 1
6 3
6 5
6 7
6 9
6 10
6 12
6 14
6 16
6 18
6 20
6 21
6 23
6 25
6 27
6 29
6 31
6 32
6 34
6 36
6 38
6 40
6 42
6 43
6 45
6 47
6 49
6 51
6 53
6 54
6 56
6 58
6 60
6 62
6 65
6 67
6 69
6 71
6 73
6 74
6 76
6 78
6 80
6 82
6 84
6 85
6 87
6 89
6 91
6 93
6 95
6 96
6 98
7 1
7 3
7 5
7 7
7 8
7 10
7 12
7 14
7 16
7 18
7 19
7 21
7 23
7 25
7 27
7 29
7 30
7 32
7 34
7 36
7 38
7 40
7 41
7 43
7 45
7 47
7 49
7 52
7 54
7 56
7 58
7 60
7 61
7 63
7 65
7 67
7 69
7 71
7 72
7 74
7 76
7 78
7 80
7 82
7 83
7 85
7 87
7 89
7 91
7 93
7 94
7 96
7 98
8 1
8 3
8 5
8 6
8 8
8 10
8 12
8 14
8 16
8 17
8 19
8 21
8 23
8 25
8 27
8 28
8 30
8 32
8 34
8 36
8 37
8 39
8 41
8 43
8 45
8 47
8 48
8 50
8 52
8 54
8 56
8 58
8 59
8 61
8 63
8 65
8 67
8 69
8 70
8 72
8 74
8 76
8 78
8 80
8 81
8 83
8 85
8 87
8 89
8 91
8 92
8 94
8 96
8 98
9 1
9 3
9 4
9 6
9 8
9 10
9 12
9 15
9 17
9 19
9 21
9 23
9 24
9 26
9 28
9 30
9 32
9 34
9 35
9 37
9 39
9 41
9 43
9 45
9 46
9 48
9 50
9 52
9 54
9 56
9 57
9 59
9 61
9 63
9 65
9 67
9 68
9 70
9 72
9 74
9 76
9 78
9 79
9 81
9 83
9 85
9 87
9 89
9 90
9 92
9 94
9 96
9 98
