6
9 81 191
68817958 50480094 122411520 157831740 255142594 345671410 10630535 657250889 553903028
612425 24168988 215705600 56938281 735480476 356233625 130478250 360350263 362447035 100388736 46600257 46533838 16306992 428061942 44400036 31834663 186453050 25474455 293523428 181475175 2647974 112251663 766612080 462415616 11412168 607177287 249552645 61873761 252536049 683429152 20956342 126544448 24893151 419763816 246775040 347547984 102384555 31699096 194306268 434971000 228784372 350298256 87388464 109205592 253861650 176726732 276610604 352087753 303216264 162481770 210463058 471667716 283770630 145921880 503209576 184996350 227191949 153788700 8904995 25279622 120730775 394792632 151933440 336425214 41940346 183973810 423163440 610799112 697035332 1921612 178472797 96127746 12319296 40599288 315218285 104484354 550214994 18601451 147590320 84406414 7768085
1 9
1 18
1 27
1 36
2 1
2 2
2 3
2 4
2 5
2 6
2 8
2 9
2 10
2 11
2 12
2 13
2 14
2 15
2 16
2 17
2 18
2 19
2 20
2 21
2 22
2 23
2 24
2 25
2 26
2 27
2 28
2 29
2 30
2 31
2 32
2 33
2 34
2 35
2 36
2 37
2 38
2 39
2 40
2 41
2 42
2 43
2 44
2 45
2 46
2 47
2 48
2 49
2 50
2 51
2 52
2 53
2 54
2 55
2 56
2 57
2 58
2 59
2 60
2 61
2 62
2 63
2 64
2 65
2 66
2 67
2 68
2 69
2 70
2 71
2 72
2 73
2 74
2 75
2 76
2 77
2 78
2 79
2 80
2 81
3 4
3 13
3 22
3 31
3 40
4 6
4 15
4 24
4 33
5 8
5 17
5 26
5 35
6 1
6 10
6 19
6 28
6 37
7 3
7 12
7 21
7 30
7 39
8 1
8 2
8 3
8 4
8 5
8 6
8 8
8 9
8 10
8 11
8 12
8 13
8 14
8 15
8 16
8 17
8 18
8 19
8 20
8 21
8 22
8 23
8 24
8 25
8 26
8 27
8 28
8 29
8 30
8 31
8 32
8 33
8 34
8 35
8 36
8 37
8 38
8 39
8 40
8 41
8 42
8 43
8 44
8 45
8 46
8 47
8 48
8 49
8 50
8 51
8 52
8 53
8 54
8 55
8 56
8 57
8 58
8 59
8 60
8 61
8 62
8 63
8 64
8 65
8 66
8 67
8 68
8 69
8 70
8 71
8 72
8 73
8 74
8 75
8 76
8 77
8 78
8 79
8 80
8 81
9 7
9 16
9 25
9 34
6 71 154
3649959 161513352 13753348 195004287 122063768 166438833
178756256 227452002 6449256 231509690 159053508 12430747 383249970 746470921 662340 769891545 132904224 16466028 82630194 13966953 27761636 570616256 298057560 819152412 198369729 1142190 356515722 43594440 240529917 216392390 75348238 724331289 80206170 79160506 22359525 501501000 273113984 77906038 666918060 136899404 772428770 13444208 52412646 180687615 277080255 445079411 103802300 93715685 563286680 170150438 612947712 217898100 250647852 470940352 500821428 354087767 236569728 783300 219952240 692111024 293739966 145223968 13154232 39193770 13188756 502801500 61564036 71254080 96110793 112919052 139741836 283842284 244229970 421805414 73262180 144709974 471721878
1 1
1 2
1 3
1 4
1 5
1 6
1 8
1 9
1 10
1 11
1 12
1 13
1 14
1 15
1 16
1 17
1 18
1 19
1 20
1 21
1 22
1 23
1 24
1 25
1 26
1 27
1 28
1 29
1 30
1 31
1 32
1 33
1 34
1 35
1 36
1 37
1 38
1 39
1 40
1 41
1 42
1 43
1 44
1 45
1 46
1 47
1 48
1 49
1 50
1 51
1 52
1 53
1 54
1 55
1 56
1 57
1 58
1 59
1 60
1 61
1 62
1 63
1 64
1 65
1 66
1 67
1 68
1 69
1 70
1 71
2 7
2 9
2 11
2 18
2 20
2 27
2 29
2 36
2 38
2 40
2 47
2 49
2 56
2 58
2 65
2 67
2 69
3 5
3 7
3 14
3 16
3 23
3 25
3 27
3 34
3 36
3 43
3 45
3 52
3 54
3 56
3 63
3 65
4 1
4 3
4 10
4 12
4 14
4 21
4 23
4 30
4 32
4 39
4 41
4 43
4 50
4 52
4 59
4 61
4 68
4 70
5 1
5 8
5 10
5 17
5 19
5 26
5 28
5 30
5 37
5 39
5 46
5 48
5 55
5 57
5 59
5 66
5 68
6 4
6 6
6 13
6 15
6 17
6 24
6 26
6 33
6 35
6 42
6 44
6 46
6 53
6 55
6 62
6 64
10 31 200
150865092 302641020 158289152 5819448 452256075 273544128 229930976 352200959 35700828 33090942
720933840 45228124 352294090 34996725 617707521 822703555 181955454 93755780 485095040 176541552 144463058 40511856 13058270 2363438 505400090 9480198 41745062 46237730 241107822 488204302 382682895 57428176 226034754 575721180 194136308 23761628 535858592 370726923 6045762 456363440 382589187
1 16
1 17
1 18
1 19
1 20
1 21
1 22
1 23
1 24
1 25
1 26
1 27
1 28
1 29
1 30
1 31
2 1
2 2
2 3
2 4
2 5
2 6
2 7
2 8
2 9
2 10
2 11
2 12
2 13
2 29
2 30
2 31
3 1
3 2
3 3
3 4
3 5
3 6
3 7
3 8
3 9
3 10
3 11
3 12
3 13
3 14
3 15
3 16
3 17
3 18
3 19
3 20
3 21
3 22
3 23
3 24
3 25
3 26
4 12
4 13
4 14
4 15
4 16
4 17
4 18
4 19
4 20
4 21
4 22
4 23
4 24
4 25
4 26
4 27
4 28
4 29
4 30
4 31
5 1
5 2
5 3
5 4
5 5
5 6
5 7
5 8
5 25
5 26
5 27
5 28
5 29
5 30
5 31
6 1
6 2
6 3
6 4
6 5
6 6
6 7
6 8
6 9
6 10
6 11
6 12
6 13
6 14
6 15
6 16
6 17
6 18
6 19
6 20
6 21
6 22
7 7
7 8
7 9
7 10
7 11
7 12
7 13
7 14
7 15
7 16
7 17
7 18
7 19
7 20
7 21
7 22
7 23
7 24
7 25
7 26
7 27
7 28
7 29
7 30
7 31
8 1
8 2
8 3
8 4
8 21
8 22
8 23
8 24
8 25
8 26
8 27
8 28
8 29
8 30
8 31
9 1
9 2
9 3
9 4
9 5
9 6
9 7
9 8
9 9
9 10
9 11
9 12
9 13
9 14
9 15
9 16
9 17
10 3
10 4
10 5
10 6
10 7
10 8
10 9
10 10
10 11
10 12
10 13
10 14
10 15
10 16
10 17
10 18
10 19
10 20
10 21
10 22
10 23
10 24
10 25
10 26
10 27
10 28
10 29
10 30
7 91 324
215966181 842671512 74025242 12713681 200704831 183380558 98832384
464661736 384475609 599812530 276225808 150894414 389460292 277281945 248715775 177844173 351959062 331054695 774900 316793211 228172938 371312096 52873536 117188008 158739756 418770768 842827876 344025000 163940208 25313536 133894474 119061098 202613315 416351267 534188858 193653222 92887725 1959590 358043175 512761242 43066512 929738775 85934739 35373655 145832448 486034340 104276115 120673218 666852585 200991579 552232080 114620000 484016640 17975972 135258255 8862548 77514180 66046425 312690842 62128134 61398513 437412764 476349367 155989730 464524506 129162540 599382536 750108919 189868843 7723468 549645300 106495786 263967704 827068440 49823776 274664440 78162924 63652900 207288270 97907920 478127190 482931190 177387320 208933335 372421942 180435216 324212204 746038747 698040294 745830771 94056976 382885186 638690408 29836775 239907445 68445657 110955341 227453010
1 1
1 6
1 11
1 16
1 21
1 26
1 27
1 31
1 32
1 36
1 37
1 41
1 42
1 46
1 47
1 51
1 52
1 57
1 62
1 67
1 72
1 77
1 78
1 82
1 83
1 87
1 88
2 1
2 2
2 3
2 4
2 5
2 6
2 7
2 8
2 9
2 10
2 11
2 12
2 13
2 14
2 16
2 17
2 18
2 19
2 20
2 21
2 22
2 23
2 24
2 25
2 26
2 27
2 28
2 29
2 30
2 31
2 32
2 33
2 34
2 35
2 36
2 37
2 38
2 39
2 40
2 41
2 42
2 43
2 44
2 45
2 46
2 47
2 48
2 49
2 50
2 51
2 52
2 53
2 54
2 55
2 56
2 57
2 58
2 59
2 60
2 61
2 62
2 63
2 64
2 65
2 66
2 67
2 68
2 69
2 70
2 71
2 72
2 73
2 74
2 75
2 76
2 77
2 78
2 79
2 80
2 81
2 82
2 83
2 84
2 85
2 86
2 87
2 88
2 89
2 90
2 91
3 2
3 3
3 7
3 8
3 12
3 13
3 17
3 18
3 22
3 23
3 27
3 28
3 33
3 38
3 43
3 48
3 53
3 54
3 58
3 59
3 63
3 64
3 68
3 69
3 73
3 74
3 78
3 79
3 83
3 84
3 89
4 1
4 2
4 3
4 4
4 5
4 6
4 8
4 9
4 10
4 11
4 12
4 13
4 14
4 15
4 16
4 17
4 18
4 19
4 20
4 21
4 22
4 23
4 24
4 25
4 26
4 27
4 28
4 29
4 30
4 31
4 32
4 33
4 34
4 35
4 36
4 37
4 38
4 39
4 40
4 41
4 42
4 43
4 44
4 45
4 46
4 47
4 48
4 49
4 50
4 51
4 52
4 53
4 54
4 55
4 56
4 57
4 58
4 59
4 60
4 61
4 62
4 63
4 64
4 65
4 66
4 67
4 68
4 69
4 70
4 71
4 72
4 73
4 74
4 75
4 76
4 77
4 78
4 79
4 80
4 81
4 82
4 83
4 84
4 85
4 86
4 87
4 88
4 89
4 90
4 91
5 3
5 4
5 9
5 14
5 19
5 24
5 29
5 30
5 34
5 35
5 39
5 40
5 44
5 45
5 49
5 50
5 54
5 55
5 59
5 60
5 65
5 70
5 75
5 80
5 85
5 86
5 90
5 91
6 4
6 5
6 9
6 10
6 14
6 15
6 19
6 20
6 25
6 30
6 35
6 40
6 45
6 46
6 50
6 51
6 55
6 56
6 60
6 61
6 65
6 66
6 70
6 71
6 75
6 76
6 81
6 86
6 91
7 5
7 10
7 11
7 15
7 16
7 20
7 21
7 25
7 26
7 30
7 31
7 35
7 36
7 41
7 46
7 51
7 56
7 61
7 62
7 66
7 67
7 71
7 72
7 76
7 77
7 81
7 82
7 86
7 87
3 99 111
100436031 356090058 819627046
183810816 223710654 43385715 799214940 75234272 732536532 491311040 522929490 1475905 289018503 715624497 172055834 75085683 224621460 59213665 142906056 237740352 452098904 130437216 171148974 139250534 5309227 378333603 316739540 26436132 489269671 9548400 24661804 62492160 76217860 284046914 107504950 100298112 144321840 149607096 167105766 2840122 455729472 6018592 133246308 343639638 395939130 28550346 29766300 698945560 101472921 518759403 140950603 170503557 355948260 113285470 102244490 93375000 378302368 91773460 527248626 139498977 897683151 163353232 778933584 886163172 211425155 268155020 61091448 109846864 218189808 17094672 12180192 26640680 582254096 147341424 83373763 542867871 467684786 428290970 12799134 165790620 40416579 138365799 61314393 110598345 462808962 6741213 371821660 382347381 197132045 213723997 361194330 28130564 163881755 134952404 38373508 693901620 137995632 745747236 199232009 372380280 374822600 187953627
1 11
1 36
1 47
1 61
1 72
1 86
1 97
2 12
2 23
2 37
2 48
2 73
2 98
3 1
3 2
3 3
3 4
3 5
3 6
3 8
3 9
3 10
3 11
3 12
3 13
3 14
3 15
3 16
3 17
3 18
3 19
3 20
3 21
3 22
3 23
3 24
3 25
3 26
3 27
3 28
3 29
3 30
3 31
3 32
3 33
3 34
3 35
3 36
3 37
3 38
3 39
3 40
3 41
3 42
3 43
3 44
3 45
3 46
3 47
3 48
3 49
3 50
3 51
3 52
3 53
3 54
3 55
3 56
3 57
3 58
3 59
3 60
3 61
3 62
3 63
3 64
3 65
3 66
3 67
3 68
3 69
3 70
3 71
3 72
3 73
3 74
3 75
3 76
3 77
3 78
3 79
3 80
3 81
3 82
3 83
3 84
3 85
3 86
3 87
3 88
3 89
3 90
3 91
3 92
3 93
3 94
3 95
3 96
3 97
3 98
3 99
1 23 5
28595664
340586169 369763092 155795664 975869640 31387713 402867823 12734876 130121152 538865982 232171485 27431784 596710467 494206606 38962176 685588514 33897798 123910305 340458592 60366156 500810588 258861928 757110240 541134995
1 3
1 8
1 13
1 18
1 21
