6
9 91 338
14918904 354474498 247732485 434972700 674333500 65432422 183592542 69225388 286467038
242377680 563396339 235437040 191748276 138013820 21941760 540841500 319676448 597434376 197623173 9989712 1003048380 258512118 31255180 39708395 91558679 86342903 8759982 51813480 91729090 322292070 305343572 105816128 51278700 12544686 433355904 514415500 56526613 701907717 183468870 24358752 649138032 529232525 179377625 477894573 45867768 457668640 47497971 88287718 264185998 48988931 44946170 908185992 8969300 418840518 38007450 38542021 329007040 52628775 479695104 433866528 25259856 979777400 576750128 435902769 559644090 55281914 369937960 258187888 19830 204316224 496310320 95679780 132728802 4493131 214663815 194151061 691496540 81311640 12974208 109609893 723831996 392053826 160223560 33777238 121715032 15418470 24464040 51945894 475988506 638287394 13448792 41940987 234957696 288062272 85627360 57040508 257621868 272002602 316999580 58238656
1 3
1 11
1 19
1 27
1 30
1 35
1 38
1 43
1 46
1 51
1 54
1 59
1 62
1 67
1 70
1 75
1 78
1 83
1 86
1 91
2 3
2 8
2 11
2 16
2 19
2 24
2 27
2 32
2 35
2 40
2 43
2 48
2 51
2 56
2 59
2 64
2 67
2 72
2 75
2 80
2 83
2 88
2 91
3 1
3 2
3 3
3 4
3 5
3 6
3 7
3 8
3 9
3 10
3 11
3 12
3 13
3 14
3 15
3 16
3 17
3 18
3 19
3 20
3 21
3 22
3 23
3 24
3 25
3 26
3 27
3 28
3 29
3 30
3 31
3 32
3 33
3 34
3 35
3 36
3 37
3 38
3 39
3 40
3 41
3 42
3 43
3 44
3 45
3 46
3 47
3 48
3 49
3 50
3 51
3 52
3 53
3 54
3 55
3 56
3 57
3 58
3 59
3 60
3 61
3 62
3 63
3 64
3 65
3 66
3 67
3 68
3 69
3 70
3 71
3 72
3 73
3 74
3 75
3 76
3 77
3 78
3 79
3 80
3 81
3 82
3 83
3 84
3 85
3 86
3 87
3 88
3 89
3 90
3 91
4 2
4 5
4 10
4 13
4 18
4 21
4 26
4 29
4 34
4 37
4 42
4 45
4 50
4 53
4 58
4 61
4 66
4 69
4 74
4 77
4 82
4 85
4 90
5 2
5 7
5 10
5 15
5 18
5 23
5 26
5 31
5 34
5 39
5 42
5 47
5 50
5 55
5 58
5 63
5 66
5 71
5 74
5 79
5 82
5 87
5 90
6 4
6 7
6 12
6 15
6 20
6 23
6 28
6 31
6 36
6 39
6 44
6 47
6 52
6 55
6 60
6 63
6 68
6 71
6 76
6 79
6 84
6 87
7 1
7 2
7 3
7 4
7 5
7 6
7 7
7 8
7 9
7 10
7 11
7 12
7 13
7 14
7 15
7 16
7 17
7 18
7 19
7 20
7 21
7 22
7 23
7 24
7 25
7 26
7 27
7 28
7 29
7 30
7 31
7 32
7 33
7 34
7 35
7 36
7 37
7 38
7 39
7 40
7 41
7 42
7 43
7 44
7 45
7 46
7 47
7 48
7 49
7 50
7 51
7 52
7 53
7 54
7 55
7 56
7 57
7 58
7 59
7 60
7 61
7 62
7 63
7 64
7 65
7 66
7 67
7 68
7 69
7 70
7 71
7 72
7 73
7 74
7 75
7 76
7 77
7 78
7 79
7 80
7 81
7 82
7 83
7 84
7 85
7 86
7 87
7 88
7 89
7 90
7 91
8 1
8 6
8 9
8 14
8 17
8 22
8 25
8 30
8 33
8 38
8 41
8 46
8 49
8 54
8 57
8 62
8 65
8 70
8 73
8 78
8 81
8 86
8 89
9 3
9 6
9 11
9 14
9 19
9 22
9 27
9 30
9 35
9 38
9 43
9 46
9 51
9 54
9 59
9 62
9 67
9 70
9 75
9 78
9 83
9 86
5 61 143
347709006 463615044 272198160 327286160 74532726
265422696 155940060 136658042 512557500 58258629 4655196 95169375 699212544 105386604 414463707 244918368 148764750 114279088 21644553 477444697 216446263 144253840 161008452 331656051 263456610 818285895 476930904 145682435 32935680 124723154 730642588 346865358 46453323 4021328 595901436 17178730 176603220 130287000 156392290 184348944 778995872 598928 380832988 311406400 773033019 497791765 369488043 854219520 280372257 561464316 64460080 824520633 371575212 184943316 67511583 453006765 946798080 223801600 268376808 122643965 174305715 496965480 224094852 331061055 124866500 204164502
1 3
1 5
1 7
1 12
1 14
1 19
1 21
1 23
1 28
1 30
1 35
1 37
1 39
1 42
1 44
1 46
1 51
1 53
1 58
1 60
2 1
2 6
2 8
2 13
2 15
2 17
2 20
2 22
2 24
2 29
2 31
2 36
2 38
2 40
2 45
2 47
2 52
2 54
2 56
2 59
2 61
3 1
3 2
3 3
3 4
3 5
3 6
3 7
3 8
3 9
3 10
3 11
3 12
3 13
3 14
3 15
3 16
3 17
3 18
3 19
3 20
3 21
3 22
3 23
3 24
3 25
3 26
3 27
3 28
3 29
3 30
3 31
3 32
3 33
3 34
3 35
3 36
3 37
3 38
3 39
3 40
3 41
3 42
3 43
3 44
3 45
3 46
3 47
3 48
3 49
3 50
3 51
3 52
3 53
3 54
3 55
3 56
3 57
3 58
3 59
3 60
3 61
4 1
4 3
4 8
4 10
4 12
4 17
4 19
4 24
4 26
4 28
4 31
4 33
4 35
4 40
4 42
4 47
4 49
4 51
4 56
4 58
5 2
5 4
5 6
5 9
5 11
5 13
5 18
5 20
5 25
5 27
5 29
5 34
5 36
5 41
5 43
5 45
5 48
5 50
5 52
5 57
5 59
6 71 55
112409219 15147272 1363754 342804064 142270218 336409850
124616016 100824150 299397624 167601057 94148683 113524359 414793413 213728920 16506307 447348132 170490400 252019280 182561148 22225152 325137995 281601906 407690352 32584024 200730530 373241700 696628227 427238180 15156834 130174247 16395230 251231624 376322778 1194960 160077114 411712823 51044820 113533596 957038292 4303929 473001600 166549896 253665101 398040720 494491230 494389168 96062400 203262982 111065000 816106200 198516330 300981920 369726357 338204030 254543040 678662595 398724392 406228032 173100807 248505018 85302350 10911960 412975584 298587003 329801568 93751680 283843550 429334815 26095690 870782483 550989351 105404408 3747510 450637785 140013280 288371898 560536725
1 2
1 11
1 20
1 31
1 40
1 49
1 60
1 69
2 7
2 18
2 27
2 36
2 38
2 47
2 56
2 65
2 67
3 5
3 14
3 23
3 25
3 34
3 43
3 52
3 54
3 63
4 1
4 10
4 12
4 21
4 30
4 39
4 41
4 50
4 59
4 68
4 70
5 8
5 17
5 26
5 28
5 37
5 46
5 55
5 57
5 66
6 4
6 13
6 15
6 24
6 33
6 42
6 44
6 53
6 62
4 89 228
65804850 246739791 509277015 340938325
477812752 136862000 225059496 600080824 628441280 221968164 380353328 760732980 10630048 203364824 129761091 905845106 6898728 783447036 445464090 115374000 165594960 167539590 3287232 43091565 142840635 148435600 234874794 204342272 27109768 562670394 435754682 513233354 467823168 3553550 345266856 138790845 31578608 116542096 264625704 107271904 324022354 91176094 143250237 598415310 15456105 248731527 259901375 74126412 190845450 556082250 73946607 66576816 49759535 277880130 195649805 419338575 72506052 16814028 558087320 646878000 77073342 203562048 816496212 5872139 1038565129 14942543 3644993 718500420 21843675 295280895 122805586 3268955 141219900 60883595 100849320 69014212 243453185 349519686 574574121 271347636 154835013 135949621 718800324 148007400 939117060 49947742 677497875 634497150 218475614 397425225 413070971 65793500 179113788
1 1
1 2
1 3
1 4
1 5
1 6
1 7
1 8
1 9
1 10
1 11
1 12
1 13
1 14
1 15
1 16
1 17
1 18
1 19
1 20
1 21
1 22
1 23
1 24
1 25
1 26
1 27
1 28
1 29
1 30
1 31
1 32
1 33
1 34
1 35
1 36
1 37
1 38
1 39
1 40
1 41
1 42
1 43
1 44
1 45
1 46
1 47
1 48
1 49
1 50
1 51
1 52
1 53
1 54
1 55
1 56
1 57
1 58
1 59
1 60
1 61
1 62
1 63
1 64
1 65
1 66
1 67
1 68
1 69
1 70
1 71
1 72
1 73
1 74
1 75
1 76
1 77
1 78
1 79
1 80
1 81
1 82
1 83
1 84
1 85
1 86
1 87
1 88
1 89
2 1
2 2
2 3
2 4
2 5
2 6
2 7
2 8
2 9
2 10
2 11
2 12
2 13
2 14
2 15
2 16
2 17
2 18
2 19
2 20
2 21
2 22
2 23
2 24
2 25
2 26
2 27
2 28
2 29
2 30
2 31
2 32
2 33
2 34
2 35
2 36
2 37
2 38
2 39
2 40
2 41
2 42
2 43
2 44
2 45
2 46
2 47
2 48
2 49
2 50
2 51
2 52
2 53
2 54
2 55
2 56
2 57
2 58
2 59
2 60
2 61
2 62
2 63
2 64
2 65
2 66
2 67
2 68
2 69
2 70
2 71
2 72
2 73
2 74
2 75
2 76
2 77
2 78
2 79
2 80
2 81
2 82
2 83
2 84
2 85
2 86
2 87
2 88
2 89
3 3
3 4
3 9
3 10
3 15
3 20
3 21
3 26
3 27
3 32
3 37
3 38
3 43
3 49
3 54
3 55
3 60
3 65
3 66
3 71
3 72
3 77
3 82
3 83
3 88
3 89
4 5
4 10
4 11
4 16
4 17
4 22
4 27
4 28
4 33
4 34
4 39
4 44
4 45
4 50
4 51
4 56
4 61
4 62
4 67
4 68
4 73
4 78
4 79
4 84
3 21 25
112842288 263616708 718230849
537594904 12128840 108762370 5133731 4168506 54114346 111858950 64398782 22730617 48176128 40306272 333228168 73771692 829097706 477035424 181934784 257337228 279490024 538518240 468926172 65194650
1 1
1 2
1 3
1 4
1 5
1 6
1 7
1 8
1 9
1 10
1 11
1 12
1 13
1 14
1 15
1 16
1 17
1 18
1 19
1 20
1 21
2 10
2 18
3 5
3 13
10 11 34
153183588 414961488 150956892 73494455 175284297 568180952 72803256 120824048 88012512 99536445
755054762 293248592 201492655 163598888 18009630 45712296 57504808 218488088 40435920 81432950 330193600
1 1
1 2
1 3
1 4
1 5
1 6
1 7
1 8
1 9
1 10
1 11
4 4
4 5
4 6
4 7
4 8
4 9
4 10
4 11
5 1
5 2
5 3
5 4
7 8
7 9
7 10
7 11
8 1
8 2
8 3
8 4
8 5
8 6
8 7
