6
55 51 104
760550168 11104000 261326940 143523000 24513610 64914500 139969089 4614720 109835103 181537222 843323740 104466466 94873155 14715574 196156917 39363471 75284000 4731300 194506340 391096824 585288120 51418730 302466064 383687540 32321185 385716936 836819715 488088990 95227160 774296152 33481127 387940600 18285696 243645024 12161300 320702380 406655234 39797305 250342797 419161968 243029367 303231792 814157869 3546820 53550441 38959389 14064119 703118016 203164052 428015610 73989135 197140671 275034362 523428804 161360640
765935742 304872378 9976155 4052088 93885270 85257391 567023241 102950877 253938100 711474840 243476453 350995030 625017120 134816159 127082475 50960745 446493483 153194030 420963236 98805763 508614200 59570357 5611745 342037484 402143979 21269587 714715837 204221996 177355024 188946368 79794819 271963080 107348940 1036677632 277704608 308378840 30866880 885206382 1458324 647191779 212444450 125991981 951467244 245073410 856573965 297830975 40801408 36490222 53174505 278375940 9364411
1 37
2 23
3 9
3 46
9 1
9 2
9 3
9 4
9 5
9 6
9 8
9 9
9 10
9 11
9 12
9 13
9 14
9 15
9 16
9 17
9 18
9 19
9 20
9 21
9 22
9 23
9 24
9 25
9 26
9 27
9 28
9 29
9 30
9 31
9 32
9 33
9 34
9 35
9 36
9 37
9 38
9 39
9 40
9 41
9 42
9 43
9 44
9 45
9 46
9 47
9 48
9 49
9 50
9 51
21 1
21 2
21 3
21 4
21 5
21 6
21 8
21 9
21 10
21 11
21 12
21 13
21 14
21 15
21 16
21 17
21 18
21 19
21 20
21 21
21 22
21 23
21 24
21 25
21 26
21 27
21 28
21 29
21 30
21 31
21 32
21 33
21 34
21 35
21 36
21 37
21 38
21 39
21 40
21 41
21 42
21 43
21 44
21 45
21 46
21 47
21 48
21 49
21 50
21 51
33 21 25
58952465 153673296 901822194 116152509 24430130 54398496 135989280 191663500 568831978 3294995 75248630 50929448 16827000 251358471 866491641 425630340 6301088 259709093 54158343 311499000 285899463 140276640 124354980 567022816 119896986 13204995 199134936 684432972 266699579 12754800 78418432 165446820 37905189
370965214 469685645 206037040 800516740 229338611 382985284 731583580 198931488 180025120 599524503 53006565 12251206 315971838 273771210 87990560 55826980 250359129 236818940 710529260 570622980 583102724
5 2
9 5
17 10
18 1
18 2
18 3
18 4
18 5
18 6
18 8
18 9
18 10
18 11
18 12
18 13
18 14
18 15
18 16
18 17
18 18
18 19
18 20
18 21
21 13
29 18
61 101 7
66497547 365869014 39114240 66162529 45744860 697795389 412631670 154507815 389562201 162818942 223834105 210714161 32222176 132912220 733111827 62196992 18286342 100831644 135819180 395892954 350069200 118653387 183114272 309707088 134895894 236809180 483315624 237002792 103310751 8917832 265069830 832612596 81967085 12471420 467787156 532040509 185628570 615385654 160491632 389561743 241268852 301432716 136147968 216916650 20277474 449102864 28817998 235278320 139034070 159225892 49186066 586932192 413073444 913159329 38965500 360810120 250954860 231994 467690254 18253578 68322744
126838376 277958436 39371880 641312282 141557560 362410429 882876729 21766269 542011732 29291616 3103860 181623438 185555608 99734141 279287436 18151308 79765796 30381912 274544820 380718699 113172564 186036201 788273100 473276846 154477176 204880568 462901164 41514525 356204740 30470275 174866671 250664931 727565366 82624024 433110600 89263508 265419295 36015158 533186360 771144960 630831036 105551232 648927778 539320096 69324768 324323072 218532864 604810206 448785950 710931990 110665260 5258500 11309568 442859428 316943496 109941154 61562850 252172816 120622488 246077062 143478179 374281280 93949240 8732717 19305744 228892825 153832965 426435933 12177105 392426784 203976661 9223656 894870361 409938914 61446440 812822450 576409350 298443789 40700900 199089440 454801287 483775776 31734870 841351896 495610360 549909945 163118952 155119580 270338710 213918096 131625021 168835212 65042600 236266767 157444300 674144295 26340351 8749710 786940035 69501993 12205026
3 59
18 19
20 78
32 80
35 38
47 40
49 99
77 101 204
74600500 66830060 469209180 12537900 134190225 194626242 104872200 644958384 35550143 535366515 283049316 768039426 317316750 17826193 186031746 7099664 911353240 320750100 507133046 413063240 597142698 1781177 81917990 196454400 289206390 587810688 344296215 142696512 100627740 67649154 978493208 494260371 43197410 313022717 498364020 3299072 8646760 329011625 336131692 844543770 391684194 1024502940 6800160 169574280 144979760 263489510 291989334 47060274 2778213 63458230 182040246 236483016 966273356 741879600 3879249 225808504 54300537 593438508 103761119 60666608 26381088 496974456 323783640 398766027 60705216 24930234 240398652 281598498 122459511 17427192 251380701 318822056 105096453 912237673 155370150 438559818 35319240
346743722 386269184 928000 111136284 40319536 12148414 319324544 11770645 188643390 401598152 608045273 162711740 740467158 112387772 467748336 163087720 141103026 659850126 22919376 357551007 20710393 92367094 476453117 14804442 440803670 314680044 63455220 785278265 633147944 12105466 453120871 122033284 224486976 285052705 107769120 21081852 72312512 52597500 347574624 3960184 35903700 336560004 405326944 99286794 266537220 320424390 641435400 208727089 671843154 26386734 194114255 141569505 937584750 207532688 46735752 516609460 458892474 34967069 229047246 679903432 580280790 64024528 121593160 743446068 197090632 40061595 195111806 738041019 508065767 108207387 670887180 207611378 17605360 397258326 135135552 182674570 519702510 208719696 95557272 54401296 168688998 502522362 27232168 432694067 110628150 335155455 452884068 29785680 433621188 95143403 3423618 340035300 431238 477352792 336922694 1058118417 85265928 9745717 719655184 278229942 808827696
3 19
5 1
5 2
5 3
5 4
5 5
5 6
5 8
5 9
5 10
5 11
5 12
5 13
5 14
5 15
5 16
5 17
5 18
5 19
5 20
5 21
5 22
5 23
5 24
5 25
5 26
5 27
5 28
5 29
5 30
5 31
5 32
5 33
5 34
5 35
5 36
5 37
5 38
5 39
5 40
5 41
5 42
5 43
5 44
5 45
5 46
5 47
5 48
5 49
5 50
5 51
5 52
5 53
5 54
5 55
5 56
5 57
5 58
5 59
5 60
5 61
5 62
5 63
5 64
5 65
5 66
5 67
5 68
5 69
5 70
5 71
5 72
5 73
5 74
5 75
5 76
5 77
5 78
5 79
5 80
5 81
5 82
5 83
5 84
5 85
5 86
5 87
5 88
5 89
5 90
5 91
5 92
5 93
5 94
5 95
5 96
5 97
5 98
5 99
5 100
5 101
27 40
29 59
44 1
44 2
44 3
44 4
44 5
44 6
44 8
44 9
44 10
44 11
44 12
44 13
44 14
44 15
44 16
44 17
44 18
44 19
44 20
44 21
44 22
44 23
44 24
44 25
44 26
44 27
44 28
44 29
44 30
44 31
44 32
44 33
44 34
44 35
44 36
44 37
44 38
44 39
44 40
44 41
44 42
44 43
44 44
44 45
44 46
44 47
44 48
44 49
44 50
44 51
44 52
44 53
44 54
44 55
44 56
44 57
44 58
44 59
44 60
44 61
44 62
44 63
44 64
44 65
44 66
44 67
44 68
44 69
44 70
44 71
44 72
44 73
44 74
44 75
44 76
44 77
44 78
44 79
44 80
44 81
44 82
44 83
44 84
44 85
44 86
44 87
44 88
44 89
44 90
44 91
44 92
44 93
44 94
44 95
44 96
44 97
44 98
44 99
44 100
44 101
53 80
11 10 16
834849840 271197724 585717471 662860593 170628725 487777425 350489464 830576502 18458923 885417568 338863820
119128926 323329203 394153175 34156854 227631760 341528138 249765782 42439506 213768594 70087026
1 1
1 2
1 3
4 7
4 8
4 9
4 10
8 1
8 2
8 3
8 4
8 5
8 6
8 8
8 9
8 10
10 10 10
306002448 59478060 99497043 673758960 127393896 75314518 586131296 74726272 817630827 224653672
73519872 439896448 198814372 9838563 20826294 154538280 69688688 58125879 84639172 90875125
1 1
1 2
1 3
4 4
4 5
4 6
7 7
7 8
7 9
7 10
