6
5 77 184
16200277 75452454 677631168 245287120 270957168
115637340 420510150 469862722 81530610 54438750 555049950 14202496 3297408 99945636 66376800 370458627 53404815 107817375 9251016 157657164 248770125 269350720 663513695 906126311 641685840 283975098 84518770 319104444 101621394 56324811 108395280 359266785 503326779 489516192 144459553 85705478 397748736 16195260 611186949 226403034 210996024 74231043 1043990802 175326075 260673945 413421760 284859198 885795694 64980300 39649842 28273440 17835696 59547280 787307760 222815600 798882656 275219760 958081269 366793973 162095788 230475492 138527840 139524440 459161220 124444622 197386398 38058969 215811729 93127130 229845378 796912138 75999392 746558904 236838951 45310851 338541525 304575231 134280567 125860085 502005728 367442052 349669872
1 1
1 2
1 3
1 4
1 5
1 6
1 7
1 8
1 9
1 10
1 11
1 12
1 13
1 14
1 15
1 16
1 17
1 18
1 19
1 20
1 21
1 22
1 23
1 24
1 25
1 26
1 27
1 28
1 29
1 30
1 31
1 32
1 33
1 34
1 35
1 36
1 37
1 38
1 39
1 40
1 41
1 42
1 43
1 44
1 45
1 46
1 47
1 48
1 49
1 50
1 51
1 52
1 53
1 54
1 55
1 56
1 57
1 58
1 59
1 60
1 61
1 62
1 63
1 64
1 65
1 66
1 67
1 68
1 69
1 71
1 72
1 73
1 74
1 75
1 76
1 77
2 1
2 2
2 3
2 4
2 5
2 6
2 7
2 8
2 9
2 10
2 11
2 12
2 13
2 14
2 15
2 16
2 17
2 18
2 19
2 20
2 21
2 22
2 23
2 24
2 25
2 26
2 27
2 28
2 29
2 30
2 31
2 32
2 33
2 34
2 35
2 36
2 37
2 38
2 39
2 40
2 41
2 43
2 44
2 45
2 46
2 47
2 48
2 49
2 50
2 51
2 52
2 53
2 54
2 55
2 56
2 57
2 58
2 59
2 60
2 61
2 62
2 63
2 64
2 65
2 66
2 67
2 68
2 69
2 70
2 71
2 72
2 73
2 74
2 75
2 76
2 77
3 5
3 17
3 24
3 36
3 43
3 48
3 55
3 62
3 67
3 74
4 4
4 9
4 16
4 23
4 28
4 35
4 42
4 47
4 54
4 61
4 66
4 73
5 3
5 8
5 15
5 22
5 27
5 34
5 46
5 53
5 65
5 72
4 66 83
768522390 426905700 888613167 557341560
124133713 242951016 37730990 242274896 128308734 10909780 195823284 84295832 561092910 555600091 303569274 38732317 644406012 382300781 161121870 38410152 195953184 848213280 105792622 95127774 201602490 457226805 233418237 13257378 56854176 134531406 40590176 210011256 587493215 17447244 202183488 231861028 124970151 226302608 735955320 238180272 95153271 395939103 106537822 236518578 621334632 270564875 423782018 502171746 116233212 49409152 84006408 520749555 217343944 364692965 159934236 28228170 34449390 231422400 374245305 863922546 751142463 194361215 567384363 366802382 43594460 268926324 299901084 61478287 469107810 784913571
1 1
1 2
1 3
1 4
1 5
1 6
1 7
1 8
1 9
1 10
1 11
1 12
1 13
1 14
1 15
1 16
1 17
1 18
1 19
1 20
1 21
1 22
1 23
1 24
1 25
1 26
1 27
1 28
1 29
1 30
1 31
1 32
1 33
1 34
1 35
1 36
1 37
1 38
1 39
1 40
1 41
1 42
1 43
1 44
1 45
1 46
1 47
1 48
1 49
1 50
1 51
1 52
1 53
1 54
1 55
1 56
1 57
1 58
1 59
1 60
1 61
1 62
1 63
1 64
1 65
1 66
2 11
2 24
2 37
2 43
2 56
3 3
3 16
3 22
3 35
3 48
3 61
4 8
4 14
4 27
4 40
4 53
4 59
10 10 10
338166576 452439845 75219070 634461168 7990164 406573594 357927048 16410947 11924157 161121636
354535718 230781466 13130274 8954774 651025880 52547874 147552349 54296008 589814574 96117840
1 1
1 2
1 3
4 4
4 5
4 6
7 7
7 8
7 9
7 10
7 81 201
77777700 21130375 24780373 193484064 281449061 147042940 819610805
17021511 204336166 614469732 17887416 27350804 463582980 739597452 142348662 107334368 733099620 530566310 173282668 98483200 396904144 556163622 371385156 78854886 465456360 178250268 241829280 240448194 216291040 447803445 108108675 449180 530188464 327669526 66695423 234059392 818623594 91640341 196893372 934825552 407801796 3627914 458566575 155802420 469803992 46433205 154734672 239187620 117302448 73689910 801917010 512234104 108587767 192861385 7886585 704410440 936089062 65152164 27133296 274862330 40806072 207173036 72808230 460571034 479457065 12798000 441306054 301584008 247524714 11086344 102831456 263409061 29387225 35058232 250093762 22996190 22864136 773568 464554432 220997760 488389224 13595392 561563600 39185582 300682704 267250828 198314480 313273875
1 7
1 14
1 21
1 28
1 35
1 42
1 49
2 5
2 12
2 19
2 26
2 33
2 40
2 47
2 54
3 3
3 10
3 17
3 24
3 31
3 38
3 45
3 52
4 1
4 2
4 3
4 4
4 5
4 6
4 7
4 8
4 9
4 10
4 11
4 12
4 13
4 14
4 15
4 16
4 17
4 18
4 19
4 20
4 21
4 22
4 23
4 24
4 25
4 26
4 27
4 28
4 29
4 30
4 31
4 32
4 33
4 34
4 35
4 36
4 37
4 38
4 39
4 40
4 41
4 42
4 43
4 44
4 45
4 46
4 47
4 48
4 49
4 50
4 51
4 52
4 53
4 54
4 55
4 56
4 57
4 58
4 59
4 60
4 61
4 62
4 63
4 64
4 65
4 66
4 67
4 68
4 69
4 70
4 71
4 72
4 73
4 74
4 75
4 76
4 77
4 78
4 79
4 80
4 81
5 6
5 13
5 20
5 27
5 34
5 41
5 48
5 55
6 4
6 11
6 18
6 25
6 32
6 39
6 46
6 53
7 1
7 2
7 3
7 4
7 5
7 6
7 7
7 8
7 9
7 10
7 11
7 12
7 13
7 14
7 15
7 16
7 17
7 18
7 19
7 20
7 21
7 22
7 23
7 24
7 25
7 26
7 27
7 28
7 29
7 30
7 31
7 32
7 33
7 34
7 35
7 36
7 37
7 38
7 39
7 40
7 41
7 42
7 43
7 44
7 45
7 46
7 47
7 48
7 49
7 50
7 51
7 52
7 53
7 54
7 55
7 56
7 57
7 58
7 59
7 60
7 61
7 62
7 63
7 64
7 65
7 66
7 67
7 68
7 69
7 70
7 71
7 72
7 73
7 74
7 75
7 76
7 77
7 78
7 79
7 80
7 81
2 21 26
317173866 684148920
72780288 47784305 481128450 475562640 76641970 24573328 124991476 51610724 14233405 32196683 409432752 141244596 679257248 326721735 72395274 130528308 144787708 83589060 91441615 385656273 360303810
1 1
1 2
1 3
1 4
1 5
1 6
1 7
1 8
1 9
1 10
1 11
1 12
1 13
1 14
1 15
1 16
1 17
1 18
1 19
1 20
1 21
2 2
2 5
2 12
2 15
2 18
5 11 10
226010985 123490246 65000622 176199716 339786606
55899438 217013600 414881475 113133245 351496879 61908033 1475782 59877405 185491340 61974690 186719400
1 1
1 2
1 3
2 8
2 9
2 10
4 4
4 5
4 6
4 7
