10
2 5 4 4
1 1 1 1
100 100 100 100
3 5 6 5
6 6 6 6 6 6
10 10 10 10 7
5 5 4 10
10 10 10 10
100 100 100 100 100 100 100 100 100 100
5 6 5 5
1 2 3 4 5
1 2 3 4 5
1 2 2 2
2 2
100 100
1 1 2 2
2 2
100 100
9 10 45 28
6 6 6 6 6 6 6 6 6 6 6 6 6 6 6 6 6 6 6 6 6 6 6 6 6 6 6 6 6 6 6 6 6 6 6 6 6 6 6 6 6 6 6 6 6
10 10 10 10 10 10 10 10 10 10 10 10 10 10 10 10 10 10 10 10 10 10 10 10 10 10 10 7
10 6 30 1
20 20 20 20 20 20 20 20 20 20 20 20 20 20 20 20 20 20 20 20 20 20 20 20 20 20 20 20 20 20
35
2 4 14 12
4 2 4 6 4 3 4 6 2 5 3 4 4 4
5 8 5 7 4 6 8 6 6 8 5 8
9 8 36 2
20 20 20 20 20 20 20 20 20 20 20 20 20 20 20 20 20 20 20 20 20 20 20 20 20 20 20 20 20 20 20 20 20 20 20 20
39 22
