780773 718860 1777
533011 166077
426168 694262
38218 282688
578989 424973
439750 654961
164309 586798
644004 174116
246013 75353
711545 152152
475969 41988
626119 381819
454502 275132
216687 183528
316385 383186
505064 112853
220399 655684
706537 118132
90892 267314
386892 449210
76321 419126
188497 263014
201745 285470
130268 124698
396892 703508
236296 545379
389478 241529
561122 405645
102883 653675
258972 547643
545301 355439
550101 172896
311653 66975
402242 355471
549623 390191
60223 645391
375620 293048
358802 164212
181486 158718
430379 611216
769792 204321
81636 285067
504730 196126
600905 640150
451713 515684
779386 182986
149048 482481
750463 521310
338663 166699
291970 285905
203540 618943
424531 710838
510699 312599
337564 477443
421061 649214
425347 490610
37672 365523
407186 158438
324174 595888
655557 655461
448271 84720
99713 121010
278335 557230
357076 654324
604808 398201
514795 347588
527100 254853
58003 444943
251267 482865
136393 553507
733403 99214
243671 655209
720233 601233
686137 295677
642815 704952
370233 482122
584220 460790
486647 639343
415785 46068
470909 560929
122576 421271
568337 656318
128594 551166
177241 191401
209813 594786
456404 413814
509690 400593
422212 457219
354120 552250
441210 545119
382867 110297
575376 438275
466500 281424
656606 323630
388407 256131
315723 336641
379085 657018
776375 604133
298934 714360
528623 441129
471686 680198
282075 47565
608214 582107
298334 401696
443867 115170
456142 93148
440523 507007
658053 646490
738412 159904
104662 32829
348171 353275
260589 337880
131470 306649
341028 391350
117362 297973
610949 168727
682341 374487
306292 491735
370026 281384
367046 521960
485731 557979
76692 351601
94134 472943
614760 280628
555755 543224
238896 519048
464571 519494
644382 326669
340286 409150
327117 569567
65809 632862
605223 498616
750425 246983
315709 540569
608928 273805
552141 266185
362683 265304
535810 241806
725867 371827
460262 709040
16890 552591
95477 224818
484699 49253
375538 499166
319109 446627
261600 123377
687878 39770
108080 314039
715133 399182
405118 200118
517537 499399
103440 215881
97470 168230
339268 461439
738669 710484
625399 518742
618881 668867
95202 417006
317206 646847
394454 656127
167076 529621
105940 218464
772489 451259
501131 495654
466304 231170
585390 287014
226972 374012
532800 483001
704141 542953
697937 616092
105450 503529
314783 108827
690244 192376
512554 469176
697172 152195
49199 66276
645642 496205
395782 298788
163953 275363
458312 71502
457837 90166
756355 488238
382682 392788
769845 518622
552169 212217
566051 634281
527105 615983
522365 405703
412846 227239
366562 577062
767621 456624
129020 410712
357740 390818
587618 273796
444994 397177
397279 590408
550117 189012
642566 345702
595116 315980
196940 338674
519399 405543
450850 310598
533077 362038
381448 142810
368287 554891
79878 629698
557255 143645
544480 496527
373756 83674
581628 664973
484909 150876
451031 131066
467237 522630
573507 428913
561683 208396
147927 357888
683718 442723
291580 452710
375126 717707
399899 164722
709671 593895
194223 313059
148348 148418
496791 94682
633454 228636
773560 529775
176371 135304
524367 163666
155099 211469
359134 229706
138999 593466
385027 452667
346231 569314
355665 573316
773768 357739
80417 450655
217915 372463
204675 341236
153217 341339
214513 394101
274733 175486
190958 55106
165998 85396
141116 430155
430120 311558
358239 179975
316867 198121
233113 543407
143249 297444
174078 344827
303228 491516
290771 561253
317931 264330
725630 650803
420590 551040
588443 270651
601001 369504
525734 639519
215093 142493
565118 262261
607044 597062
376803 190004
686940 566457
654816 19273
364114 547052
315749 656138
216235 708626
239850 167331
74898 609234
439323 614518
208096 3851
593398 455188
647654 390001
627955 252697
646248 201974
442962 396260
292225 377077
304234 495853
358370 592565
36275 192508
400030 385290
636609 419379
212006 193593
252636 185260
258342 325643
386554 687983
544033 557496
554628 122790
133441 71626
498830 151032
158092 299155
537158 273823
378533 652834
705248 532538
56926 505796
261243 622867
596753 337129
288624 164364
667543 263874
418382 314280
590438 343785
544465 7174
593005 434512
228096 175164
204822 90604
163029 445161
547694 643074
203576 377683
526062 273372
691143 439877
362531 420999
79515 365416
645437 477715
171121 281294
474772 588282
506669 673863
735195 408720
321110 487961
169429 169376
258512 632235
562570 157812
482631 209651
245813 134996
109994 190494
252816 631536
374757 188581
332221 24244
696495 272384
290833 76912
299274 474392
721839 523873
260508 477819
196437 676383
152996 515013
690717 40874
467753 626575
528378 632056
124909 168560
273370 497739
158657 607567
499544 466862
391285 350839
701884 320762
618858 286324
158927 358021
388897 611071
444743 576172
494892 701447
499389 360825
351643 295919
263027 494189
728691 217947
487401 215459
189318 153436
447277 536086
594763 547928
450645 178151
200343 548136
176136 503394
751379 186045
176169 261290
416413 276055
128669 512380
616673 464646
31974 194842
508663 607134
568279 398994
156141 558056
104129 705081
453547 523222
302094 132108
364925 424710
185781 697036
279126 211611
421258 270847
449369 238277
747019 156953
36695 18575
771930 105297
442966 218586
369813 575673
151480 486588
417338 448692
485439 220888
250544 452749
362682 553762
418388 496626
233915 583354
138481 593477
663718 332794
288923 119292
387865 538585
362126 132784
618164 20275
413111 188389
719304 270973
547241 115434
280492 272251
600855 358271
304057 172670
439739 502452
126114 544200
337895 384579
254025 455778
597488 265248
496903 553238
121977 406124
218573 531340
165177 191521
666551 449419
641059 375216
599470 464600
365171 124606
548538 159811
576497 248512
300017 153415
200971 573668
38373 77302
103891 136250
377028 2061
504699 581309
459412 401357
268557 126260
198429 547709
669969 390851
470800 229951
353735 182922
332158 391144
275229 166482
50242 352949
510265 651396
290118 133808
347284 339767
769226 242758
678947 642045
171806 259922
459421 163993
237289 700028
73151 314495
251179 575822
182429 435776
256291 394054
727185 552232
666640 506619
228335 397202
756906 469419
340634 302166
52542 52937
193176 262821
231442 427872
287378 587282
227172 481349
554655 498952
528848 478825
450594 2628
387940 688392
441397 584132
197433 641794
403301 441209
83757 385102
621267 156331
393740 239655
439190 71008
513787 710862
421918 365370
366976 617760
225508 133934
547564 660053
263825 335430
402389 446577
504244 551047
19896 566306
152687 433815
424203 147280
525443 530969
427068 146166
284032 434408
311362 131836
604642 214326
593276 215567
521481 559881
288129 509478
195412 598093
686374 331503
597653 469535
533250 440914
131672 365395
471470 390076
345808 164829
672888 564770
80221 675881
364745 711491
778951 700539
102985 536018
701298 357327
301829 465918
358555 681369
312603 268332
595264 183924
422191 531680
644735 208674
626535 521248
409021 635163
433488 647292
67966 406052
280880 442017
509685 430431
685704 540044
353785 453322
592161 644379
724302 356188
713896 449698
485303 203066
466442 671550
159703 406866
559939 184441
319853 471760
734242 110939
5784 478471
632611 375722
464995 319026
485208 170688
50454 673937
209218 452873
469820 412071
211611 384672
612271 73073
276051 19686
82499 468102
580347 65607
271572 517376
637944 513683
592503 477153
309000 156700
596959 622183
212420 157992
412387 400460
395283 221740
392959 490305
729549 237209
580389 511958
346103 577330
211774 514257
629242 620694
287218 353565
46524 544579
106383 193574
397761 604900
360842 327062
181531 319219
292625 299414
232350 221274
218830 639398
451438 49082
269489 193141
485314 368710
356392 454631
595242 478136
273989 598298
544259 392511
301150 488644
444908 222873
361864 265301
260962 693934
683176 558416
546311 263665
325500 283102
58713 114371
458911 688625
370473 458100
608634 551508
183048 226504
624458 257601
146237 566356
236007 315086
385818 595633
305625 180605
238622 431714
211314 637865
449944 579520
223885 423849
198992 46866
469026 371413
58633 662748
508189 324024
758743 347972
197476 220375
704849 375317
217513 251859
41780 433633
168802 97055
409195 157472
347343 287620
312036 351541
533257 520684
776118 503189
691988 87017
352271 161412
637826 259585
754814 444051
186098 610678
216618 84048
176095 464741
98775 581343
437761 895
273176 452634
644394 606657
595216 303683
260153 429850
599737 447929
331604 350768
519419 482803
615705 280400
114146 313205
333881 389143
84976 642331
319773 622167
292856 417746
200692 355596
475876 503126
107568 493488
595492 374714
473086 409876
603154 562714
497930 117772
411589 58016
286438 32572
638756 376722
437678 71282
499528 379937
629319 14712
200906 268188
515660 591159
356106 646832
490222 395924
84557 492588
523332 336018
694621 522918
482831 181027
317400 429697
52518 417964
10705 488960
434495 513188
296830 155458
453245 582385
236683 256121
725457 268662
354388 561379
118938 48699
398483 412828
504482 131480
370585 696403
214835 425912
669180 32145
703632 17792
207811 516986
194282 516780
394459 66110
55248 432481
657758 517277
149560 477016
404779 698078
55400 245797
579231 386176
158697 572914
755147 584878
27247 430067
347521 602022
282226 606355
649737 316435
375638 263932
571379 494841
517491 276761
4274 360307
207038 167023
198556 531481
253687 573083
567120 361043
382150 452282
11108 41276
304964 83495
737971 278047
648902 674520
202367 272407
426775 238521
254038 677394
158619 226851
522618 664556
124021 180163
90991 168958
370845 404770
459332 477260
139464 39244
565076 418611
168269 613889
401127 451440
381620 228518
612700 505629
632326 612449
291484 617726
166366 625610
392100 400721
50268 355614
273915 550708
278668 374210
68470 402376
499274 124968
211793 526925
435139 223476
492934 492925
607032 401977
255077 249237
74668 351119
437998 688420
663592 711444
679923 303566
670832 437646
269430 611739
740209 642181
312850 692418
517925 571991
100911 423518
167091 503563
64254 307901
574483 530062
179133 156114
317332 211419
707037 553258
412356 670053
637919 670119
677001 524567
171011 514194
288678 656276
356053 708137
619960 1677
152738 424833
207290 452084
434801 506092
184046 358445
58198 194748
265280 477323
192384 647471
614726 169069
218514 318109
696611 263752
416013 222475
255361 179613
154076 318740
668722 666762
219453 105486
303568 445700
669582 93740
287024 89133
538889 235468
724449 256008
477207 109039
265742 588447
576182 182313
394152 371508
504487 523682
224226 201192
360020 571833
517915 199079
284659 234538
331747 330401
504611 147276
498825 656041
474771 150581
386315 415027
263232 285330
580399 508663
391825 511961
358603 704280
401978 69983
776657 550414
732695 138383
674130 482078
316635 551134
192511 693454
476159 177058
633130 368772
303152 412389
205482 468610
169780 671625
462323 356678
541374 77995
443115 88201
519156 397140
379838 287654
502935 418178
266071 509164
368978 537313
499989 105464
368505 499122
576424 578817
637633 621777
501618 679960
476905 234781
412772 525981
369996 79782
223894 383510
255047 491884
68901 361874
58737 29370
67635 15396
444373 675668
133319 102735
133691 65353
42298 578278
763602 130699
472410 654525
278225 581327
532718 610155
505917 359587
42532 403130
560896 156312
257679 75516
760892 118175
131912 337673
674446 657207
501900 239363
129213 422685
694584 400322
573571 314483
293900 155022
428529 506249
534812 214533
63498 229996
588625 563177
146794 478288
242235 502358
544238 698980
390650 109350
488216 464790
340986 252475
397967 704920
144991 206592
61606 318680
434782 23116
643637 418138
661233 299998
221260 240954
97655 112530
116118 616398
652890 590419
350776 294110
339308 414689
616594 625335
653364 314935
699247 150175
238883 643598
553003 9925
590541 711488
360009 376111
707677 178700
127149 74573
780220 615142
484313 488351
549073 683067
208958 474530
283079 379276
399198 636612
580023 710151
194206 505967
492597 521913
619994 398251
538038 215180
341580 302733
448456 311092
747037 482255
421794 676878
400963 676689
762465 472513
695255 363951
539155 506973
339779 468033
318808 590178
644739 316988
607429 402759
424777 623507
50022 608184
153092 72340
712173 627593
466795 524742
405915 227678
109734 192123
433098 86868
403899 572664
664531 201349
489077 75451
11809 470995
575082 47598
224131 209412
429071 645383
325278 209289
286820 374750
302735 180551
338716 273853
292349 303930
547334 442608
732497 632427
354990 670248
320435 414996
390181 212509
320790 710307
396700 349315
376310 490229
204022 189999
436642 596237
389685 98168
588566 186748
56894 286373
485863 654331
483756 615201
294187 440753
340561 370660
191792 539328
263153 492222
645893 39935
352115 234076
707849 648536
46036 553507
325395 561890
518314 588299
466468 259659
230974 307943
425264 560053
76767 19343
388737 669795
410604 499356
608851 196922
232316 547405
260913 212332
431123 329176
735735 330304
459042 431628
675626 494009
399390 543658
519891 172094
645054 647008
575553 102587
672236 257352
6093 596481
81236 479293
537862 260277
611029 206805
352651 440775
349101 223747
264709 397505
348313 390648
283105 212476
232388 678336
476257 413005
685495 683939
618898 499111
769047 474626
150145 163446
156900 389503
253697 367232
505566 119464
239218 212155
297808 79997
173571 352038
105358 16597
138655 386746
747027 433467
617918 223911
202396 284933
56787 553450
566940 88389
48873 380957
36128 277327
309276 342522
212759 698129
471114 264383
519516 146635
554684 396440
430793 558582
341728 399347
386780 99087
664484 262214
667641 374853
700247 441154
369526 570813
124547 322574
774001 253766
695427 176450
541667 471175
451300 131330
148764 167601
274589 5197
754305 185557
444950 360766
347062 630316
447838 331248
54562 606794
363654 73124
512456 448322
435310 477710
381795 289101
689861 478730
404887 402586
573707 543816
406209 495736
255094 51688
550196 599005
696788 570975
493653 444466
326079 369114
390213 360956
210846 712232
339407 657130
440522 239369
723633 235918
614838 399192
589051 663411
567349 450609
426302 391387
125519 143924
141835 452058
470614 243765
96799 403141
282990 180694
530101 419974
725075 113068
17989 447029
185209 38824
539376 206704
307710 434372
132807 408972
576643 586960
483041 479943
340754 319945
505221 396887
106872 365502
321749 556110
503356 35544
281747 694554
296007 188748
649675 614822
527437 629739
627849 343495
463094 480970
27338 416582
486991 410792
452468 291062
225049 691694
389363 701644
236432 580815
444508 433458
645082 165858
115892 60757
621511 461806
777177 418957
514472 127340
674152 510964
489884 341022
578427 639169
533210 261367
400890 246539
267068 24395
594883 367980
86941 584103
700346 85785
251491 605782
335640 416776
361530 605841
495386 365675
526350 543997
406595 154093
258434 493665
702736 328703
654530 256438
673046 122105
730952 580590
248113 504284
111124 332543
262876 529804
745550 387751
647063 113394
268084 186697
72978 166097
385752 325451
493739 427483
369995 402871
381519 155614
123475 631263
127901 217572
729885 275436
536284 182798
700140 679782
373013 64745
293167 150833
576169 458412
348617 81292
588332 128385
679530 396278
601479 412109
664824 105100
643484 216592
732897 470720
580015 546508
271105 606825
125186 387108
709227 147120
425567 41579
603342 610013
765066 532148
218572 3070
422981 314958
529779 511523
652147 163590
88580 636040
680185 567724
597974 571178
302320 665334
393707 380110
427538 380000
261423 317253
428913 310219
585674 147151
561315 339802
546200 11013
361807 163541
651479 620058
410274 142699
160297 236689
242056 17282
16461 343498
483854 40290
760595 207455
19558 220091
729337 165092
524235 576023
382776 608526
319980 467614
421087 130151
588131 89077
602486 570152
701974 564163
532316 679111
682287 354885
370130 495855
148541 513000
186222 108970
109186 695970
440343 22790
328512 339298
285528 605714
254783 167545
587792 99230
611245 261951
444768 481183
615216 658159
38866 588728
510716 671777
323547 410446
520673 387858
608116 330514
389090 162639
723677 176080
282460 658415
689574 490777
707504 553304
178531 681971
707681 211645
98018 516413
356894 118043
397421 386034
422530 226973
759498 396509
208091 196545
289966 650207
635350 461102
351190 461917
741373 479845
289886 524483
340668 619965
465700 257537
483370 670690
253988 266303
588819 189734
184117 400420
629206 70762
701788 164085
226844 309240
513244 250845
512272 85664
229190 443693
315010 108081
83498 23306
204658 429872
525984 236066
521741 366794
769608 565192
486910 115227
374485 73198
218068 624991
635825 566753
306689 599943
396858 288994
122391 416256
217216 148997
342499 418990
421414 666288
342340 607580
292683 595834
341697 24796
285447 308563
347520 144770
282119 200641
613290 78011
440984 126103
349246 74671
242431 294437
716190 506022
479085 343067
502427 330232
477431 355313
349059 627852
596681 147966
471456 71459
434926 111400
357053 449556
594628 64543
575966 386375
449266 488132
620511 205118
286780 474130
96842 104633
340967 625756
131797 338290
194542 185276
568511 512824
386383 108775
249555 396191
564199 267419
555830 334412
363728 326309
183522 472904
113550 605948
121244 327173
545202 380100
141495 432977
432656 382910
315834 300324
457769 250769
291854 422651
498330 483483
358273 384252
153413 228484
389288 390527
322372 617246
293487 630643
258176 471247
62763 478835
647305 440498
572149 565349
738031 380930
126425 529776
187049 53011
447244 692572
83878 431635
211910 646430
143097 531105
441601 676339
557456 579325
73509 422356
48921 443910
616259 243741
744180 315470
184377 10403
57601 248989
217726 356925
338950 282107
366265 434581
463117 619874
635874 536727
179500 226641
123574 75234
556181 152937
593559 80602
162526 254159
310638 443189
471419 464396
98354 515629
541803 516469
492115 461598
537170 72897
491427 376903
400450 103306
569950 242240
438860 642322
682451 77432
626818 501051
403711 54174
126035 659410
268628 92830
347815 313044
490524 321283
391253 444102
127621 575848
230583 236889
444674 444469
325545 122722
222653 355316
164986 166725
609515 213296
88757 176710
652926 334022
53511 399468
456001 487030
527312 710861
723829 180262
74616 123763
89498 361397
471170 382955
471076 75699
518758 302860
126225 204644
421439 156089
593819 455819
527496 224367
101907 358888
487536 540832
539102 227045
402478 536765
308654 256332
287938 572249
64873 651143
530523 357692
99420 345417
676438 201157
404257 191158
127780 215076
227377 364405
234474 184569
637448 457212
342346 547406
550675 416939
226185 469522
392357 679927
734563 156588
486304 526617
24458 407786
614987 299560
669576 99437
402514 386062
317435 343364
249301 100072
627235 228507
168477 378988
48199 160725
415021 3011
444299 502751
702030 34669
577219 148357
200977 411631
603927 443671
652763 609854
589275 400861
267202 449798
595762 60751
630428 359635
422442 202336
353877 357663
185618 196024
512523 250262
105808 445916
424046 364876
282083 348789
676473 682627
364905 291416
544195 532674
695756 8948
646512 260682
359343 214725
77737 532777
435264 246648
429669 625756
256421 228729
611060 499578
573435 349973
405157 657624
108044 531212
764207 316018
452372 357777
389590 12261
207309 473224
533020 486287
214607 89773
268248 520144
576390 270536
124676 697981
53847 319829
610415 235823
537830 235697
774365 405745
116698 344325
416171 627127
71701 325569
369296 631985
554414 525361
563370 628339
435416 637118
405953 588861
408939 653111
65576 480904
661442 58581
654334 643
647357 274518
340222 154980
398775 18587
400431 533268
414984 562857
289365 534235
440932 531026
158551 344435
357706 682125
571981 563080
279576 148161
40768 469725
436982 223599
616512 555340
513947 131392
383647 169578
671510 473128
90677 197086
243755 560886
273246 355206
520454 227834
80017 488374
391839 447984
440333 689701
368122 262649
446244 472476
301103 413864
450704 468616
266000 352582
773415 356736
277340 465556
634561 436806
715889 300703
223096 217988
318757 502200
312506 613199
172963 332002
181356 710662
295135 304634
134446 199090
400094 661315
582103 270633
247245 335970
563613 311263
280333 353173
543484 180815
111200 272154
600937 81619
348017 239187
669816 283301
366575 65648
247127 328136
443791 102573
709132 157811
371899 94173
19204 165040
587557 656824
469021 423319
102024 238773
540774 429141
511630 352923
699212 470992
439035 571739
69803 554990
111523 233915
422723 114371
651927 384507
512431 663114
314256 281370
591824 447006
66842 144919
693273 469619
321700 133780
297411 202741
505469 66644
79012 404675
508793 285774
775248 360741
666751 325887
22285 92830
255351 240263
493584 146509
269905 605688
192726 280065
117089 359201
227585 344365
53474 406247
327761 253396
10041 446637
89088 433307
267288 88389
420008 257751
299964 324619
194958 541832
158920 619024
253368 695859
173579 574927
445387 691116
407975 299224
718518 654964
566398 364083
321102 209401
581407 42279
683171 418831
405979 257873
273912 442736
120708 46757
678352 176765
575653 354954
419989 488155
178045 408249
294071 120226
757737 454597
312208 246789
629431 121320
369216 678816
673432 349632
430274 672329
428158 141225
496562 303868
396528 411556
632306 415859
249819 431924
60869 238251
211317 457514
162211 132444
405269 612783
204303 659079
726639 145839
659152 264568
291131 248287
265670 664085
420253 566251
458926 701168
241859 588908
80294 199998
204013 35394
376585 590685
291786 254075
507054 415176
244788 593351
748834 476018
115815 151801
548361 425302
151136 390785
402705 117964
135528 220586
238850 606680
452674 645059
383626 672393
540837 514328
254899 536219
60591 571478
308937 350452
709522 494772
591210 357587
258532 41237
700380 561281
516321 58623
437234 622448
30484 410309
186479 346852
711917 462447
175100 557464
518446 532379
638984 433642
439028 706749
373867 420215
552543 388202
552360 448491
514967 183929
545107 609581
497169 376567
71127 292295
160768 512540
645033 548993
747244 500387
494243 129340
730852 56460
437762 441591
674615 492971
309890 238448
561642 495996
604181 352891
488800 103134
733414 186728
377431 545227
371054 590513
501518 612095
309896 668814
115249 305097
643952 290536
362399 649577
680745 112903
540136 551209
161606 560750
257187 472573
153835 456439
565780 451862
643933 230556
260336 21434
687671 423179
350105 358398
318690 635357
548914 423480
190137 216887
419103 557674
156402 452268
609573 709228
620904 636061
114886 115682
535793 661477
655038 591883
394350 497098
602874 529092
392797 149579
281066 538583
246554 295850
721682 585842
129431 263224
155552 229054
264806 275028
90545 159904
709972 653083
389055 535342
252056 252264
457173 426348
374282 323397
140298 453113
105480 575731
355713 550797
213544 678682
470661 210089
551732 282577
416077 162792
289216 19526
411449 598554
288002 381465
128425 213195
611701 200305
280 396857
406630 90818
588351 220561
341510 249864
755382 423179
151123 426858
55561 306988
244437 189975
335815 178153
328103 535968
529889 581521
197325 294146
391313 252407
433150 674989
209713 229599
165468 614651
329119 587714
517422 156774
66040 173723
622693 427181
21659 598504
407736 540404
389652 170950
362726 56248
165692 393920
359096 180890
332447 436672
441244 448057
492079 278142
69624 655773
216984 472935
347049 530289
192144 360835
414372 356606
779775 568831
159891 562412
310042 405310
667758 172817
673266 318031
552145 94514
404659 644068
331905 110532
463861 357306
325674 149663
155373 552244
716090 318627
407875 53112
130482 236264
516167 318642
554300 585179
87082 383456
216681 634909
769555 220136
330800 148208
725214 215785
210272 153895
177586 136531
358397 184202
175705 284771
23757 495501
471907 165323
181658 542030
357996 681200
712760 421836
449508 150726
129968 501671
528764 615933
393616 474629
181442 717308
608038 280967
83028 124036
68022 394954
265853 95825
418279 165267
159903 197415
195172 471749
423488 661046
402321 76830
66345 38358
586197 161737
176655 495849
758826 239914
349872 592547
692141 372902
457923 293621
539837 310309
296177 232666
265170 624395
211850 644588
503097 424858
583820 215870
608847 602887
727426 620490
348563 580174
671376 420527
187806 309521
124349 398549
200448 343268
333278 317389
748887 586013
267923 331757
374540 433117
315524 30041
255378 402163
231712 204243
641621 559190
581470 397070
226656 139519
563084 284156
758461 248747
632075 492018
740063 501913
77727 370844
650015 130831
517554 403864
579053 611526
302412 554639
198128 303228
67288 275038
421113 324364
172504 433988
328024 431858
140551 391014
6290 387827
59687 183837
170475 434223
107086 658215
93579 339905
