770 707 1534
182 379
405 87
266 120
141 365
731 309
330 607
183 498
101 343
338 379
209 235
164 192
518 55
4 283
272 344
224 196
331 397
532 568
687 331
582 232
579 442
530 342
419 372
417 476
385 520
237 611
382 649
668 257
70 143
120 463
429 485
373 657
359 155
669 547
151 174
374 74
183 365
314 49
454 226
699 36
254 609
263 458
161 190
192 485
508 224
348 49
0 530
233 7
203 194
236 152
471 501
144 175
499 498
454 486
58 490
673 194
207 480
347 415
583 664
617 56
172 420
227 141
488 400
353 34
649 275
303 545
17 354
371 587
164 341
94 597
252 334
559 501
579 436
534 602
620 43
340 254
331 392
270 129
229 532
147 686
406 499
348 578
58 268
123 625
261 246
317 659
614 548
624 285
87 110
686 291
610 360
102 350
688 568
634 375
458 487
508 674
154 531
434 263
224 343
530 350
571 337
746 471
409 602
618 617
434 568
44 412
350 431
260 536
156 489
345 528
362 654
290 67
458 277
413 612
700 647
589 65
83 49
505 264
467 618
468 350
115 435
268 400
93 99
626 561
382 162
32 343
205 361
142 463
244 577
38 556
278 394
750 416
206 208
405 408
728 181
165 450
354 464
307 473
638 401
728 416
329 522
495 414
662 375
477 418
490 696
528 108
250 561
419 346
678 7
299 302
266 282
559 302
251 463
621 672
208 494
535 470
354 582
568 188
614 534
202 436
330 562
303 473
236 217
312 286
701 537
254 421
312 336
457 307
767 413
342 579
700 373
703 170
248 352
513 706
770 198
728 557
283 528
501 667
188 555
644 379
622 17
654 253
271 346
416 58
226 624
554 421
197 268
567 576
490 314
79 90
577 432
545 443
184 360
246 443
684 507
713 526
415 575
93 170
97 490
402 620
400 520
470 545
247 12
239 622
396 578
236 213
385 536
156 68
666 349
461 372
748 338
423 86
400 468
256 289
119 483
281 469
613 587
594 450
452 428
547 392
427 115
293 51
557 364
381 281
142 500
520 277
171 630
587 302
156 639
74 667
604 506
633 169
90 130
405 248
396 300
216 528
279 430
89 608
529 503
137 482
132 411
495 148
363 41
523 570
425 421
570 36
73 425
127 56
594 66
550 127
737 553
309 495
472 340
447 642
554 496
218 305
505 263
688 311
382 400
403 419
337 340
533 391
416 289
136 419
372 247
188 322
347 229
518 340
237 419
672 281
41 367
593 71
197 392
704 128
116 316
114 490
417 470
23 163
769 562
560 204
655 638
218 474
519 126
282 273
480 611
662 12
682 516
737 241
489 174
420 223
394 176
142 305
468 650
44 430
568 202
715 126
608 194
402 22
123 253
241 280
390 204
356 288
474 197
713 201
615 688
153 604
152 15
341 486
352 171
406 147
202 217
311 5
322 189
264 110
362 289
685 644
390 36
442 269
452 278
471 409
466 678
303 634
444 580
263 531
248 271
451 261
669 257
216 478
553 85
208 636
535 377
244 104
0 359
486 56
709 497
427 627
16 568
231 362
148 573
670 432
604 373
130 142
593 355
83 109
109 410
158 609
459 383
469 555
603 521
370 102
540 363
339 322
130 157
383 123
109 278
241 451
97 399
215 14
293 575
365 606
561 647
289 343
89 526
394 535
632 381
311 646
108 183
73 220
622 672
236 109
130 326
504 386
293 291
662 672
149 394
308 305
658 519
138 354
451 520
49 462
501 482
409 575
519 276
331 394
146 547
157 306
261 551
685 293
370 230
461 499
711 498
620 101
559 525
493 130
335 196
432 544
310 115
431 389
284 263
345 502
456 113
641 563
219 658
374 608
272 396
308 611
447 307
100 606
671 528
19 646
521 369
238 149
318 170
164 314
608 605
195 325
203 419
405 337
668 271
373 395
497 209
757 679
250 433
123 555
18 261
147 465
340 504
370 397
387 72
657 212
620 275
624 533
591 81
244 282
287 267
367 139
730 589
737 168
498 433
555 409
93 634
162 609
184 595
204 433
159 499
765 410
310 401
143 50
356 542
390 415
665 225
457 385
413 417
433 617
525 605
413 279
46 480
403 466
339 686
205 465
372 273
343 482
170 440
511 393
375 107
506 468
616 185
397 359
608 388
327 462
317 666
579 84
384 229
36 106
80 435
445 53
173 406
481 543
527 260
548 172
301 571
329 497
138 211
518 441
222 220
185 648
449 266
459 521
192 293
291 248
290 656
235 201
433 632
23 514
337 659
533 192
248 193
147 125
58 191
276 317
443 486
151 681
541 444
319 220
689 453
514 232
85 609
466 446
160 466
701 494
701 266
676 477
757 373
177 567
242 117
84 519
320 279
327 175
724 588
38 592
421 385
537 403
506 616
298 517
443 418
611 538
472 310
201 391
460 571
57 543
94 65
526 139
324 465
439 182
709 603
105 474
615 246
430 429
377 539
458 548
382 342
551 446
47 246
760 502
389 190
546 253
738 304
161 325
715 66
313 466
519 698
566 199
768 470
142 208
762 310
583 208
544 238
364 128
89 559
571 278
546 414
562 653
339 571
346 589
607 494
385 371
730 354
336 345
225 519
416 51
522 147
333 467
386 255
495 673
380 360
375 100
579 462
266 115
298 518
329 650
454 142
573 162
553 582
460 638
93 343
598 644
535 426
386 191
181 581
530 114
619 44
333 109
614 436
400 140
265 53
676 63
566 325
193 424
708 413
726 590
290 31
56 651
443 380
480 236
73 373
208 486
497 76
78 310
617 627
164 458
541 316
176 499
329 582
474 567
111 89
480 583
506 361
329 59
495 655
717 308
318 258
537 164
703 83
514 689
66 374
511 12
583 356
391 627
413 274
27 427
719 361
202 219
556 319
92 205
649 394
499 557
308 245
56 242
79 342
611 642
694 343
331 110
183 252
458 537
677 613
759 33
526 614
127 638
307 351
450 183
223 659
215 405
483 398
227 333
701 702
548 368
243 627
400 244
310 78
272 153
213 241
455 469
82 250
654 392
77 340
507 592
85 98
650 157
662 172
551 217
101 491
694 277
55 592
253 380
735 132
160 315
597 214
478 335
674 225
115 546
626 459
536 659
677 274
176 602
312 553
331 356
395 409
456 336
291 554
195 458
223 142
314 282
750 604
76 405
401 566
335 549
78 52
594 71
210 508
109 193
266 124
233 263
198 385
140 491
307 237
547 662
660 396
177 277
78 311
198 144
382 354
562 84
196 613
509 341
345 330
489 192
482 265
518 457
442 27
81 259
711 24
536 562
296 588
675 609
717 506
424 237
113 217
175 590
429 413
275 331
237 296
544 314
175 672
641 89
758 503
425 461
221 582
615 381
481 654
441 333
163 399
370 642
444 156
530 385
339 230
219 229
492 470
650 44
186 604
630 417
104 465
88 466
663 237
418 278
333 253
9 314
500 567
646 16
410 615
288 314
296 354
589 576
145 269
556 48
153 305
342 169
685 49
467 314
547 414
717 76
605 330
525 527
674 216
275 184
138 379
41 538
263 472
721 311
741 681
454 560
529 441
573 626
699 200
634 292
102 548
222 643
261 707
506 455
320 188
601 341
558 311
625 503
706 92
338 304
128 81
501 466
371 635
278 132
355 576
493 205
273 61
281 420
296 426
119 617
368 415
393 299
342 332
310 655
399 169
529 306
555 408
685 452
360 68
635 331
368 477
622 239
537 298
500 519
328 538
537 456
362 20
235 545
763 460
501 249
257 409
289 21
222 109
224 529
345 556
216 539
441 294
558 110
566 548
23 423
495 433
274 357
450 359
162 161
410 224
219 490
388 217
268 506
599 659
616 324
484 94
396 692
316 483
630 587
198 383
24 699
20 350
320 264
333 299
381 620
429 340
70 147
442 129
127 446
591 487
348 549
204 235
636 505
391 533
476 659
424 374
456 663
171 258
528 118
292 332
603 385
122 424
304 170
317 13
142 300
434 150
414 277
186 324
168 385
385 101
158 210
475 449
410 110
174 539
399 262
394 609
554 588
501 476
329 251
432 559
394 578
257 407
583 170
148 398
451 365
267 232
206 263
225 545
288 520
200 362
271 216
236 566
234 331
258 369
600 121
522 595
743 336
406 533
145 622
719 204
277 643
439 615
434 539
662 447
579 119
565 147
493 474
500 260
454 284
259 540
169 363
319 302
551 504
622 466
241 413
501 262
582 56
369 178
582 294
554 517
44 316
515 495
333 146
79 236
295 103
516 87
479 303
422 458
553 187
258 557
563 396
114 298
692 554
66 382
518 39
223 123
642 434
52 221
761 673
569 161
679 213
567 628
299 639
593 329
254 203
272 383
608 257
213 181
491 100
331 29
328 352
591 347
662 145
366 305
51 63
571 206
3 79
392 307
302 473
166 34
491 348
575 149
516 578
531 160
147 527
305 313
424 363
82 366
479 626
463 615
376 426
441 244
286 124
376 249
27 433
302 458
354 592
481 190
371 555
395 610
662 1
134 115
416 371
656 137
473 219
377 140
345 676
578 564
651 92
104 683
520 647
185 163
331 53
351 422
118 532
414 527
393 171
257 659
366 556
376 183
392 207
395 231
268 53
292 560
489 475
453 508
319 504
521 169
198 641
336 332
757 558
289 220
665 571
292 318
51 117
590 704
369 1
196 374
699 84
27 193
655 519
729 561
323 428
722 387
189 335
144 226
179 0
413 330
240 309
411 73
448 144
416 671
538 91
695 559
384 42
265 256
529 62
556 646
326 375
753 52
611 370
215 245
461 367
253 321
462 391
418 262
659 443
535 240
213 235
298 496
759 424
710 443
558 627
336 111
191 88
768 231
227 465
82 646
181 232
601 44
567 413
104 363
272 572
396 327
581 700
572 248
232 344
277 492
291 261
157 158
536 646
601 401
433 358
613 430
684 308
639 144
410 459
529 36
273 132
170 130
646 159
746 453
226 476
519 561
364 19
221 211
414 321
196 688
100 463
656 103
167 526
302 437
25 237
354 220
196 638
137 542
561 206
416 513
493 295
93 525
585 252
211 533
14 355
635 432
34 558
624 676
51 143
595 533
158 669
285 203
768 220
474 522
437 367
88 579
708 348
291 446
185 521
300 161
247 673
27 447
141 180
473 460
477 498
397 642
69 259
620 335
407 379
337 562
199 434
512 252
718 445
82 300
167 439
61 345
233 679
314 656
499 489
239 277
266 352
424 419
317 161
112 616
254 642
477 562
91 356
171 645
212 23
534 491
36 681
84 417
307 707
74 240
465 532
144 438
123 344
452 115
522 296
434 326
341 370
451 3
590 486
589 244
167 161
569 8
598 210
506 66
297 105
766 476
196 368
311 333
427 541
81 592
161 490
167 284
236 438
57 318
128 525
616 168
598 261
632 582
760 460
202 568
137 680
436 32
467 588
550 660
476 604
196 489
632 19
350 379
605 108
92 174
446 282
520 72
469 134
241 77
225 593
290 139
650 514
751 269
311 458
502 238
625 403
593 236
315 103
644 55
457 111
196 435
516 336
713 183
60 110
24 410
336 527
59 79
339 502
561 463
326 98
37 436
334 203
576 588
206 439
377 359
263 497
769 587
717 137
89 168
101 421
339 333
467 539
367 427
366 408
326 39
28 691
617 281
473 687
412 425
578 320
168 608
251 308
384 259
576 450
241 681
359 137
278 643
595 519
227 125
151 252
93 425
391 178
379 103
483 10
541 156
194 222
314 251
592 497
599 410
268 104
226 276
234 425
770 353
159 595
362 48
709 502
516 661
322 193
653 282
624 605
281 155
569 388
296 376
17 388
385 65
488 84
550 587
350 664
468 464
740 326
433 24
27 580
163 525
499 228
160 470
306 251
319 490
651 504
363 346
177 382
536 250
355 222
124 371
357 652
277 429
678 289
402 475
685 218
447 581
665 662
415 307
248 619
463 465
474 582
624 317
424 138
571 262
340 682
449 149
605 507
359 56
233 152
591 16
318 175
450 441
554 408
92 406
491 416
434 503
281 165
269 693
430 432
404 484
123 418
542 40
620 75
652 487
283 11
711 340
568 7
296 103
113 670
294 469
314 489
607 642
89 599
708 631
543 600
126 250
192 468
214 611
32 568
503 260
229 266
558 538
116 703
354 180
435 270
351 377
501 488
436 314
222 309
760 334
82 583
212 115
335 308
487 232
441 515
276 277
477 246
747 270
409 567
508 509
369 606
351 123
108 630
480 29
154 654
213 538
454 8
227 300
635 214
391 401
226 628
467 204
153 94
227 470
252 350
517 64
481 369
176 529
700 313
175 243
641 308
136 69
770 630
213 470
144 207
724 200
228 402
110 120
362 652
174 65
487 397
326 299
440 483
144 285
247 376
621 128
520 528
630 538
335 408
149 191
425 612
681 308
60 44
503 598
538 272
506 289
422 53
277 403
521 439
439 426
177 523
577 421
566 328
294 484
575 31
302 128
296 391
243 28
623 346
543 367
144 469
178 501
481 689
583 299
306 400
421 490
529 447
542 166
605 143
335 143
293 209
593 104
679 97
274 367
503 402
208 550
352 282
665 195
431 231
156 268
36 529
369 547
145 512
200 403
308 589
361 552
376 362
83 129
375 419
343 229
235 57
165 703
325 292
207 425
522 170
316 214
208 377
516 272
315 372
246 57
439 358
293 394
491 406
762 275
219 110
201 556
371 525
574 421
393 420
273 436
199 580
169 211
142 64
296 590
508 406
681 68
453 699
180 525
409 582
231 651
708 354
530 201
310 450
618 128
350 221
205 227
30 192
234 398
287 107
294 268
490 270
382 416
419 507
431 593
458 246
384 195
249 468
590 354
595 160
314 194
453 91
44 626
521 679
319 414
310 171
227 29
289 80
397 366
243 512
519 682
559 240
645 163
178 691
339 651
365 345
525 124
304 112
467 516
198 342
36 252
83 2
309 142
644 590
737 518
264 492
428 530
