985390 549867 1814
712057 404504
481282 12765
369024 114578
253304 324105
46516 379083
245453 318087
24975 315277
404865 71610
321874 256198
341061 150387
494158 477991
267230 498683
246203 242803
886381 101838
192903 331582
729872 112551
820293 327058
506171 125656
285636 372742
150537 429059
573263 350631
573431 57997
483213 328059
183863 263536
709520 288943
582692 531197
763139 38826
345021 446763
933953 306461
323249 303872
267584 340899
412031 313710
18486 502707
329948 356212
688945 446810
399600 221427
121499 481310
564599 46840
541205 316351
436700 201203
436734 314577
700165 42135
131635 486217
389115 491429
503350 197573
478583 265889
496717 371623
839784 74674
654003 321026
878151 226034
340565 272843
765233 325025
409655 205620
229466 495744
884810 208277
399442 436062
612806 113625
789487 378896
712203 128711
174361 468084
671221 370482
505347 356100
650509 362175
730056 290317
408167 431049
366665 214921
472341 498866
114938 174428
441769 44519
451365 443528
691423 493644
636605 338448
430346 114238
785799 15769
76735 11269
440082 533122
606264 287763
409368 474980
684253 373608
277315 486033
812670 376870
868419 457492
332628 326051
476878 367068
542900 373607
585283 96970
190907 361437
612094 139063
716958 498622
487298 295640
213244 137139
217747 226776
721922 408848
262413 500582
350500 168493
558737 346162
844541 440377
81096 222801
124409 205880
358740 273039
541196 18648
266014 306538
608354 524481
476366 35195
749351 271522
412710 352660
488747 457855
31479 223589
730154 200310
626152 283616
410562 68163
367331 473104
596389 414062
152724 114359
264418 71834
451503 236081
651113 324529
515954 119543
743666 351169
229398 66437
426407 526055
265193 256649
898132 437051
151911 383948
928976 270845
139937 276264
531226 94378
911947 140748
694031 392645
42947 191400
842292 509086
419227 295322
356831 383750
682311 163504
333582 327994
393390 252147
160208 64590
712228 57090
126897 189691
531755 192288
260878 464754
793147 469692
236970 134935
355002 109779
366364 500253
633369 371984
199818 360154
678611 279475
629723 164029
430685 378825
464760 393836
474695 28509
738660 37681
736807 302545
95014 391883
464257 225993
240328 461173
526338 265847
497043 353195
788206 373249
751180 178511
454339 169826
531205 407049
519471 364239
238105 83843
198746 73846
361176 339717
827912 258757
847909 349994
468699 326409
106458 247388
471397 286116
610406 254757
672379 216300
738194 250616
567718 267588
811728 301020
255014 175238
724432 3818
311548 40871
384413 230891
420938 196835
535248 78437
466286 106630
928087 206417
89491 172109
527973 413592
207378 527909
173363 268266
742668 193712
733873 302224
640666 215013
633853 470210
717515 300842
116654 454040
486487 152119
389239 373793
383013 377725
505450 183124
418209 137491
830056 545140
248736 248986
660337 54246
676760 116315
249787 391006
530242 246565
445721 296804
554416 174196
190209 331539
749164 528751
200351 35175
844642 346272
223052 377242
396566 167406
414290 482478
191321 391755
720549 534920
134561 20551
912514 506526
250265 318865
625825 339983
648003 425634
486427 108174
368739 114796
506050 459583
81690 72494
482389 230029
381897 320621
309427 206664
633352 361550
456289 483507
467146 541157
299014 406268
105924 3364
780947 60683
431487 286696
695393 11250
364439 284402
427226 358045
962934 235558
74413 367072
375235 466823
393126 271348
741625 136272
743525 185643
81859 328014
571740 307295
482308 211117
598433 440561
526440 484268
882533 409855
142525 328160
335456 414826
231805 334574
455928 136936
748383 41021
115937 472942
165578 158562
357236 408999
552866 122041
213118 473102
445628 113146
45451 267020
102978 291394
271704 328888
111102 88512
488833 471278
156534 257459
555512 208368
635474 78494
816660 129199
464756 78902
796629 523395
757158 336352
697202 533302
284300 403300
169280 28063
328197 242585
394775 66577
624289 11426
355833 18900
545346 23405
404752 411759
654373 323471
681449 129015
465929 193744
302876 363384
527023 319101
517339 167523
631614 130882
446008 281092
745851 475001
410206 191071
69195 154089
102630 487453
762746 543539
31851 300807
730298 260975
770085 78118
895881 469533
792752 285770
679161 241475
649830 17793
735658 348329
654582 242592
849280 314698
370213 443850
749075 82551
380092 197173
355446 518302
576486 117032
424400 226302
562330 75375
600962 513016
795667 70007
938978 361211
392474 378912
46394 546070
593576 277429
496392 246625
591416 252346
286416 190857
216991 48504
494633 132473
16617 370964
374933 323971
815628 97196
250464 308681
944010 417648
746792 451155
621860 476953
547998 431845
157412 289562
102302 459462
947921 125390
395245 35380
376421 110007
344034 146437
74257 225320
631600 459081
383531 366042
97271 325249
267972 435651
591914 416189
659117 439357
916669 410007
765281 442282
708170 267933
763497 214080
461350 431093
411088 281740
269292 444013
383965 240618
520240 256394
208030 434002
19389 20396
840451 265337
424470 147920
530711 219240
717144 313102
412327 61410
743855 482599
176255 204742
86390 236576
605939 408926
89082 512990
709471 323107
153963 229981
548120 301311
483516 150981
866275 536487
686660 186227
505015 178814
579448 516433
326329 451478
390015 322921
82384 190916
422857 355564
934653 122831
937107 477640
575208 431144
858636 166490
59694 351450
577895 287644
391873 182975
141134 242636
213938 328305
653336 426906
482508 544942
490877 321936
406274 392145
285986 398874
122162 175785
81905 482266
711165 263074
303035 248204
982306 196292
909793 392432
548499 205440
522665 235125
699260 314117
554185 427139
610568 542098
904825 479896
877047 115092
569910 529068
741852 378680
522753 147235
201567 396315
683739 214546
336691 156074
628180 114558
374556 106295
684469 412892
980248 238991
551002 425962
830840 115721
190557 219618
717533 110614
606782 479269
206863 158510
510217 69920
742699 278291
333839 276134
732743 38083
865328 205426
279275 206900
967215 192850
840168 97475
50861 363045
505121 333193
245180 179766
822460 543707
738769 64512
358466 238212
140702 120262
948893 322104
68968 292037
303984 405390
70790 276571
569065 307817
159855 459980
875367 294609
435099 464146
146304 50754
451151 440185
288936 180840
543491 388618
52002 287355
601256 171596
316985 252416
105191 284003
507054 448143
547624 217162
188009 32171
800616 372828
116070 511559
639722 548620
294913 390232
529188 156345
845171 225627
568578 93019
449073 66918
583530 180508
542829 248421
322479 280802
437728 234010
223945 397908
90498 197602
877186 372541
754941 99496
752698 462737
33294 481034
532972 340420
661891 544299
371598 331686
363914 161549
276691 136594
213471 104649
518024 339098
211549 237413
86498 15433
469737 418722
411351 471567
197953 4192
612569 499855
564841 15303
497896 214488
452334 471829
525622 332286
293483 456809
300360 453919
781937 236075
574114 282215
541970 436382
678383 81408
205056 312757
366718 548449
511043 338400
190262 2380
548099 435721
333915 521464
370662 512176
280767 218669
260882 78033
664243 254335
119659 321711
592847 144164
101606 333119
758886 277311
611416 294299
573664 372506
761954 339509
736885 376586
236564 454375
238224 188971
62827 359218
764136 67717
496927 396862
874058 395000
906061 9225
268566 318894
155916 302584
561300 541557
587453 41796
802278 526569
908427 500949
236353 293041
121911 313608
648270 444093
319732 94432
378539 470219
715780 349022
165761 372684
886223 100686
207403 488290
842480 261449
155486 318819
456098 348892
32076 230579
139475 128468
717101 465996
789540 222347
589258 367646
970733 228700
71634 391575
919145 280489
197423 232785
574411 416495
554056 392627
701407 95805
272983 431959
712129 62808
191677 152494
734460 516168
653208 333498
568546 410149
446534 280603
696094 458617
895421 377222
128825 15358
695416 77334
91249 316713
57400 285025
89049 327963
445286 354511
526020 289776
280000 316231
37003 286018
540820 212319
237416 242520
123641 327128
75692 293515
787721 293709
169160 327947
548266 435485
942274 41549
897297 340348
420359 535381
352773 110137
222966 109930
616872 136424
569100 67246
925805 138841
434383 502699
537998 415024
30004 387067
802457 506724
256510 387059
616263 322719
522606 287947
391090 507318
686562 457222
540614 377093
294229 412651
273670 452142
195602 531851
584267 262311
681125 123863
484221 520448
268676 483205
709267 544440
296419 446682
571310 11637
828669 160922
193763 217640
526157 167489
503363 283067
350561 279259
503642 451380
812137 322953
711364 71423
655200 253813
343745 461384
763255 434571
595074 533845
694064 64261
730430 26327
697209 478758
194690 547870
330206 239682
723924 24276
532777 264604
217165 378266
207896 110206
205014 19503
190998 466760
624085 357042
462290 161882
464443 157815
459293 7295
487303 203093
567111 317345
922959 165891
777738 306920
475267 298312
493714 389731
124072 259841
400330 500582
567071 237119
391530 477859
872861 235475
733995 242064
459322 347741
372048 451467
213956 511252
655967 90915
415075 134879
434125 247051
100285 235556
799936 23034
951080 262167
636406 166324
557037 452409
520629 129157
940917 372403
367487 268388
108322 196709
379109 272212
939623 368303
285051 459430
615793 340074
714231 116044
329830 225775
33713 245415
61932 355962
420939 264167
526196 266840
291802 382029
399928 444966
656746 178456
736767 318874
772939 30873
560843 294333
733085 406996
845749 269999
591914 333386
257799 542879
228337 201578
624071 217821
271502 62786
351440 289702
452265 29835
298167 113401
465703 403258
571071 83330
632651 508585
539977 255915
789700 421872
182269 444120
887581 412433
691984 23616
901170 156939
745238 167048
667695 507687
586772 457265
209692 194053
741621 403662
617442 240024
461622 33962
294435 485763
747842 450272
382067 453262
717272 207131
366536 184489
653798 468294
361432 507440
567854 538785
817340 103385
600686 439633
713206 361075
703490 26642
483079 180216
609791 494251
632011 343853
379626 303004
453088 475532
111436 375918
455484 331462
298967 361752
297870 169256
635377 182534
632755 399552
859939 482955
574416 340056
421114 370330
557366 260270
356787 475029
75187 66274
556852 243268
8714 313139
495703 445342
500991 348098
537452 127885
124435 335359
380041 408064
463612 103309
277727 355747
299367 120061
703306 448314
181701 496988
26168 440062
554537 316815
309248 307160
771197 352976
906060 107069
466590 373113
506564 71861
101510 217202
275755 397233
657994 422853
524728 391261
639127 56118
474984 534082
505446 205076
66367 155988
670652 77359
528222 23418
637175 399005
891021 281006
509662 388454
751261 358901
627255 286389
401572 271495
177934 476169
632796 361354
566396 87740
680301 433702
807126 115934
732862 458346
442998 143614
262759 108922
121726 385174
707672 142927
329714 458950
641291 510572
403832 32930
816337 209296
397569 186479
153344 495323
781578 123989
584970 269246
701750 447030
692567 13223
420559 376976
511777 511484
736676 28400
876714 498656
265218 71572
348192 89965
671219 403020
798971 336073
327583 450437
479339 168597
287900 16914
428981 405422
132893 299073
218907 197767
419619 210784
781339 66160
339582 394887
627703 408034
228092 195276
258944 405528
503500 464335
278809 205142
594690 331303
325096 424704
490923 209235
628673 218545
200781 92753
949607 285568
342813 535536
224646 273143
359968 421020
946713 159234
686822 273680
675732 372837
594314 200987
941232 304954
353103 112311
72703 231435
288912 543399
817525 169447
905190 174671
318191 531607
169304 214239
142409 204422
478689 468869
220265 372300
620207 502573
572638 360186
332653 238232
210580 22786
713748 274757
619058 439272
534523 199481
194457 148324
309355 144767
639721 266470
547969 346797
436344 49534
760612 58552
482361 426908
309949 491303
327692 248085
582215 498328
385119 231579
806737 126594
412987 26372
694339 159980
518646 303999
70656 93363
603751 266355
572753 265055
86934 363325
955328 86086
335402 444607
956861 110572
164015 281522
201262 243419
771944 432091
662619 343439
394905 469239
673643 514291
581891 211267
45425 93113
296295 285221
671970 72261
360216 308624
505324 431844
969821 410475
128641 308453
475432 138065
347840 334475
502819 485327
52615 213280
335823 260191
553773 224358
62153 20903
576634 253062
11546 278657
548002 421782
583438 19248
807389 251662
508003 130737
586471 348817
480334 285597
783451 417126
398186 201626
323419 98559
208693 533394
209887 311933
293908 384036
554082 677
243768 335538
345507 304726
280224 184448
121984 69402
685924 544999
69099 58419
558582 265739
588055 76176
888912 136815
613905 120705
520425 118890
658971 156536
330657 322605
393453 518167
835593 124501
446711 358039
389259 138948
801256 369707
577163 483668
235601 187454
448742 115220
91302 370522
239708 431682
344262 192520
557766 356713
178327 384842
601589 180803
878292 125302
599429 149727
662925 12825
328440 87512
21674 350604
166466 113123
235386 258870
135926 115225
895542 257164
820401 245388
668866 296144
487968 540284
512413 154388
847022 522180
471591 198229
969283 105977
192223 392805
405774 309608
419919 212759
297494 216208
898607 191174
367449 150224
442652 404117
127696 267593
133093 346653
586332 258181
593323 7705
804212 237609
544076 186161
360433 65209
674480 154637
412483 465227
399028 326371
624077 102595
291455 324599
456717 535447
315396 194506
257650 36255
782189 133602
793765 143001
794880 180746
662280 301552
554946 160374
171031 205272
757697 53571
557448 110287
564262 371541
623622 432517
589396 228111
716797 543296
638725 260435
774331 162777
692760 523692
593500 530752
635529 517998
205705 396766
335749 433488
627890 320510
26275 145336
295093 306140
219340 250350
303798 146004
86777 98962
863151 122976
401589 34811
398574 294904
321130 475903
628640 48568
249445 208944
197059 274811
338819 298164
196166 113001
752215 99849
428576 228005
183805 315500
224927 237706
203532 274345
649663 496112
4256 219871
209612 381366
231425 314721
76689 250530
826554 156358
931087 149871
135104 358052
138125 246228
658134 42534
550829 276584
574206 207004
329911 436471
264740 145099
882395 369675
740344 125711
358578 122330
439528 443997
567418 244021
625437 202732
272865 316836
626289 442195
599053 5114
687237 395421
794616 130721
425953 9116
822492 392951
505934 452284
474344 464365
110210 342162
305362 187256
775471 310722
462526 504248
740285 539042
167935 390406
467567 516107
98471 289357
481620 134182
644661 95455
960270 93682
633159 409464
711145 122981
591533 328470
683588 276089
444323 320982
537076 331219
223322 344352
414738 96405
901212 433636
515950 100576
899027 232485
781754 46769
441834 115457
248011 156715
530383 228418
299969 236957
699889 65191
927345 156815
430474 237423
870232 191369
246091 518412
107103 89268
418095 547289
257076 365171
36539 424500
894379 544729
414724 180848
289055 163990
538193 298205
274027 50061
748659 189066
641412 383414
787491 62386
476114 456030
365303 222674
365276 14508
572291 103687
600320 170842
418339 92194
537483 17267
417292 341872
345461 91276
193272 274976
623891 169964
945775 273738
672574 460852
127350 215259
141935 119207
310123 76113
747466 384017
260599 383049
610072 306675
649959 271848
797769 315502
223372 84806
635811 4476
299066 452352
791491 151861
778421 327884
645718 305477
123270 120567
288981 341924
830245 2023
222411 216596
151813 227109
244509 330699
865090 299478
698276 227865
643243 199917
620763 478565
920010 66844
579394 528296
709398 228665
596957 19840
959665 241321
601286 197519
741083 369393
128544 208575
735237 26770
519868 273933
593278 432066
884848 300766
319174 278944
442915 258394
95052 423283
454776 141737
633967 301537
202990 11217
717134 287274
341914 218900
708446 122495
801499 277608
382480 68979
567542 37250
115145 373068
972208 326390
52043 393230
381240 101274
362216 152834
394048 331546
781007 407197
300947 145153
721807 300249
465047 48069
332460 224242
399400 276863
777379 277892
926596 127987
408307 549116
668609 405324
754131 314585
658604 81664
219057 391772
293133 383777
175102 360902
733839 137556
114230 346020
209112 175263
414373 400993
472651 332922
626403 413319
222362 35444
254104 121506
753201 220248
811417 296997
389365 521255
272363 470147
826134 326639
354325 24541
789846 347552
531581 250013
64599 479880
370892 485723
717752 449721
597177 465438
624817 100929
159656 96092
845824 502810
380752 393349
659562 32834
894305 145220
441708 63630
840196 248566
403471 473386
663027 154747
854658 76591
278801 36801
129474 366043
774401 3998
317373 215775
292745 293958
15063 374700
813215 290705
147989 442218
522451 263374
129938 133327
932058 381834
901246 476121
482143 183869
78251 186565
370095 162134
784593 299741
328587 304342
780535 21421
287969 83574
227146 40407
49243 328669
258280 144330
333807 312215
395217 69910
499005 386245
840939 247428
814307 47130
204681 418033
311612 128793
828483 35339
398604 351079
564433 546494
462303 180182
334397 239228
784975 14643
384602 327270
399998 59673
327208 83542
556426 360817
240665 385896
165923 352485
810536 188523
645472 140005
537018 213772
345387 467787
739604 439225
817301 302232
661810 330210
898503 284297
852483 357529
458125 465517
466603 34321
940715 158607
771404 71037
293516 268981
404851 157484
678434 60655
51177 259851
222916 430454
413408 458360
563238 128703
364206 368604
167442 199100
828638 360845
213194 249482
246580 562
810528 383783
348607 157059
378823 333789
275629 384990
125415 213365
247170 277372
704692 190511
529683 464395
496023 325370
441395 395714
748080 481342
106101 422480
645375 114744
700696 118326
403175 517372
476067 533759
146686 453678
950241 206963
559299 92398
459644 390708
911928 526168
762699 438446
789300 167425
708936 499823
494037 116175
538362 238161
417059 33949
293688 148809
416749 78026
181357 425672
914456 4558
608051 390151
156069 329257
478913 253475
410058 68322
90477 121067
852991 52215
584524 531563
419882 465834
560776 471490
761355 273752
175301 73846
897996 394297
149452 142073
87639 204647
494598 362864
524140 413038
260801 298735
684707 245518
843746 257519
238068 422383
546656 507630
350353 440364
253481 39519
842083 44416
832326 58628
406199 467238
321307 68329
312284 65285
574570 195376
577087 367474
742863 130017
589819 409710
490424 206186
252263 302414
537493 446706
635754 356834
488248 98705
441285 386210
545763 310853
777363 309327
581177 533502
283393 458475
299412 329807
587262 408700
107775 381556
507066 538167
977480 64637
573503 291866
273910 345921
912855 34294
453601 245388
590819 439090
373287 319202
866395 476254
303700 388482
714881 255797
486875 257676
741117 213671
797662 211886
268192 90446
349567 326059
53011 522829
513551 207058
225281 156432
899035 181449
114975 361796
798147 365494
761415 161289
566174 331584
429047 481235
528345 534621
403429 103276
2165 228035
148896 298419
821712 115779
273695 448529
937358 307238
248932 4164
218248 324454
614856 446614
781630 474145
584728 285325
640115 549724
762875 516172
673436 528454
588544 449017
251895 313104
382261 127297
616627 217629
814231 2254
467887 206784
252218 439109
24557 308795
680353 465702
458353 410169
191819 56636
245576 323190
551624 549804
276225 266394
81871 190150
413478 543092
295335 338770
250738 19309
306179 360941
229193 209498
362546 367860
171534 377096
728259 406756
770470 207980
191032 381610
543784 115916
486037 528524
588916 212324
375372 340432
823849 369746
554937 531971
682226 231983
635339 15666
637437 297145
944185 139919
495029 204829
38013 520091
529277 281067
434756 308744
413387 149040
938924 302394
290775 412824
378197 8136
239535 366341
253781 302431
423968 230560
339872 87954
566777 25851
553885 224174
84856 37034
740424 262007
448923 133723
501965 229514
409085 194496
423207 537898
562325 389706
455311 239146
505381 293721
291158 447991
414856 425934
266226 326625
710902 265790
335470 459346
186043 193126
299275 281161
528274 335240
823934 484447
100533 172811
557772 238826
411574 205022
302658 275215
49695 259227
578302 108077
444165 527764
365613 297320
921351 228274
756634 283024
480657 469352
295605 519398
140414 416994
525744 339779
901796 299577
613986 307942
344480 365466
506741 183914
184930 483796
427262 325717
949880 368125
592292 367592
533620 250360
183854 150031
126917 220536
904113 176086
530796 126611
149718 136661
221198 341646
221824 32865
262763 208603
88520 34869
263422 175179
345692 61341
786140 445743
242890 129386
395421 436119
646452 315331
292231 106981
284900 96973
736219 187124
474729 349398
270087 7993
481208 540141
812255 350220
442458 212345
809343 434978
420352 456771
394750 461010
126996 434974
331400 401392
488965 231154
351955 320794
231095 234131
252886 328932
566547 347142
703020 478290
500660 303860
338107 74669
600892 380033
570769 75771
287272 268080
452514 212052
508772 334152
216127 257864
925571 502593
933021 104147
638806 396263
731537 51362
193151 56736
626489 199309
250581 256891
459735 461686
304740 256738
377606 478612
454396 48548
476620 147015
298295 354147
317898 349152
856464 493441
314134 390210
809168 416487
85280 5586
823776 152569
390673 287356
402379 389985
438983 85634
481188 315043
117323 173267
488150 547548
316852 297962
555397 413041
144274 275016
505029 314636
551357 234647
745375 131589
304022 62991
291846 262193
605182 434794
633297 382866
588227 35858
331960 118990
690254 385782
509547 386217
460981 232163
112391 362521
173957 380037
211094 169981
403856 26151
802814 389887
348059 174254
396322 361156
216333 365034
745739 79353
581584 289154
745889 246877
789993 28083
552814 409100
327346 441925
354451 193811
498275 188335
2329 70915
152686 286286
513915 126042
453277 360353
164186 397837
170149 417965
654646 88068
447594 517690
319297 494940
953370 182988
485066 58921
238766 135463
642887 188988
564609 544143
959950 187644
287227 446984
200247 546277
208202 41177
114207 287403
853468 416133
282284 162612
428376 269885
551172 205429
88900 148448
692910 229966
497808 53636
344515 521145
726033 332197
194727 220977
574476 98684
803900 279865
154606 243454
347665 198189
622324 28398
616939 170641
427898 498310
509932 82062
235220 228126
442078 151661
721430 35589
290814 198462
40059 370885
396507 457002
826071 366188
465683 168161
904042 307049
139156 357037
46926 485993
430303 135963
649795 94980
681814 138200
800274 162958
58965 441409
204891 389393
267643 340599
385031 305732
867414 331091
467355 360683
602846 141163
374993 267304
968232 216394
350233 447137
739369 170607
274115 338758
183416 333750
275501 440937
155240 126654
469042 345937
24111 117733
964704 321321
634376 227026
4008 480078
238592 105173
491617 516804
894632 404481
496679 481384
78829 117089
768768 329168
625073 543388
955646 74559
644306 533605
482466 500933
352383 363332
797099 353718
922146 203288
530649 209525
211637 264418
384838 220463
62400 297947
489101 499054
643875 463270
218944 212829
672475 507387
468316 470342
567887 526907
305747 217694
707730 401915
497460 261422
520036 313273
219255 542546
693989 437478
308599 110711
903837 376972
808515 34939
254541 258845
340444 284896
775689 70194
254690 303157
506985 183059
921888 209629
191172 105519
202752 370805
567900 278772
666487 361993
779673 164666
584811 454158
787334 67813
320288 312148
79516 278685
333603 435879
595226 537623
709704 402511
386529 102136
942405 403200
402283 260505
222306 265062
568870 512544
160062 452480
473829 270172
55308 350128
348843 142689
492889 375205
804445 106204
728833 74184
500999 511820
807448 55515
127971 352773
62233 363541
217545 513078
390206 283316
402595 192539
839879 374188
950436 134412
514893 221519
530862 276917
487695 169271
465277 321807
472932 336742
948277 245211
263967 42879
926057 231368
2904 193315
634357 356897
341502 379657
517784 435960
231630 381818
426526 352450
74244 241040
485092 296647
878683 213404
551301 525340
181835 316895
16663 389493
654914 199541
204385 234468
51495 429730
709009 318893
520131 139086
412556 108802
337556 251523
984175 241381
96380 76202
586741 363060
212083 353590
436022 489726
527251 13943
620461 274607
82470 284838
322901 3947
270140 104485
154416 128002
823702 363095
783648 132856
430932 288633
373422 162101
209524 129710
402744 303300
127927 124367
518492 288665
454766 522855
736008 122594
543086 37014
296809 497765
240119 438424
534749 273678
371035 535344
817452 167437
447902 385602
492655 302039
197792 421894
219538 336285
658270 87147
808071 445913
632495 436608
518469 227581
228294 416961
401553 81327
362041 372048
370867 25210
115589 91245
449105 65576
765298 360951
546338 48927
310630 54148
528677 119022
135920 232486
802788 283774
528216 353688
739528 372047
704074 76805
369253 407198
173477 185909
90974 311930
36046 35513
575422 393931
369369 108114
650561 96178
150950 151132
211552 259925
511261 129485
57035 42650
614472 197961
549833 465126
691166 316997
731646 503078
508142 406552
368531 318528
441329 480124
643621 34989
41264 371934
733939 218963
611117 266555
538268 18458
267203 158873
524653 338904
31795 324609
625777 286314
183523 326370
578328 267438
592104 268424
91156 385828
809197 286233
372061 305199
594129 118791
363540 240482
684746 211300
477347 365987
602271 320825
446462 230257
