916147 722385 1830
247219 519188
634791 453336
626069 336587
345371 536401
475107 263701
2869 656850
750356 447091
761763 604537
457035 386066
358680 688732
310216 456515
98878 258609
544381 544862
867603 93941
788436 521281
410075 293878
268549 110157
328875 271480
283980 378661
462794 489679
328689 148047
709800 461853
690041 69950
600197 212073
754100 446722
226582 25867
412695 480133
243147 472348
679369 562609
140734 510514
583176 421139
103423 347062
727599 642221
802442 618184
412505 313718
343455 566932
229345 318431
791478 164539
626068 683552
715996 531874
896652 539948
192155 645331
528601 460300
600290 146503
656634 505040
430697 714012
320165 494777
380096 458354
97254 419050
860184 686954
258220 599903
439023 610229
420276 318570
813277 393047
461346 600421
492104 192359
832712 391792
273556 125402
614927 358104
241811 552725
143935 393684
360260 549211
717334 205596
770415 288160
578940 280815
449972 623507
363013 246851
537841 383919
514666 708138
825359 480069
301310 571105
775917 228010
6349 490134
720934 405337
776193 185170
208991 160646
335861 316673
335200 322230
470135 77100
309745 269523
596771 443669
494561 130463
608370 117661
460258 241173
334473 405336
674866 598978
548997 110618
188759 326532
528023 659012
482497 275689
541950 12865
667629 182612
258555 658414
241132 707233
377696 439824
893159 93761
274978 257561
841199 410081
707565 252015
195861 427233
644259 137098
681494 256143
686590 64930
759908 325162
160267 290344
411127 336897
479758 443167
871741 74355
471260 506506
642417 429929
835602 16176
308642 661508
637777 149846
154010 237743
209325 619230
187482 425126
365373 652122
826305 530109
861749 280412
361895 460827
479990 387715
796409 198764
452150 432843
300594 158580
159708 16043
330999 285149
231249 294661
378154 244010
232622 434375
80571 537857
260294 653289
496411 194687
385933 694867
707003 72114
837929 610489
846630 402509
227362 703796
306107 170945
449155 143094
859735 128404
250618 660251
268728 259246
830311 343847
438527 46521
518245 584914
272511 58602
529024 215449
192351 572977
228590 602235
707832 146519
683403 357337
571780 406526
444200 79422
839983 401055
473152 331536
531507 614532
283867 253404
656375 96853
579279 701298
811187 521843
531035 538935
569815 378910
195367 459658
243770 526989
411153 280784
499101 412934
33628 130763
611272 388410
468506 188329
809451 550014
429477 265236
473647 557061
784 107030
513430 437964
437223 649364
560596 278167
310314 386180
186665 631836
345462 146328
752213 592312
667934 361069
334709 72748
543046 1656
722917 382407
720634 112588
485955 694863
295770 367222
248558 510775
490135 607894
448217 495531
449804 578510
719819 592942
832495 22785
658949 376492
86914 689076
752881 99302
95733 361249
597441 241681
493867 510572
656067 316975
480855 607272
297506 466612
522760 192504
272600 449664
138969 175857
652978 446497
545323 249194
573842 684644
509765 659019
494826 407572
201734 544598
643655 254630
408282 69404
526089 220091
179919 325051
212356 326366
333166 154891
797839 384583
135865 64684
903080 578888
582266 228218
614790 197282
753815 411706
913349 454552
443469 247273
321260 367588
534324 364345
503882 457690
316655 637821
801305 109021
611681 260933
675017 69902
224907 583425
214526 355975
598511 212384
44075 563155
759469 665234
822679 269898
558274 330856
680217 415346
332260 359168
576210 494582
279467 577194
528311 365945
94070 50031
200967 295479
103801 599149
596548 169650
322043 453669
555781 524799
449356 182854
454786 487142
458460 323397
708113 495725
362507 305391
360989 584835
173588 246277
500456 236690
505533 429191
865855 546965
593786 170712
689001 210823
497351 270706
223968 127232
905465 147273
489701 293355
384440 409803
32015 406312
450897 140805
753692 255849
387246 503797
184962 396081
875512 478354
458675 121737
391886 58394
452262 256845
422650 710628
447876 597635
527796 266108
242249 564700
680090 654539
155740 150852
561499 195827
456554 49938
208295 358044
524867 546107
758964 164077
643475 677119
173802 638608
371902 226097
263824 145374
496525 379084
212353 135356
864701 704270
581151 278892
349687 79816
365792 459636
216946 119437
183918 611773
217686 483528
695224 505129
570580 389410
393461 560318
848262 478631
608589 313208
138454 564929
529462 627890
357299 27539
493369 415700
688370 597902
169133 604638
72329 383724
221313 190659
579119 504686
870422 276876
556643 200609
298714 610230
770510 484788
707787 373453
353054 341622
81197 230025
470106 497000
516608 370647
209928 110721
390991 205403
488431 673106
603553 674023
28711 506998
685614 217920
355412 29318
470447 559488
708471 216685
446423 167678
291051 395629
510528 404150
381190 460365
267524 383635
476457 380886
193970 211464
834241 70014
754784 352895
64043 526683
335132 347321
289216 41887
491423 213110
366431 128408
406346 311235
624701 69257
399315 221515
772504 393434
469704 491095
464412 515806
86693 576743
796846 496624
684463 172644
806435 268631
458073 330815
911010 397898
148364 516927
791775 358411
273350 308408
474888 700887
424802 135616
13548 423777
617126 648321
395805 623082
458389 461317
107839 575277
55324 398424
705621 657846
492728 117580
414320 374833
645205 102328
173987 333707
229943 501754
642262 350847
877593 649702
246102 266475
619174 505145
867882 174549
714245 362468
129704 404901
546740 671803
442741 695484
671475 33119
818148 177093
744087 230362
456591 411421
693789 52008
858927 681903
475287 197315
611652 168093
585872 207438
233615 394787
171751 580356
718977 200791
25937 650422
447078 514040
147883 449354
690334 395785
492833 467646
489862 573702
469204 336267
484938 199348
457014 292347
644958 135208
491702 399526
226882 71593
407690 211001
418081 202215
395789 239552
797641 422218
356117 605828
612956 415486
56077 19727
247209 463162
914347 333140
717697 360902
473689 4299
801880 202515
268666 180657
637485 411324
146135 721348
291472 670828
128539 407130
529717 455972
716863 563115
722855 171132
451814 601298
883634 307730
413643 359707
105632 406840
573434 252404
580674 38008
488882 148122
462004 251506
237021 545572
203229 608508
177962 426578
375580 64028
443485 292207
775769 595829
457375 229775
346218 337309
410580 510263
171929 617977
774002 396180
475439 211993
735921 252016
541728 121869
166496 391918
820267 537691
618772 301863
533257 385301
404874 572562
62754 600290
423256 33428
398232 472644
677621 414903
695727 215751
426153 599201
538242 380984
56461 532407
591506 422499
279105 577599
209459 421415
399862 273387
249525 423481
439757 287941
285213 488907
232163 118717
876524 208573
287991 415711
612580 633402
678581 30020
786521 618635
229308 701931
535534 371274
501686 629310
866736 493139
792365 352903
623831 89129
834687 156007
107288 150089
551604 298292
908189 445719
373358 194034
564282 215024
277650 287317
648769 662155
246937 321602
481508 680866
621662 696847
69563 361195
493342 383323
723418 202794
582829 716450
323879 523473
379950 145017
66706 479433
735220 501546
756797 483761
326805 540410
529587 597329
768991 409857
41943 143531
172487 187192
364027 129179
649927 406713
106695 420727
191861 262350
287173 247017
581756 434448
395461 412030
772503 327629
851746 696786
887175 494619
535951 13116
700184 322202
645100 178262
151937 330484
745613 592570
135944 265002
364298 661781
630740 502064
413739 385165
518377 515596
313684 435087
762602 502546
714356 213244
695349 70266
178466 574715
914762 310918
550333 226756
86731 288979
773729 590158
399809 589716
117314 323411
737896 466021
111305 696496
81343 491204
456510 531009
291617 542052
405698 366817
894298 264189
120452 421630
62116 416695
138369 192958
404529 160733
591142 63658
311062 98918
42507 414841
354306 319973
672102 523986
270455 288492
546459 442196
357755 208635
466097 98630
474956 110760
671134 381461
302189 658493
584068 214023
559406 108412
870822 221237
582714 359329
280728 451092
510532 332825
723993 522283
223076 625635
598595 416798
660150 80055
78749 506930
169195 480630
413394 349331
584741 684546
478898 545023
417149 553597
581992 492192
480331 294811
528882 460942
860681 599543
372196 679644
655218 185613
481267 94636
181924 343241
653038 263086
467526 455018
319866 520252
187577 303825
621607 522303
593538 439160
23052 656217
12286 482895
655076 538115
392416 203959
252311 313350
790670 252445
202521 414281
514842 531458
478463 307817
270952 55516
482491 258165
329624 446959
558529 249938
276893 381840
288164 210649
532043 303151
585312 22948
532257 443705
362601 358934
577216 606666
417713 322637
737494 103017
367716 420014
317738 138498
217498 445867
820065 74898
726110 276618
321195 409905
823581 352931
391572 79782
351360 286302
88087 162323
612889 469837
626958 330411
377670 598238
858463 546271
657905 468123
485426 392737
726009 380344
71728 698877
607671 386667
658259 10815
688316 611460
386654 200682
254078 521285
801541 261577
685030 18923
268355 572179
386760 125359
897464 478448
481880 57416
489636 700655
618173 614365
773664 205757
283301 463285
383993 204838
573123 58824
826256 704130
602228 394221
479211 504452
275815 415927
308581 610137
545980 213981
242963 184503
230442 580683
844085 283512
406787 422198
512578 709016
202593 333937
682291 520238
166191 661173
164563 621719
632978 326602
187638 608437
357091 152868
852125 550545
12971 312520
913958 571542
449272 477150
264916 325681
729673 39040
347237 137906
85936 359556
720571 124290
227959 41974
335749 386126
524279 592593
493075 673221
512511 146062
101359 292541
537333 428826
325489 563344
881367 219111
478416 267885
794406 102080
467929 229081
411854 352808
225779 165363
671795 355337
236818 374168
389567 564761
349915 346202
379245 588766
772359 316487
862238 47282
436622 1728
682339 206937
264356 192758
914513 491370
188293 254843
811525 153312
302363 424492
493692 285593
763034 387212
434101 599610
659193 128216
280584 649416
395622 219389
131394 81915
152876 273009
502021 252121
689052 687364
465820 182896
343261 226005
143623 70734
319439 146875
319043 556093
661341 85921
616641 578397
397396 238446
422017 308045
676904 69743
195804 86497
576055 26509
700302 297422
193975 348501
197843 435838
168707 335702
596821 12473
709009 439000
416158 394114
385233 235055
410876 325209
732419 253993
453277 170743
469338 267727
580022 53501
153754 409090
603133 471336
341289 710304
381763 115931
339873 265978
408992 675941
285850 625170
750831 245272
343328 186818
308370 129595
319076 612753
764277 385969
263237 122270
623882 303935
363950 492311
693421 427790
400104 533874
275690 363089
618527 357892
747397 562477
180768 124664
469072 610717
540257 618725
368464 268868
374207 119598
388145 353885
352413 349037
574262 505477
661718 48438
854344 97720
242375 646532
226870 206663
881425 452208
747270 447880
42708 115035
255528 249578
582586 108469
228877 63905
305553 241317
674485 675431
500844 81982
545330 630492
464292 43201
680684 707193
72272 552581
578819 95742
407952 69222
833113 548217
414432 197093
440219 361773
397577 348122
506494 354631
474801 301474
563824 108572
595707 410864
459482 456538
534041 363416
623576 10547
425876 172769
374534 105609
237091 499945
561729 221193
576858 270248
582260 495209
628055 374793
223274 409418
608732 111072
708444 433512
366926 345327
318598 234553
576767 650904
707552 269353
651936 284233
274747 385872
329564 431418
527567 429398
558511 128678
373661 81968
20337 621990
508624 198373
761088 456368
654614 190949
359382 160694
375025 266983
34187 204711
244054 320764
444705 620553
749535 157893
407528 646469
259349 25922
169099 18648
633685 686339
707442 175978
274224 190298
367557 660362
335875 208987
365947 309130
417011 526684
697002 630261
632100 573853
655895 434863
351801 390764
776292 82101
474752 414236
848875 633241
405194 634953
835999 420078
721612 339566
437435 162580
429919 447386
551368 390846
469689 289969
308167 171264
83930 216321
334397 250371
360376 416696
765987 340759
199880 140124
594967 720140
776615 89718
101993 233806
322833 162572
818455 494648
374671 331358
503115 452839
676565 338365
428043 336880
614018 519469
612023 160348
476081 132986
80910 543236
472956 558888
484698 679309
798754 574493
600934 294365
341400 687832
255763 393189
441895 278770
560555 418151
522065 712534
497985 287098
466597 308538
751186 614220
585464 702214
493980 425460
648897 319322
421861 210039
824432 324613
576867 242168
327988 398001
551111 206620
23963 205416
902658 265186
492345 433400
141682 465638
745083 244515
359978 308238
527602 490799
533320 212551
702419 67211
322733 488891
239292 132501
771407 184587
120535 353740
530542 537743
160485 642907
183961 473564
270676 359059
397389 315669
616176 257020
209574 11921
87302 255596
363124 442767
43815 422038
2039 379140
248137 505662
856825 702076
579687 344213
330652 200132
240486 141997
765304 366487
632460 417679
458415 122881
451242 665835
559259 85743
626066 500956
327830 347987
24189 83373
672014 90692
626912 327793
541238 365946
529990 196219
420201 476138
833576 480695
271744 685924
628291 48571
158668 324784
500287 354005
889305 276946
389716 410144
219780 224015
54626 457952
44467 432076
31652 559630
285648 229785
64400 640283
878710 379199
412606 156052
470127 419296
146239 459298
775027 659640
350034 646141
885302 153322
54528 593953
544884 705880
522107 297470
456090 81977
406177 598981
119428 394681
137010 401685
559886 692795
275412 622477
88458 575885
792587 151271
205580 457205
377361 471846
212250 340240
650457 31412
72585 336950
643857 430591
247969 280495
366950 69243
268603 287074
478133 279549
740260 121841
191981 233015
70576 338013
442962 686724
111153 111447
665966 344226
385075 29274
156347 642140
391641 454037
95369 217197
809445 300905
594611 123800
441784 640877
661798 477430
252574 520941
532398 559541
46131 392192
707559 434603
895260 293728
624538 540898
305720 536721
454423 518633
721524 379771
717821 660078
340807 358410
432942 504806
313559 172940
316559 491079
361984 508292
130391 709249
441028 381839
530108 617160
877174 434343
669340 453846
615992 111411
561403 359662
379610 489095
163042 338661
779663 199372
765350 597320
625444 575385
245661 395770
220527 506181
213119 192519
186177 587203
814512 36355
191990 74676
375888 346221
120352 394311
303983 514342
570583 221153
558816 375489
654464 237875
806529 580652
366363 387935
769847 360127
3075 658048
578449 473926
229358 52414
564479 18565
685650 298794
146558 487016
57763 696029
584314 95426
542204 360351
181985 585662
696939 302440
454730 404488
839073 181521
742410 186300
159547 568126
314816 260763
329521 400133
214682 391905
532642 380266
111227 343931
793054 630167
718156 408684
669066 113623
585950 435634
83796 418615
280719 475717
887097 264922
676951 142266
628091 225271
610725 452762
399022 431954
277762 359499
703550 416241
267321 657063
479911 532854
408406 567691
327484 426079
98684 274172
678042 345323
124250 269872
143380 75020
389106 207246
410165 689091
227314 662298
462284 453701
465024 467154
317749 678948
259931 704656
609884 158505
453857 563130
334354 132721
244587 483970
317808 529539
370084 135835
690630 47895
346915 301211
678326 375228
811721 693380
693368 554162
10454 279558
629738 357489
116969 658858
567842 37615
508870 562865
485182 191339
444184 281120
316469 451243
211044 138999
868351 580073
429791 644441
642606 633139
729366 29702
235020 104545
634429 371447
595038 266950
76590 443503
275364 499613
185224 466447
673560 192043
457654 635978
95578 217690
272707 513893
321991 105528
806888 181611
734034 523068
326734 290540
187997 406474
530079 243937
183832 500825
690230 270897
420264 520264
230040 497587
325475 674920
434723 718144
653407 400939
440492 390455
164744 494097
497595 31439
431112 266441
492822 73678
222381 219676
606171 192062
804739 207070
147220 411576
387926 591772
371701 344021
591589 319305
176128 669693
137273 352202
777676 190249
548003 249574
52709 116412
450256 684043
797852 339739
556183 250514
828194 353757
744160 383853
265923 456843
341536 648737
197878 354480
305228 124303
527768 510648
578747 497925
223897 461725
616676 60266
149784 16564
203298 309403
542935 607479
346782 377119
171487 442022
316710 461643
605970 45754
826666 149217
686143 329396
268161 510690
520519 425907
407810 160779
538951 532849
667346 369184
296386 365290
188229 319108
97933 439358
60247 396968
320626 379439
176535 1444
565307 223157
588359 478054
607036 284080
402737 163588
471289 642951
702161 100929
674011 302179
705219 524829
796091 571869
566665 566437
527857 245683
142574 311972
174677 275361
496808 553891
786485 208779
844401 477097
386790 413949
381504 323962
332998 320423
418831 303416
381590 647696
154343 190199
282975 234415
478433 38506
496835 170359
264435 675843
185300 240638
145469 136279
688117 669295
474967 87777
522639 333878
547941 480170
481381 156925
354070 85169
341410 152164
572482 548400
734080 123597
719547 23811
171483 131728
744333 621455
97417 257850
492150 128466
660046 597199
601838 192425
635307 584007
638882 657900
768768 368869
182477 141882
838998 689342
834991 516619
890674 126151
850222 7988
393158 709286
249547 576958
644291 245512
910640 516454
367770 443533
513207 486371
592247 596430
438275 300154
564401 42288
749374 317048
636408 60787
110742 566615
691050 457793
348201 420268
60767 621072
762827 611472
214447 493626
442174 103092
848173 602029
189608 200872
176652 345417
442362 56009
480521 290758
709083 107231
438481 100931
702892 166430
269743 350652
326255 9158
897787 286918
462784 539308
785965 549102
528799 696724
426509 131197
901875 35500
192877 242699
550597 631742
149912 438306
870764 124702
835078 337436
182865 65078
498851 701050
591356 626600
727948 591028
768642 172463
781128 631884
315612 703110
280739 148860
480839 502385
505500 668195
550528 570016
792662 492845
257464 482561
463098 493484
365337 602728
564088 654118
841445 328556
557382 491498
622449 212006
743381 303323
458163 109781
755280 44335
355034 142936
188770 163512
795440 427951
576441 115826
262476 57574
345605 332914
361707 718842
556318 99553
834954 372859
610070 91516
354873 365199
577471 713029
23625 498221
914418 295970
494286 240967
288705 21459
569344 518732
290277 598080
376452 172279
856150 575334
599790 46670
407694 179509
595843 353243
519348 449010
740462 504171
774653 385591
396204 265798
627376 287328
493696 355544
644320 620947
292835 239572
286169 550983
635246 87974
809468 366538
277614 137019
426840 679271
622939 10206
673569 477318
819592 195096
825226 460594
415495 133550
207528 691055
595760 43081
386868 697713
804519 258807
556623 592336
584327 711503
259207 257684
664917 577159
239883 661660
282481 138675
718719 322317
890247 617978
561908 433395
627494 663387
148095 552125
765140 67518
34792 106285
645325 135601
187298 210595
836246 410125
125244 179372
661409 606626
468646 602054
484258 503644
489504 433505
305354 423435
292088 408667
613204 11422
550464 263596
509060 330791
98719 249176
685690 379534
233090 411063
86549 370785
260429 250302
285530 595523
432737 691168
557436 153985
657183 502389
17843 348280
273904 450551
603173 162335
278392 580941
622842 144137
410987 241907
522020 484730
10530 132808
383693 486430
718563 101807
883045 258549
412443 409446
53286 116733
376245 139632
185570 208263
647167 519844
675300 11859
477581 393863
869534 582161
105849 682321
486367 332650
768079 642851
740402 333185
457300 11945
744203 274021
358372 499074
644199 139806
622851 402312
51282 573973
549133 502906
866466 308655
430432 272896
318675 262438
231841 106879
293011 500855
373787 177464
766850 338532
131140 303733
199011 362973
359787 434948
581811 581033
760342 19092
481465 78228
513524 312476
210086 84841
286340 202639
381962 418520
394102 260349
401404 622962
270875 290127
467913 456435
314046 672743
217517 261246
407265 66877
493450 526539
323809 133555
572647 277305
728015 621312
282983 483126
795090 502263
396727 318011
269704 280900
708045 81742
553019 611818
521224 377961
77739 526713
271784 481592
516051 172083
504617 538632
354780 137264
337163 419772
796793 589047
214633 482845
464202 482980
58514 380769
162954 629275
632963 550944
156826 512035
683591 517489
534363 681594
93430 658867
717674 517039
422308 164858
585755 578757
753212 271952
318671 338640
293446 436925
638728 651405
911517 184849
503001 617314
77309 614182
736871 458409
461017 658702
88934 618307
362506 668361
270425 587132
171226 132727
269241 399035
233325 451401
145830 370768
808124 680030
323920 371304
359677 146394
240767 321046
433134 598161
250418 53849
267946 324719
542180 556261
732423 441459
607602 466884
533114 641678
388361 409429
664124 19434
555256 57501
309590 164686
344758 99081
328268 82975
358880 376762
627422 276683
429563 455054
236203 685911
642788 418118
92912 258677
210795 109334
164628 420287
751300 532769
238373 292384
188779 201246
98638 160526
640129 286837
446458 318674
445696 371506
792179 441609
480493 379632
281783 210758
361279 328838
561817 259099
711946 224878
236120 284257
246781 268186
776103 262620
770665 164471
453459 691152
449030 286416
323435 280928
749821 435143
323974 314925
31018 446585
82143 633756
203760 312901
763706 206804
305093 686854
220672 313514
373526 310682
683028 91009
518667 148884
721043 298977
138074 526321
620096 499944
118934 584002
233448 452333
600141 281320
826595 189149
485273 256064
386571 562165
456946 29476
269122 537068
713808 660013
103139 327819
380922 227364
233388 50484
486555 421952
624712 383519
160388 267009
93091 134606
382298 584970
873093 375199
833385 35352
226304 72417
233612 557792
555828 51291
71323 90424
564511 155296
532561 243178
375546 377932
634310 79512
174016 225401
250417 676168
608655 590535
587057 398635
353576 234128
683430 575984
245744 213683
182614 681529
580277 403020
136421 396553
792218 190635
373874 231641
506716 428639
187806 383888
439795 694499
378197 112382
303620 356272
81176 482509
762949 313997
863898 504316
46403 267066
405949 715968
323319 267616
575764 598917
658238 254093
296761 491967
130007 625763
25274 519163
715179 349366
430670 509215
373093 443675
99668 222963
632343 579352
275128 342591
582442 485714
783557 36571
774820 484429
597800 465569
131298 141068
185859 675794
498513 2569
102562 565965
491764 340029
692474 436948
822932 669545
304585 82945
296261 178384
147280 639106
27578 265100
372467 197244
472009 694803
602800 20548
126117 178553
896144 428382
124137 407052
533742 320355
646540 676800
116344 389269
820791 571238
672298 424221
154073 121194
190678 206100
594060 592103
508421 407235
386905 504767
689493 520080
48994 152890
212784 400897
505467 511980
622802 460202
386314 385018
179310 250389
325730 91185
444939 230881
192485 686265
314186 131239
308942 378213
476012 145347
643323 56354
313360 318846
628546 415600
351359 378
208725 546178
409855 436291
192501 508548
152933 383729
586606 569324
598265 716145
686508 623167
340659 71001
377943 549953
309404 676973
654988 457024
142622 209716
347429 186493
842218 153633
307300 82519
422935 424831
420851 91394
583449 196721
449282 137519
841933 491971
393905 34645
705182 469287
35411 103356
237172 552150
557809 1682
270082 432675
510359 42929
501833 573749
505361 674857
627852 523253
139636 318305
410400 408714
890137 42740
741736 376543
5643 61359
623365 192123
493329 221062
156376 542545
896596 169607
662614 153347
672368 650910
543347 146407
609456 288484
369728 249000
278176 100530
16240 400723
633062 329451
897881 699489
673813 682058
530371 177321
769623 236848
287350 420157
538154 391087
817839 375075
508623 562466
64777 402586
747620 279704
719158 591443
591257 372557
120511 359032
25014 462975
693230 458976
489209 709322
614836 119613
434385 169525
551651 498943
342817 530013
366957 407171
319556 260462
215587 395993
48681 438692
243806 124071
641222 534093
201327 330704
470627 638887
775696 516140
288488 133429
347550 676624
163636 89797
201552 271436
739349 443954
527454 148003
903308 532009
433390 365453
519278 198945
643844 661187
852050 208582
620375 156082
501065 188010
249904 368433
468310 201347
71276 167775
1 680897
730897 641952
493096 179812
387870 28318
729547 236870
34550 336217
195137 163546
376913 402428
331814 510606
463835 718551
511169 310573
629141 406981
239210 43952
569592 63511
456361 574062
659328 610422
703777 651071
213094 197140
433763 551636
717093 206334
397125 341854
902457 657264
218018 667730
261517 79545
418938 702108
675809 484812
443356 626453
379530 671479
445754 568524
527650 510398
261944 30859
16217 322772
298849 380197
702461 338110
266592 339555
308841 273006
277791 583732
659978 79901
358274 169001
635403 394868
804866 505699
499106 96207
758080 157133
183941 675638
407388 364126
197838 411355
251217 494877
171449 208142
405944 157954
398068 300555
483101 411352
565833 349970
561161 338107
288284 702680
465411 453705
634987 421576
50702 242594
426994 171707
75090 452662
505666 99601
212947 177186
115311 525670
103582 472356
747638 387296
469162 481366
763020 531908
443180 528147
11442 463344
103482 442350
298452 64563
659126 210299
910635 317826
758938 9689
280408 710415
186439 135940
297365 35882
226776 682986
831160 411496
478462 384278
707607 350917
585108 525969
37728 440791
749591 243224
222640 106845
814548 322843
715942 528908
457895 585266
547955 389651
507738 297370
713190 649731
452216 61684
680529 251864
618438 341629
448782 406673
191094 580166
820066 449692
597917 96444
544075 419445
359221 436834
777480 109834
538569 546603
773713 314928
388944 261711
292321 250416
