910977 639137 39
294582 478611
472170 319598
604860 193546
588279 325946
460370 478403
670902 453614
99706 632983
562496 168669
744116 313486
848540 198705
320003 49056
85226 239339
431608 61679
378937 214473
454482 228658
558025 506570
321742 157630
848045 147855
599299 495106
100046 438108
306888 44940
745040 146376
785467 419436
740998 30842
234025 112039
740580 573830
199169 544863
559181 225686
603060 48892
700802 196762
433088 81114
296996 519406
484928 514417
484263 85187
360427 347299
332279 238031
839243 66256
410446 78944
583916 70619
