816827 772816 1623
439702 392418
443473 755501
521452 165379
776891 85410
180081 287604
465386 465243
75570 554899
533808 571204
631802 128464
240797 132890
308785 196486
460817 273148
366984 380191
377109 487735
60670 269622
628949 289486
415423 639273
530704 62792
244263 260001
43780 314259
616303 182909
541786 642103
217995 97252
529280 518267
312517 533835
192997 578622
627321 340370
543675 238544
616558 542427
294558 211637
278708 230017
397257 360854
507093 420385
26803 357802
782710 688241
525068 224805
699930 367850
775720 399932
544540 246979
742169 397031
271445 154535
501579 188101
69603 512497
148816 304640
808067 491163
616917 613405
293054 404349
28463 229789
100602 228754
227196 104396
96267 495139
110540 157009
70282 426716
633765 563379
149726 298194
219853 201580
298433 632005
226209 455858
696102 167191
592758 531009
302866 525597
186215 190242
722888 626141
178436 151772
172766 331223
637638 637090
680223 675817
414358 633060
582830 287485
404448 416415
47990 634868
303722 738543
591646 572383
574183 459520
730003 258672
331048 726438
777867 177098
355222 305146
576654 332753
396768 530032
711725 293885
560252 220456
104882 325895
296507 394647
468415 244635
442856 395751
753772 123928
437073 705493
157601 208662
661327 368360
294390 332558
498876 218729
530540 330046
372817 317169
353386 559843
798735 245857
169408 401968
68112 669326
449789 405858
471577 205595
543903 643327
635305 721123
322448 366224
251612 409587
315220 584723
596326 203322
704514 188154
564828 214110
75450 499900
228539 657385
634780 444175
563452 186953
265858 415761
105942 226595
556525 395759
59723 184064
279135 417559
192223 535398
155045 260539
319324 577608
377911 29488
292835 639750
393235 79873
70986 299623
308373 554707
259607 402517
310709 70126
322484 384972
171480 129698
364522 494104
559425 69618
432243 39475
741932 246140
270711 563381
355536 771037
394523 273958
724163 488272
222439 253307
360135 164626
669781 205779
673598 343322
239883 285657
362450 431859
88538 602476
474033 710555
545847 696587
610763 486754
594496 651603
323138 487105
79089 199443
472438 165450
581096 440024
580511 18721
512292 214695
774971 536776
388128 509402
701981 428442
667016 166578
305630 377259
317261 578439
193854 376637
666937 476641
491856 395177
406142 330338
533732 9303
528541 598131
397572 103418
260788 589254
157577 234242
505558 367459
199305 673483
350676 45118
180914 499058
620426 212463
450269 103688
256826 570594
602290 632719
307283 178404
516486 539397
214304 521464
403686 36206
523465 58022
227193 371498
431800 137773
145844 197184
610570 357340
243949 576664
487052 423010
663064 275643
238625 187549
629001 376585
62597 530181
469772 25235
394404 261402
523294 287474
140229 470541
349030 252911
426022 536427
518590 32127
735476 603847
641085 394003
120973 634936
444878 8484
254430 282011
527147 437841
296604 636007
355950 255458
414284 8370
421703 103106
700592 320483
762262 496117
125475 460941
407103 490419
306881 452835
409140 540399
557778 412186
96687 578654
720750 700829
49889 445321
228847 258295
81469 62474
706050 59238
467671 391153
147165 472601
285647 196077
164004 308820
413960 719222
439561 598546
475515 227454
688653 645241
707755 74522
445495 511598
358016 439038
622014 8938
92521 505284
646792 29962
620856 83323
435221 69691
565967 297782
295456 295496
476514 768859
132115 282088
731101 661710
679488 539968
203693 602031
370558 462105
421328 253321
550388 612394
275660 20669
745820 161761
200661 323716
149590 455170
27234 114373
470234 55381
16903 359753
451701 733770
790052 133924
496690 247070
352639 237966
72336 52774
209442 4215
134302 446608
732728 148819
127902 594644
361559 239990
397373 88402
349605 561304
179448 307184
741644 462204
456771 504710
689610 291347
803093 511438
173233 360184
405257 309979
532359 255698
517163 203749
175153 426010
217854 210298
649903 327223
556715 205765
411287 469433
56741 151411
120084 263256
223719 452569
630891 502460
694798 143500
279172 95070
602568 172813
98178 51916
54574 437122
523680 730386
607365 103526
680463 495513
369116 630465
379531 427193
286757 227385
498076 592199
468928 409009
384374 488216
594578 73567
363699 460625
645856 298147
91454 575531
583194 437974
339106 430345
465366 59366
723281 186513
788090 467345
598855 39005
383941 228553
138816 739022
122703 184676
347272 409963
395800 278533
611774 579206
11927 617701
708410 427271
580903 321907
211666 140337
499911 170761
517693 262581
43872 220936
292474 531409
315658 147344
55551 270551
765150 609572
725152 415635
445286 720826
460240 149279
540681 355600
195274 161563
724142 457152
255986 638977
528339 146893
630495 745247
429044 639671
566701 4950
231655 203769
348228 619598
15690 189667
641302 622541
172967 35485
24541 252462
223887 726014
591935 352246
476544 460563
778241 603740
478143 373306
233975 280916
613819 715658
560952 563441
56480 344332
361735 192342
186374 151389
123157 530202
376707 181767
198047 175414
80231 364736
68493 625385
615151 612548
178643 185108
573911 415909
419557 449265
668899 54534
585328 300655
154603 429175
732252 88413
611699 498872
26199 329797
677357 772505
189556 138514
601149 477525
269782 10033
232116 325989
538524 515100
217968 324715
352049 51916
516796 149884
618025 582821
68559 290231
164408 415561
562513 747877
408180 373220
234126 516159
694066 151019
510055 37583
399057 109506
477831 578135
468186 96844
28346 462454
427199 160286
612136 379945
571111 60696
63103 166187
505538 732823
500880 339593
311182 61318
349149 223361
339303 61793
231496 449781
421978 366317
510097 508036
595715 85074
491373 192481
792644 287527
600922 310035
518085 516788
504363 710054
349775 53098
627524 770153
679705 320833
549343 608973
205303 102722
157384 675017
700631 389552
363084 395478
263657 442438
430292 507979
346279 401447
288782 390611
373769 250367
180575 404493
512042 559498
117865 255261
387777 53313
648836 765095
222047 772450
358731 59401
541786 298266
477690 452607
236985 374319
623237 375993
255480 449116
575076 457017
694514 633517
449395 130523
127206 359992
332894 568251
178478 269580
692124 293584
782854 608718
530723 100846
495614 688591
589714 363273
410024 288935
344431 69499
184978 491692
122906 572290
596499 525137
187009 715453
744566 220160
201547 265312
482767 87368
263388 546151
236478 337545
705113 285527
291154 214867
416271 287569
111394 43615
505368 189668
4686 458934
760170 226105
449287 80104
773741 717755
13521 170939
700787 201906
426146 632752
70172 105677
537405 330697
582573 738869
260673 611236
134379 187836
135492 577196
67905 433111
744342 417620
586882 513116
364526 475888
484814 652043
552533 525621
276084 202922
377313 552387
766020 380661
761059 716964
204325 239625
322802 428611
352522 679888
117911 553597
75421 166065
481988 365588
546661 480741
274795 472727
273488 531418
405249 184502
210748 424787
400536 675392
679578 211206
325438 563253
144873 35739
487898 37393
60102 239279
131523 711403
407586 176209
476409 147939
485251 378329
673597 6345
24651 120913
647131 185881
3554 258559
283896 754642
5692 385829
566379 189183
369311 91341
421818 279900
477337 668028
280129 626710
401378 263160
152037 264730
389481 509577
357771 650697
225047 209856
480711 398661
118825 491578
696262 374224
330560 724065
77177 338163
726850 475499
313121 123938
456619 240880
689595 710559
673816 191896
655228 716423
703988 394072
624961 602722
6278 455194
647836 315037
452625 40652
357453 133550
244529 113361
457008 278552
747448 248058
192399 531827
732517 281776
589991 120504
464348 457984
460151 213520
221646 324126
411660 604681
162237 750529
127666 754085
66371 563525
213786 694745
157666 346803
457879 335912
594884 509716
361090 511845
646751 302201
599480 463743
548161 189039
446530 421493
310855 318516
269609 499292
291158 721339
711417 343430
704023 495878
487807 62860
607873 513579
203856 478858
745547 460228
255256 666980
353169 225306
323483 651759
361756 243520
735645 481649
222503 640354
11889 544795
244427 344477
389524 518734
568885 55024
595486 393221
320888 252359
227634 136762
765883 214917
716887 423861
430757 720426
205202 98522
323754 137199
747441 693989
528217 406076
353824 479921
418893 573891
70974 726909
537457 689842
153498 546467
492831 200170
349121 289291
483804 235717
309555 18806
233308 165063
273043 476944
554158 332501
528204 135850
408180 238959
745703 438250
150179 161637
307797 399390
764883 152803
114644 346818
350525 122359
101339 202788
549991 559933
292143 94300
163584 527644
524109 336308
113686 661017
83917 663094
115447 462885
267897 695351
160039 210840
106414 421312
281320 347111
8422 134469
617821 306424
518231 64823
767270 197464
663222 589246
171516 456698
96357 183391
1631 527677
293428 371574
193483 318577
473107 323121
425022 534053
784377 359328
323545 532194
303327 338644
189134 496017
439778 518917
293979 324330
170024 447661
170448 260063
411419 624239
539260 313256
729331 84781
337307 53130
421411 473533
188551 260798
776118 458409
293924 624394
705069 175651
440094 498996
30742 234911
406479 512150
372102 324076
698270 59790
609043 310579
215152 609272
681018 279960
120360 463940
331843 647637
548722 712768
166228 706973
636902 81121
677503 493524
758414 335033
546155 172167
237218 221774
604238 573822
49517 623638
434211 647330
283506 482044
287888 529169
770929 449262
676568 224051
323723 283413
134128 225389
623866 498425
721530 421842
373832 515385
279900 98205
398367 252027
442098 437178
169510 95099
199362 161413
454204 367298
48447 588925
125981 470845
553216 714642
271083 67046
659934 748189
325166 298432
341729 670049
612986 289806
700660 771542
681301 700643
790932 747377
477519 329717
388456 754283
117049 74963
89171 255487
163179 744426
350350 577527
684152 567017
365062 71756
743123 479943
445232 206616
401783 642426
455278 590992
137713 604170
208711 598116
578210 557744
545524 15387
124539 476727
637102 378997
807428 580261
57782 205009
163880 212032
212550 248220
411719 178635
96818 556937
508365 185730
320156 425228
403767 125319
223054 714658
379387 458551
372957 265517
62394 200884
301898 616215
621811 560305
712321 194813
250678 462450
549473 64628
237530 228154
543489 355777
427793 428020
405928 389370
577154 636175
568027 578069
62294 22232
509389 118901
609367 527351
456294 460594
396314 257873
376657 246650
431342 767326
362486 57318
528941 163157
504770 110438
532496 205685
343750 273932
686859 624223
541156 421418
800357 651589
386163 158675
220582 255651
705729 146502
431187 64039
505812 228507
258480 575968
386112 325085
267585 133973
479906 667959
741608 655123
163319 508805
348765 228388
725006 453501
332263 331301
262654 195110
33366 498446
679604 407813
130114 573239
308704 573856
539344 753335
499351 762308
73568 526379
601199 368392
455867 401494
710979 203892
678423 300903
521718 491032
725993 727787
346995 260187
383699 244201
274508 195114
165618 506629
176350 728345
373313 639632
221639 26364
797758 221143
122541 618769
557755 215527
551599 480369
397577 85026
370834 241631
413416 732644
335670 104625
682643 452545
197462 56203
592831 146261
770747 394377
664972 318402
543051 430523
319470 178442
263086 507077
310359 497493
327235 292048
800952 462887
602017 683982
414530 540472
60550 460248
413881 261171
639731 479642
562733 127242
431362 398461
186377 251145
631717 642777
177697 22613
556696 373126
716346 529738
753744 477623
455942 294658
568479 348261
536154 470444
301790 413078
484251 179465
760504 348654
694024 490629
223885 755995
597143 681579
45726 236974
702079 193175
226491 112228
541196 148623
257690 466953
354732 585028
327399 300823
243326 437607
359115 409864
497626 158902
147379 482952
149956 390323
228457 6920
43444 556434
490204 413728
215138 406387
547216 571181
235886 380991
603174 171742
623421 521687
406522 532563
601838 661335
349450 231727
444864 220949
420895 347888
211891 769186
342821 420033
419331 330524
769624 93358
297506 24850
241341 525252
181261 238427
167314 455105
326269 236349
565087 524519
626127 171968
814019 596316
73254 623033
175971 240735
662856 560126
291202 279613
399597 245525
350714 479413
371896 732765
649254 64703
169162 46897
566130 599198
602126 139947
316263 601123
621100 269548
21767 292670
433711 318542
18505 369554
424866 178817
590272 690766
528643 274499
292458 119685
56692 189394
798410 606826
661163 67076
1498 414494
618965 415421
226932 235950
630544 83238
661207 437927
76372 158037
365535 327300
465254 626688
89038 257980
427058 557066
352566 582412
287104 717786
373944 16561
76556 282333
802967 344905
233299 351506
141642 550499
428178 259723
3015 547690
366187 358117
529245 240050
289479 452673
530520 648091
768869 295362
104550 636828
485574 480045
403866 680182
29156 181246
814057 314977
151742 499292
451673 459899
541901 301408
345100 417365
330437 171986
630370 197920
271670 8820
555170 482689
429224 739866
247637 283636
560389 746467
71889 482557
461453 240464
329047 766045
708014 11334
252995 411368
344834 171758
321323 70555
222837 32854
507421 586113
434354 748336
452859 218846
537981 420161
570235 126773
233516 410945
520422 276005
305311 591352
325784 303238
703246 546398
580363 118866
5685 415164
84070 146210
166037 258199
318662 438179
489380 669035
566399 369849
576548 72788
430469 219163
296019 277357
721086 507672
644051 378139
226328 666884
38428 351020
219664 432533
322301 269895
125925 177346
647555 520895
380854 278372
585101 496540
531601 592305
709932 215198
256800 285723
374122 401698
311022 435358
328607 383313
166315 672807
348995 391144
767013 143193
188146 607816
104018 225096
234598 625776
642424 276646
275229 176902
472637 228391
255526 34461
100091 372897
199598 122427
154028 364595
43549 393305
260709 353816
459730 566596
250066 442211
383364 302925
621013 488322
454664 611378
742315 306591
325710 496823
291290 391019
373323 405220
688770 356522
249136 431444
731314 467066
482135 700870
312072 155575
530899 93301
767271 292138
657876 483069
408997 231079
418302 682628
216984 457610
479117 75119
285547 176292
536232 391951
737248 464886
568635 357803
165782 233258
784536 193780
611896 236080
512490 717802
376391 115069
544947 331304
676965 217115
353438 385026
641875 453080
592698 356876
56267 567502
289328 474545
702171 188254
553855 389912
328937 3686
264562 390541
118073 97271
591125 487465
295855 88528
667032 290643
78838 129611
337735 500802
73484 465086
136432 631678
242542 686170
310771 197374
103269 231869
462205 582300
88501 429490
611049 363864
469102 385870
291250 288221
352019 670240
134405 568731
435553 81891
668239 28779
611302 496356
349804 251761
715553 433261
512186 510411
279264 564262
459300 423964
463056 742533
802618 90251
173079 423627
186178 326063
564387 644958
434665 705173
593293 362728
752901 544499
430029 353935
120093 657825
174367 461292
385820 165288
286996 671365
654062 532439
661436 633408
564164 154515
567289 338891
273560 55986
723659 471059
360525 593676
656162 582518
637869 133103
87698 494845
73614 668483
301535 740749
413559 210303
793506 453731
107870 28243
505447 372821
499580 77621
627267 655340
739316 365234
744431 263994
622581 509010
496431 619017
291301 236259
733970 297106
279503 128423
658052 312166
356416 536127
368000 176331
116614 380807
69850 342626
19583 601172
419412 701265
537169 429005
561554 146740
285640 56330
175810 618619
715623 602716
618043 316122
138719 180119
537761 243322
279283 190734
735266 672084
420559 503028
299596 494451
464265 628300
415947 152872
450215 509584
126746 401792
36161 689023
533284 386354
87834 515805
530452 434517
314266 431258
4083 345990
320073 403732
321651 631414
226438 307545
528415 167424
563197 50935
571112 702383
548143 180807
74131 637246
415504 716518
529076 541314
422821 370966
350121 739612
758843 705770
607801 251285
647599 331027
250895 555431
399073 529344
481182 505202
765972 601589
279697 292517
445558 624087
369607 451228
292750 544623
196643 242950
83345 340293
451511 742808
485552 372867
268400 247849
282566 602001
721389 320311
614510 402184
120664 298580
170315 333947
4685 527445
341402 32533
194838 184114
557617 652991
626165 479691
189542 414159
272662 563783
408564 164056
265520 688025
204038 597924
463292 685766
477177 517805
230353 84133
519149 258674
740860 506294
649746 406069
498022 249739
609944 737343
344134 328997
786919 474225
506730 143083
525237 29186
603091 692388
765597 672581
192847 751790
241750 318776
642369 403844
114378 131593
505152 60796
413433 75397
678411 339236
310696 155364
676732 357019
590512 592387
473004 472112
156561 730154
383659 730023
662808 157942
606006 479288
665375 568802
137614 414272
595150 421365
6746 530640
555438 418758
552534 447993
158568 442575
288885 46496
522638 664626
360320 416661
200129 247855
427879 496774
762453 535726
497435 372183
659893 220761
2442 494676
694127 105623
689362 490744
242283 630852
180446 645685
62375 725682
45017 62217
171554 438661
497410 760649
349838 262809
299186 340143
213143 751826
91129 552390
667227 336453
251151 615218
651726 183871
160757 315107
102409 366916
735105 250712
746026 236072
283093 31780
511163 448094
559270 513537
447025 440696
456507 475919
498091 399894
150369 193369
236323 551800
750246 363856
80561 651320
322448 222461
342540 501203
320891 216679
716371 138017
316751 179661
448412 130307
398181 580354
74401 153556
81936 509269
67427 105739
240426 68757
52621 752770
540586 486327
452289 328074
129892 678961
102794 569459
386062 412438
561612 364309
278221 208399
421842 232203
650762 766690
306915 487187
102316 291081
592632 545318
542874 437843
246701 731422
151046 99119
604690 363914
218850 438077
718402 259316
670193 394270
693170 658539
320047 591643
402915 487953
593381 602817
78984 330591
228168 87809
607682 546274
93610 731880
465694 199649
546696 504081
134811 611451
426674 193046
518417 770150
97584 738196
407485 654629
181113 506923
312221 335972
492473 348108
735060 16438
268037 702715
463601 610332
562989 315779
158105 383519
399501 359274
105617 763207
732649 449750
723971 51925
33493 637851
525050 121239
248649 356609
502376 672744
259972 361396
351998 390667
495797 641911
24329 291535
701086 673227
596403 396614
389784 136054
115782 634780
379374 504118
5552 337138
374090 512872
575930 445034
709959 413808
266959 54225
146300 740796
743561 498000
724455 251219
15490 574944
483210 646266
301781 711224
139454 545640
499235 293638
409340 62439
441425 577943
792785 505206
383992 584566
665449 567385
376682 539955
212871 363231
480958 59272
480211 517309
266143 70072
288392 463236
328837 614813
393478 264291
306766 349831
150254 763312
623681 524423
404784 7043
44140 698341
326609 468026
549239 721944
148556 54830
648427 371436
167428 612351
633921 28621
246120 244101
567014 315278
614808 563216
248886 681292
712201 662187
582934 248570
596165 457591
715437 577076
233128 730030
271778 346624
505292 489404
693225 12726
151915 296562
213676 693973
381395 354073
348922 350451
516036 213918
447904 390614
536394 408169
258037 609528
592846 242238
67126 327407
606615 668848
798967 190256
216301 744213
348506 691975
120144 376492
258807 705423
397702 644682
427975 286450
532689 383892
32193 723474
350253 716654
562633 159212
558730 466579
252886 232892
605545 292629
550974 28893
516620 730365
489470 326842
377658 369215
150265 465753
599579 442190
276666 347820
502687 108914
443474 521381
381481 613530
328229 269950
229849 603154
554567 527774
114109 691474
725556 627280
767118 95014
409310 628766
467533 590013
238820 348808
720749 406249
262285 89769
279478 93100
219592 160891
682006 164512
120555 265606
356313 682184
366916 352958
788628 634381
303022 6736
167927 40919
307606 609855
258154 148769
45952 82047
132954 101982
230943 104288
706715 236519
695672 372937
417940 740989
492235 438394
481780 211003
270848 181176
332752 372259
383891 329758
712373 710379
137736 639293
79908 496866
640449 519415
297636 566084
458419 657102
550338 343776
398335 609889
621058 420454
451977 186750
321484 99638
473764 66417
588800 109205
431980 113922
725133 542144
733054 396366
791386 648013
662820 301240
659425 713691
424640 119235
451192 370329
411746 275436
57880 141174
711072 378870
372206 429154
150720 105062
596395 495335
390486 134711
526512 539851
107228 58568
561227 125795
798732 222654
337620 292088
164604 395911
110881 444631
187443 132988
528095 227811
714453 336112
794073 105152
358746 297499
116208 320256
350257 339222
643399 536343
397717 156401
220018 310035
82930 373575
431469 284758
32983 436582
583529 296474
74570 433575
250523 679601
390337 262448
44203 536501
578822 421650
268008 223841
47743 716058
711250 704977
376406 396428
200738 257449
312808 84299
404517 525567
777782 619836
659397 156002
439400 631885
648183 496827
216818 209816
667302 120892
560986 229480
649768 627411
110562 761367
300903 439533
563208 542105
638243 606841
503011 655590
374175 431270
116734 432205
588123 671536
94331 549033
558183 549613
432412 375062
747647 314467
372825 400161
113225 448212
430011 529803
183610 769524
101005 236864
523940 371798
116960 620210
579496 73883
57377 324467
116921 94858
406876 549801
779086 427695
50832 471224
457456 434119
349388 139552
573351 285562
428563 427421
190153 439072
577339 693998
447744 136718
332998 198612
138119 18381
466175 496963
442680 271491
439086 252616
114441 458509
488316 326412
685264 637903
310596 523707
556850 175225
707143 289350
188232 306880
320873 112095
135914 61560
544267 270841
142682 180011
324382 276595
78674 384916
614330 644588
705869 730619
529946 256127
158961 72270
621365 65820
12308 630738
710252 131781
92822 507501
612766 299280
695738 379279
515916 419069
510566 709840
301960 610007
431655 367971
107705 187931
129298 9960
689758 79743
490153 203890
353661 619629
465172 232212
13101 426512
720515 587974
52104 395575
75223 493670
362073 328586
48881 594465
450827 283622
714881 488077
465018 293836
626361 339350
765974 616781
529990 396036
356838 300263
89382 387917
60508 215015
434008 190751
557450 481247
309747 450758
660270 383220
643870 161815
127340 318958
321179 390274
804839 175566
398087 429978
235596 253945
260026 261998
307416 20085
670155 290644
795892 442435
613956 483165
809656 358238
377895 204839
649051 590828
796892 517500
59840 348073
785961 501885
554749 716874
137826 582055
71924 173055
121640 309617
499352 404228
262186 166639
416106 432609
377280 512316
394578 649802
583060 237137
367303 140906
202353 117067
234910 463416
299645 89311
151027 657990
392960 680231
173831 207560
455882 714319
283115 395474
124495 133100
444175 515024
592893 352290
