727367 980100 1583
161999 680297
365625 232690
506699 353374
242809 383098
669612 328053
97641 678012
96373 247095
333878 642129
647311 945617
676106 381147
640241 536048
379352 744032
598708 857408
413709 485904
387230 415170
438727 396209
302415 446994
192012 772840
114559 795137
260579 600594
75249 422042
238296 520015
118772 111420
636890 656395
288963 323140
268685 684081
59294 873996
379664 510399
364976 373753
225768 647449
173987 746107
654394 353779
544788 474335
411207 137150
598831 596264
203771 700580
327293 81322
109599 349377
199198 594357
188495 256801
529996 572070
421497 568785
67035 341399
183764 643676
674600 448557
165162 557314
660865 654922
138959 495378
389114 51028
378810 472138
554276 723965
74807 426970
474582 278416
536511 899531
464017 184734
567452 666485
663607 665092
291831 284118
2340 610180
293669 409835
237566 509729
19833 738121
396492 327687
63125 490663
107278 663604
691610 311690
577521 868727
343324 292700
346020 917784
343411 460530
350022 288777
219168 259155
249730 756924
50664 611159
83326 222245
314183 779470
330601 786523
279466 922657
135454 464309
592961 810113
353201 252746
667345 368867
381164 850522
408508 677339
579347 41441
424444 373489
387851 223852
418104 554059
552576 389369
161197 416912
263568 580962
36685 737325
633148 148870
446241 383067
422419 714540
573660 236616
124028 870059
538694 590942
450832 404300
557000 927689
328778 205145
346852 575757
531828 562421
411186 175610
17972 252776
623359 667367
427673 689761
624491 237836
305567 466356
14774 316437
575975 403707
690048 255134
505547 391835
188751 571995
93746 782101
182139 701979
276044 620857
90654 773487
279757 477917
180990 11778
502354 638640
480370 519028
393962 53838
323941 469992
121285 392062
393275 511911
186549 684243
169640 692236
447352 524248
679767 634808
38828 503408
314721 643795
297793 10072
249556 380674
352196 528182
220887 242475
658159 870786
390509 627166
187693 411417
524064 390918
568212 327527
642612 600026
95641 212089
202293 748239
221322 495771
492890 270697
268531 592267
244660 806567
365830 299944
566964 252906
102727 431937
357676 787933
694282 737486
322294 346454
532627 565018
540053 156433
379911 923080
686111 537503
274274 334190
226869 532197
424658 289720
502212 776680
682172 275309
199231 889105
198828 211954
514640 555808
344805 336386
566166 95972
288095 550022
696814 578016
358314 833963
433971 389149
591146 5443
477653 647371
655251 553864
549348 97661
344730 339813
402947 604030
616043 912421
343730 527498
384862 804656
105478 879916
124496 747052
550442 668429
544732 614834
279345 197050
130694 733087
432584 417679
128239 645503
356324 310003
270785 970529
432937 490305
401492 769293
390542 218833
663944 123759
227482 718908
253645 756942
473932 351757
393262 354708
148412 204955
314216 544327
445434 636192
103905 520747
523287 589898
547714 513219
245941 300076
411450 611134
139235 593682
329264 154125
602176 534775
355286 748971
498780 179120
173425 201113
345614 20018
183646 401840
542508 355266
81314 351487
376666 705544
441663 439256
301410 808759
282873 565176
204170 527215
213895 635066
368426 109411
443412 422208
361921 150351
473139 693848
443037 875326
255884 956309
376664 328895
518980 510911
15643 393684
80876 351307
705031 419441
535248 360076
507119 682176
372181 218641
202612 517185
121764 588564
527980 293001
135991 284982
287484 540191
349303 261687
566119 327249
601622 454532
307688 400722
481352 819429
443552 614976
490922 582629
520451 472216
285005 326573
615778 512454
191139 639112
291686 668801
293542 515134
111938 943034
437276 293363
506745 310458
196793 154210
252045 638595
240639 460427
420328 146540
427981 349122
455868 223156
568272 571361
625387 669482
503082 719413
547979 241032
559418 476922
388373 702196
145135 632038
196242 384456
229522 866658
437589 213109
659836 595941
138967 38807
574886 834178
542925 756333
602047 269597
164716 553106
396896 451227
119494 773447
242115 73519
180795 412506
190388 104350
618732 649438
2795 344178
57510 640051
632388 393363
66664 266861
38582 343941
467479 249579
467766 102626
623926 138375
117529 463504
366963 92128
720936 378749
696411 700492
722022 819170
574866 310507
5943 523822
436206 563217
620600 213928
548474 200726
376509 596275
436863 21596
447123 251246
20704 876529
445677 403818
298941 717194
473340 766500
357447 466734
120191 551612
254140 529339
108209 130512
643221 230945
90021 881789
290706 810017
531714 148839
540468 636461
428733 452029
251789 349597
668771 747123
137657 425669
83813 449447
49400 338942
284159 545137
149185 417305
216860 669965
427105 581272
534579 534086
115839 477918
261161 617939
689816 797636
524602 485171
418850 526310
662448 463673
234725 156614
389637 499751
7361 467830
642019 873844
57244 356136
156048 240132
484553 457340
654830 626859
490025 620033
257440 379909
387392 6558
100676 363807
294068 842831
707393 531893
513881 384577
127281 564858
190712 543329
351648 387620
460703 290087
163777 386782
695623 590514
266692 255817
484863 366756
600 359340
255578 500717
487185 797671
660976 364473
500185 204522
10967 150584
354943 710845
67314 362383
573607 769041
698389 222797
68168 746248
159656 954320
478750 428809
87842 345459
252042 885113
242753 657516
515872 772701
393516 638770
141977 471475
533261 860627
182032 410672
423548 685132
265774 602489
280457 447793
357161 638034
481767 392884
150861 731529
79834 470963
395902 574534
561534 125883
580810 190275
202702 701825
670290 384363
173766 477420
156014 512474
211034 677144
452486 616029
519357 882053
85722 485512
564838 647380
668050 231757
419231 817870
544527 863027
381172 377047
430502 116699
568773 116702
555088 373761
530598 499272
701633 227889
462781 962480
290430 267716
660367 628994
597241 488038
605006 437109
608273 702241
637290 566724
214127 175092
669133 724185
664195 204584
463730 344549
84192 817257
625042 81657
574334 613516
323388 731824
573930 307084
714644 213947
65986 454293
55891 878314
553579 166499
312124 929815
446736 596633
35828 459110
454331 755102
492731 317799
163265 146678
181281 815104
663946 709993
37567 830755
172351 680940
692380 684967
375822 115507
562678 752256
588866 252837
226158 802486
584909 299927
170837 419193
30060 144077
484939 623208
236143 380672
178354 449753
618164 473053
485955 615472
186450 54976
33750 230620
289808 422486
113038 426670
478287 662117
455999 877195
161943 268970
344441 722692
146250 639633
289708 355940
532786 689250
276482 494553
183264 834886
471720 259198
332556 617427
723708 695513
303182 706289
268936 592266
704888 486516
701070 244896
157448 349531
567323 408863
535690 180823
138127 492894
254795 351618
301366 480864
209631 897632
566416 929674
286492 236627
218663 20674
383733 949109
139260 35654
510642 781343
484040 356013
388985 487327
565592 728848
616777 635650
476743 239605
291377 362338
585855 784300
266720 757586
319506 46489
381585 522200
332311 294899
517412 298919
228872 850142
203585 689342
468289 670517
291537 797861
122146 112943
439978 663777
279789 722359
197193 26996
538007 263189
602750 341081
357406 663984
310765 689769
678051 761674
492386 364986
353566 935764
374345 705148
237822 629607
608967 407012
59230 719854
69668 816811
178122 470279
470722 685070
715427 201412
110480 626181
684551 880556
205482 903486
564496 681647
331785 582625
432891 640296
726542 311482
34378 464794
381780 580278
695763 535405
526580 97385
198255 43599
368964 442359
186075 603786
473992 845378
169707 597629
293968 803262
154564 829690
706765 202383
281112 327114
718344 448991
556426 889543
55690 673944
617195 350579
386151 374768
194120 937388
649753 472039
316838 152996
537021 707763
652024 418753
286148 37998
609037 240499
312232 78708
684550 403216
367219 595455
190493 313657
94846 247672
97936 170912
112361 46311
645612 859515
62876 631988
667034 139421
550346 253095
530613 670824
167029 946050
260347 359440
142189 196015
103791 186251
322670 672728
518405 213039
226960 807250
450725 345498
456708 585539
582044 469913
155458 733609
269678 753254
537577 107705
404315 432320
482219 450572
71308 535911
132358 842943
580768 702255
126263 760428
568060 180494
117992 348483
696735 94005
550029 592386
691053 550314
167346 701103
5814 712202
691181 170181
606321 494223
500329 734786
135851 388714
82716 127983
218054 786088
276260 776137
153716 887103
110600 126261
211777 551253
603337 870263
250297 162853
532439 153363
288512 303258
82885 302668
193592 767253
360680 325612
562461 572337
164186 931621
607559 390113
706342 413843
391119 386216
649978 508874
315096 496154
671629 415357
291256 846916
231242 792035
330750 697658
605295 399419
163047 262462
420976 865383
173738 774574
443422 117536
465032 447572
212354 841026
451957 806357
441931 583087
388068 200558
126503 815246
365758 351812
595817 795983
42170 883528
543191 162602
232238 470516
320682 400709
209827 656992
67800 539900
91266 515074
496382 115531
134654 208628
283204 570151
496882 388300
518004 200620
588374 785772
68820 199860
139762 463980
320194 331893
677292 564707
275157 312948
334161 656997
719108 185196
706929 589093
193204 848211
623883 241459
617237 542080
301482 264511
451123 443521
373713 392639
263616 602927
509799 669767
439153 455468
512840 133544
714404 476794
296217 684482
169993 116595
128434 108995
105591 577299
214263 252176
66411 313750
605321 835274
320786 350924
597443 494878
367542 493830
166404 826579
505954 247773
401645 379394
684393 718991
392322 354462
497494 85953
226406 682500
157666 505546
669244 803877
90580 324168
711916 516524
94214 556744
301815 242098
20520 207617
157436 327197
321284 500358
472900 316459
328678 277013
548835 532589
441437 637959
677339 685936
284839 169326
390490 408017
161701 607634
484402 557411
225333 121811
584383 561440
369909 275794
452808 495759
16379 266135
712364 753616
449313 807201
355226 59112
233993 834901
336424 90026
251842 327339
614217 272874
396054 624753
436045 358124
614378 574327
602604 743944
415305 368415
230217 415458
324990 474985
404241 546008
29843 663489
67908 692919
541332 79705
86079 372694
393088 545720
110578 418138
388262 653865
373421 701034
556790 619535
489274 730707
64496 775844
408976 799092
657781 157661
380211 56288
36427 746710
181704 751819
619277 540193
196607 74676
233353 771369
530293 968642
412459 467032
723190 299199
136104 388789
638209 327909
278584 322065
374971 669711
89375 562431
322039 643563
53982 144318
382488 644413
32072 829886
515931 29132
340992 788241
110673 590753
538227 697696
200923 328120
341071 895596
144056 507690
549623 754323
580043 641104
431958 99968
173976 305234
319307 85227
42194 398386
133842 658187
113988 299435
444759 801045
384187 83364
177347 380676
292198 188781
304202 641002
186872 556422
429440 469150
439037 406476
539799 488648
242234 449394
541409 511122
368259 334405
392491 321669
696398 686226
504479 736519
310022 889379
278480 827912
592374 182142
185241 476290
591325 131517
121560 326522
130226 717060
287476 542170
581519 395509
361128 192382
513106 570820
384733 461877
630774 138156
133998 227340
295141 710776
75939 517507
453687 478201
269246 421683
154663 336494
465760 154732
651830 946798
709007 302651
530228 582990
433056 516924
387848 828818
702202 151793
497160 475568
347556 186491
676600 564044
139093 306410
634789 43682
71226 193517
286040 652722
187177 169422
649524 128258
7308 954780
64839 445450
214289 664027
316624 482588
122491 617486
212498 276341
151087 503580
252095 389718
493591 577016
168164 355501
393727 822148
405083 744428
274291 256912
129640 496292
571154 351631
616832 776820
125743 869138
317730 331250
521284 743936
370534 501063
582911 12037
454534 552410
336060 630667
235620 740631
413230 646238
305149 396728
355869 43143
112798 163238
68045 735123
659674 522613
9980 379679
389025 385942
192468 420658
386169 589754
471848 425472
412544 2287
475908 455890
237141 810982
655317 334289
242099 594414
82582 503784
683357 630572
540526 248999
73778 857312
76055 593769
557121 265574
294364 906009
193735 422536
258902 766523
188574 17252
259222 557753
206200 257750
287534 845642
686997 270665
57660 647165
98931 659484
627855 564065
422766 855966
200989 439453
192133 730388
301436 574470
258488 548276
634338 337012
386003 848691
190843 294590
28902 312525
707522 488588
253531 338969
493495 221004
599628 503550
174131 475599
440320 269628
95707 134479
516285 759547
47896 562765
430217 411293
186882 582061
638216 582156
432245 64671
602065 878464
402883 343146
451594 535513
454171 454225
166040 911683
438802 423143
55640 121367
233858 332280
543358 379598
648739 735268
587861 6883
288056 717255
475127 485224
394589 826256
9521 660403
178924 431946
14495 319378
272948 640451
284301 408800
470667 346249
93003 844266
488624 560269
511169 521740
693889 253746
114573 161149
442931 546460
174643 204305
197035 452407
173567 503977
644346 169524
417700 265816
419436 343453
335137 202551
532755 378882
297703 495954
141321 19202
367453 248906
376254 57174
656014 530140
275714 754981
408980 421367
374877 25285
370637 566834
663100 216602
178477 275866
626144 783287
598326 55573
333628 618356
344299 802638
6993 480343
174783 615276
636174 564964
246624 612709
355772 155255
500869 635492
496946 416756
652170 120739
174933 309146
193966 13143
159872 666180
118484 679697
78710 403816
420087 667052
524868 168727
297373 79012
324199 325234
310688 321506
328048 579175
28442 467369
707050 243446
138097 236619
271312 210358
340208 593774
669892 401020
149070 571501
637853 627553
254999 593845
150836 266744
258556 799334
176834 892963
507321 246405
118611 658224
99492 962746
414175 375924
323694 595960
278450 37369
305915 611782
718979 191607
199520 351000
42393 244889
68715 888373
352711 303885
195180 421070
206797 72713
619709 333775
639648 626546
239836 605362
174754 859774
15720 304800
620002 546613
383453 475618
226415 82414
192300 754812
341926 365621
218628 196981
26455 482484
148360 441898
438529 192410
190370 367066
222946 661996
390959 463739
585274 892202
382424 463889
484283 247852
502031 770038
650481 814692
562576 861332
502920 764461
432953 737657
255682 288103
481016 484268
7543 363885
342348 44439
44699 811686
350299 546821
493299 349241
429108 286812
311686 801207
5742 237140
262617 345062
416809 559010
441471 853183
143924 950981
317743 744401
251694 608960
720779 515811
372307 264789
392700 569189
332996 23725
551542 720988
611878 607486
683328 299736
366583 841035
364118 172583
466463 400948
537001 768754
249868 166594
213935 339320
327182 323640
20744 520417
97161 227095
172908 132649
72643 462257
259431 961079
273443 435446
420990 431340
498846 688568
314154 148663
559770 730633
536228 171710
391980 48836
457593 391853
500638 818754
553467 553875
186627 671154
206920 249919
546914 218844
185473 727303
84062 426969
618435 340909
76312 244931
386897 223368
698308 347402
90641 167894
576189 254824
446344 381536
425712 362759
384607 397308
382945 880420
88428 397995
178740 276747
504747 572705
539940 344791
73018 338643
469317 380783
579341 328064
170709 343038
323804 372239
393716 279895
208462 389371
593620 785133
227306 747846
59287 242428
159144 463962
492206 802668
251861 212193
693283 855743
442577 467630
363539 925838
251537 464657
554750 431290
248168 436494
431131 804020
218374 111109
395376 417629
218148 732491
356034 479583
641360 872894
265032 174874
342304 182283
672888 602097
566593 100208
204149 725858
244668 413590
159896 580570
707041 361723
590707 167859
164516 314717
466667 528818
514235 369905
128978 628158
512320 633297
594895 315042
576551 574924
234885 297159
406192 98058
674930 307938
631524 615962
658249 599095
276563 289801
584672 79077
393940 265408
183664 528730
520786 537677
566554 275543
272603 695471
271157 385913
402549 71298
375441 508663
250314 762538
350368 612476
310529 545276
687363 463170
78683 443527
483097 443406
407967 655760
386059 455333
85594 274091
436329 440258
356431 723255
573005 663166
564451 277398
658267 468387
715543 265371
158959 736971
628170 318116
415626 213552
565619 251249
470237 805969
138413 845238
192311 48072
184386 140727
171775 540151
419985 814915
98115 171970
434380 603444
301235 909938
113262 321498
201061 733553
99694 340297
68714 351877
586860 326322
415979 419352
373955 469130
195076 461178
4361 345180
554380 590272
237845 534991
225866 680251
515452 781696
294390 661990
447492 848567
263989 800962
226166 191566
182094 634689
165213 753587
442087 528287
7999 304781
363869 319497
426704 572333
189429 820295
627932 310869
514801 823009
463000 331589
694243 588471
301236 834751
59880 269444
594039 311107
87921 193387
274202 341619
343025 521691
532395 199140
612929 780021
262121 203406
160553 724980
445982 374487
251866 347506
183167 425059
256509 36511
684626 522189
616894 863129
155680 474831
18028 482198
276334 519499
697404 284693
441130 804382
625849 371136
526951 751904
80954 127014
222923 368906
459005 503593
386485 953656
683199 448035
571744 551751
154714 393787
107154 533073
266159 141032
24958 416316
119094 238738
357591 81832
92151 144309
348193 708954
516370 613081
383710 461838
305561 333731
139853 807624
67878 586153
403299 531367
135634 590128
216539 115067
474345 353249
191440 38804
286998 256922
340913 852762
617362 587525
241824 596327
544981 886994
347392 887941
701053 351454
678166 603561
128329 422969
318098 800410
425391 616419
715767 669181
611999 857429
498394 793784
540581 370312
106255 687557
14379 539080
284900 139072
90994 332210
569017 236474
160184 220032
722696 326446
39768 408309
370715 373053
373926 800101
233468 235410
474707 347470
353645 550734
238026 160275
556074 457910
53180 303639
159965 628410
447901 370531
468598 331933
90261 276549
612822 154803
628171 760071
606258 236186
310765 533269
327951 711236
450605 212312
85974 191040
210194 779000
343925 463304
172649 316854
348524 402002
383627 706043
448478 670184
105706 652548
589288 538937
115897 477229
350990 492545
461213 568374
522332 175358
514821 812096
460122 525736
328549 463996
140234 212573
439216 872585
242288 667496
498207 195762
423527 799674
103032 593722
373150 134535
197749 23505
578521 853807
346912 344326
502060 780654
384145 756927
437312 846107
194547 689434
236133 601432
100576 786681
279181 548409
116619 538164
569836 469382
664739 476367
689841 762797
466638 713000
253192 956184
654753 618273
246083 639326
171419 810299
288852 904563
662594 143318
682095 894053
376169 150774
423157 277432
242790 352836
430101 147544
296462 816532
584528 639691
118259 479921
288944 826275
213033 707238
549586 763579
411528 305971
632184 603025
482054 505612
230106 789373
465674 556645
254822 881750
146139 372848
278192 855247
196927 620239
558029 683937
184622 386251
661739 424970
407955 654732
583212 485597
504996 358832
357468 471455
190355 765365
647397 409089
642176 183766
2634 402380
58545 614004
329705 844318
449079 953525
294838 879491
190550 128022
442881 697536
681098 929878
356200 691167
257665 394383
251909 282214
94551 367549
593663 410918
243075 639689
559473 409372
490132 259382
488644 168187
272573 298274
487894 275677
631401 924586
151221 963075
166354 773447
192246 318915
636140 175560
187314 634454
303583 722603
397088 522553
218182 717857
98026 936603
482057 388090
205166 133651
104513 320391
601243 233559
211986 839777
535197 328926
353456 112646
246648 94657
53580 590472
72070 513247
158252 237306
278813 27114
562984 594488
712810 847739
242065 651234
58428 148253
268938 261541
308606 657213
375967 696888
260883 475984
324876 359708
721131 788810
632934 294562
685394 592005
458487 336730
397886 790873
78579 198716
50211 400983
310020 197681
327629 606004
412907 510927
375288 328541
550717 203888
441524 669140
43904 848152
396202 191032
361258 664957
81904 369301
197324 425562
654849 502388
236433 328558
158138 923973
167481 608795
24478 970461
54889 892058
547400 447542
291671 847152
68031 766049
232055 44797
587611 629400
438482 127819
228316 757481
270635 348037
202517 597239
67857 798541
122913 418652
340925 756856
639616 740168
401897 227325
468532 148053
46704 681992
695639 899747
484535 337379
451338 546760
542109 79030
229971 837548
278658 384058
160781 378052
285558 593585
203889 216396
612939 296798
380436 186234
388787 512832
486717 368773
98456 344034
151156 580881
810 401822
359152 424103
516608 723385
354535 370035
389376 958151
259953 930649
615577 749213
123222 519752
389470 475213
268337 941686
61300 368739
261658 827676
255941 412168
534835 465554
693023 713094
219621 38981
417163 552060
160666 640172
348308 376966
54152 600156
449386 162213
358222 538338
288116 846325
392004 704745
107095 445292
554845 633265
260391 368413
659450 312851
397379 651238
719583 702709
354685 551502
531809 549224
366728 100976
623459 401956
174384 638514
370125 855893
473617 602887
414749 668931
546627 558364
724738 731491
593024 549078
338468 155927
30015 779881
562541 254673
476724 505894
654796 429648
65789 675990
220502 756627
106685 202391
147814 44609
13649 324612
114029 363293
340254 196570
384565 195343
517844 475860
438883 153234
217042 305285
412752 725252
561124 187478
223036 513767
600047 704999
355177 304964
644437 370265
710999 556828
304348 112498
351595 404512
693435 380464
694482 688540
622645 208076
168808 2000
206502 600604
620219 619341
138618 709254
714796 242686
381145 728094
371909 698197
19550 766636
276420 589344
565138 189934
6848 577623
232728 133550
402299 317946
570421 156115
339262 506452
315026 574384
106365 305893
339520 307188
213208 729509
378659 467439
102049 222995
281909 251914
4052 432652
377441 425697
114412 312008
518930 108187
225869 833842
586617 293584
644499 339324
519498 407738
267326 583605
45841 475119
83627 415486
188893 883213
653253 536889
574739 880863
505391 295522
154469 639790
419264 281214
513531 892334
222945 375784
79315 180413
252184 264466
716564 672359
633701 716072
454328 911901
712011 570281
495611 407881
281066 943006
383313 252186
72074 575158
690607 787775
333029 895153
300967 358544
137638 270915
518212 637733
154249 840436
432023 430203
362064 436309
