857645 759176 199
355277 101716
624020 472445
469334 720050
327069 455632
361989 71139
84580 376534
355084 741704
683543 55896
545736 680317
320312 553826
738364 157811
203146 38217
350388 306447
704974 740731
59686 272320
186653 489189
440953 42847
97926 641376
155052 216047
475073 457242
489381 408686
260129 648220
341775 750640
228479 441792
205750 581878
429828 313884
318058 711703
409928 560186
811167 331315
578334 502172
488444 247817
206895 72549
151068 104271
549035 573245
161036 391977
354026 668282
357547 624424
747063 513844
479533 354711
759353 179057
331118 441928
291981 356769
624182 681520
41919 612181
749200 49324
245675 432443
623616 663853
219825 571104
6858 127975
270440 79840
701183 146502
723650 713095
216543 662596
284359 258230
335818 400709
498780 268363
487228 109480
370718 69921
514525 684436
351809 475398
800308 562357
389427 159390
718051 331763
174446 133956
573678 105894
47152 179878
478329 318292
438972 419589
496808 434984
200894 121250
699334 674174
275654 205108
395303 468636
304284 421452
214503 451771
558222 455321
582600 205904
307340 132729
673405 469381
387407 509125
635395 100343
84313 422900
212182 355090
513777 566276
446388 202982
403588 638354
178574 612486
465012 561046
364387 421714
436323 280654
361847 225653
362167 567863
560607 91960
71917 219453
540730 330444
542931 119748
334648 180997
175734 573960
361449 301367
686709 463795
39831 517768
228429 590590
483262 271399
460482 586833
660272 238497
555819 272752
746851 275465
208704 503695
845295 318987
419201 610361
683339 186785
453173 512637
675013 152709
608329 223157
7133 149256
787650 317196
368098 150073
595297 108699
303547 351875
353532 186548
549979 418423
512959 637531
103881 451007
329757 752757
482265 448594
39747 212048
198516 276024
248200 399818
101637 263179
63466 754333
655780 649671
475277 174428
230714 183304
254130 429299
210312 745697
771103 442846
30580 608863
833888 499368
80056 75606
397561 283665
286083 209015
770644 435002
190356 577364
725288 234969
199615 182733
186783 592927
786178 416638
722658 603227
111144 224772
479088 180832
529776 554792
321472 744345
65853 381610
499853 441966
842374 266713
636108 140897
729346 376938
201543 669488
190680 568783
587314 299258
847086 473458
637460 383000
300031 730698
44413 54024
607584 109016
360404 337263
380121 665938
220361 295954
792875 151903
393727 331025
769731 353683
643536 139182
582213 444652
672513 335568
385989 282256
100387 625007
661524 408105
307869 497960
753139 652204
522087 453376
592440 394655
169513 151352
13505 360155
296686 623881
598563 505881
122875 393878
62005 621908
288324 205949
781325 286655
620726 710960
686804 392812
194701 562911
142919 217417
768048 658955
128386 509965
287875 405579
625828 705149
836639 81646
823548 628275
