985179 774432 139
653908 681092
849298 764797
497790 409923
700378 86790
225170 681310
728187 320141
717028 691471
233674 365031
410793 208537
297186 361132
321040 121656
519437 438299
465065 289707
415560 527469
744784 399532
742103 138513
37388 337770
731377 362666
524468 125949
876024 568232
968751 344865
792190 402533
62806 414556
455430 709753
698734 72635
479474 37760
835641 85283
561052 449091
883233 171045
822168 502511
209227 624998
201819 375265
318388 190611
419055 135641
264105 631474
51157 143165
162850 468718
896307 347894
573712 643061
670954 748567
568238 426423
534396 275565
142245 426592
716240 370639
489412 629143
728332 223359
418675 304431
542108 475477
705531 429104
924307 730211
859019 430151
307274 477016
434716 309938
653799 390564
446148 112169
630382 414176
627593 357329
10617 167858
708052 291893
684333 264804
365957 326554
536851 551557
329016 48136
491249 547840
491203 246238
678770 673252
754543 367061
192361 269497
277762 454818
669820 410082
117972 531487
490871 610169
313420 196470
958377 268002
342624 318911
776413 711045
722991 197833
521374 486786
695949 337356
733618 213180
225942 39001
55641 620427
931396 383453
914687 188017
840641 145602
665100 545427
936764 530142
447687 496439
469763 145903
290178 628
726427 77519
513299 5441
156383 504167
599768 585656
506701 120246
179159 645642
604272 549222
310915 693412
349611 391120
291353 331869
902318 104368
935251 195531
525544 276274
398709 676974
27272 236906
611298 505746
517061 124762
767288 293654
409575 302515
358524 309533
789090 4952
180084 361471
776087 194238
898674 469402
786292 62914
124246 448348
666017 418046
472673 311426
800110 30637
720578 518914
103732 466534
296679 381839
533311 567398
665918 338964
148162 531236
192308 511793
759065 412479
214979 61795
857794 250849
604398 291935
605091 443
678390 22549
279897 338544
453931 374342
532398 315476
432708 765715
897244 113328
317459 576626
500346 148648
