950727 725728 1518
211080 151586
378767 7284
482096 286835
779527 547635
432967 488133
810714 322709
723882 662317
343716 174355
172010 363314
480916 425701
389745 128874
54461 409327
600434 35976
909062 170155
428969 11112
644100 344690
587425 361114
472329 357907
13232 210124
870314 658931
237991 453950
820158 203180
689440 91624
586612 652156
573684 302983
367930 196660
752048 328561
245823 358176
406344 456823
570578 24424
169492 314205
119989 228503
383646 107696
883920 584276
358685 128828
286150 570650
821595 320451
288003 11872
161419 318376
847603 314581
555546 269796
273357 432157
640239 590874
668564 539716
365596 417206
86451 101196
843828 36057
669945 409840
604460 519523
379325 79115
798736 420799
450538 580878
365883 344291
188349 351371
895360 500718
111082 394438
283191 21054
398349 139757
268232 84824
214547 374012
554076 485977
195682 332918
292063 694431
728694 305328
134003 56465
703652 333185
361278 566452
712601 409735
631849 531369
129508 93745
672710 704293
650812 288655
48033 23616
496148 617483
798428 232121
373984 622486
610333 214975
513955 85811
695490 417080
881058 483937
246975 632443
775305 211829
783806 548151
598449 488096
737981 360427
19830 109279
886214 475086
510305 715422
532236 541996
908196 529933
190297 474207
694898 191764
191855 267435
670744 205446
547648 199248
277761 539660
438141 208342
194573 278998
390149 98938
609062 152865
664821 150439
504331 579014
407323 372505
868116 444306
297856 578758
190735 677196
620690 427032
591837 679153
220917 307466
541139 117695
182787 532132
266348 496701
324730 166784
310497 599539
831650 133802
679101 332587
361359 282058
59857 406613
621338 203843
373641 271797
678327 475659
209228 575142
792020 308285
508101 487086
141588 459769
66607 680891
393982 182807
707749 265643
449002 367850
300133 284837
164996 275545
371002 585749
383747 444548
868901 226972
76108 326204
150050 322918
759488 259698
412559 556272
218325 556227
566809 404180
130691 218382
136061 562075
520642 380459
743351 404421
93444 514878
508485 70812
403968 313806
559712 703052
697046 480632
484514 264235
358268 544433
541760 56420
238041 346392
559738 464397
154989 124433
223431 287004
879846 413566
401263 441859
370216 586035
609518 473481
240630 367278
143709 342446
114265 575992
557118 371744
913670 607746
243747 438780
359233 80872
442902 320376
27038 462709
381604 612632
511448 338358
632729 262644
350040 540624
701660 244702
722027 233417
499484 456100
449158 193277
226796 495799
417237 187903
546723 605582
242320 404393
790237 479331
636074 724142
536387 448713
415532 1577
371455 574945
734140 67970
248606 458801
461237 30347
365130 252575
270629 100406
935610 462070
88247 362623
646839 403516
398666 577073
740863 45701
269555 218199
206396 412567
517914 624391
413776 258982
844579 582072
217499 23278
194344 198612
603933 672949
122375 254838
215576 30009
359718 255943
672732 628151
214811 246754
937464 345905
658618 258085
343327 680767
415115 136614
655547 512944
337937 417548
780108 523203
392064 17249
901805 227585
362674 328075
678560 333875
581804 425750
105206 117079
179038 387085
512918 494990
535042 507368
330858 465623
710960 108746
277475 477559
261069 224970
292863 362998
512349 713340
778586 200033
252887 89479
860544 473090
805934 193883
554346 365559
162343 412257
423729 617411
761420 148123
602639 5228
447111 97249
16602 505317
489615 133916
935456 491673
347944 690780
633324 74870
308794 679850
70879 259656
767346 530687
318309 27123
284165 300891
345955 585886
362465 433814
319928 246778
797364 494450
682163 354535
98789 185343
554704 583549
751987 378603
850668 95636
139898 457094
671570 258078
513502 159158
41917 329829
767250 271442
151371 341288
429881 249327
771288 107805
780289 188877
353571 314089
284402 356870
85580 591444
828058 461673
550811 433559
539295 316630
414356 693628
167592 74908
146003 330768
826520 21150
525230 550555
864268 615128
215442 537385
322777 414450
494436 666771
396561 495916
533636 314120
525330 598529
137804 488037
679461 158292
225617 201999
618826 569467
881521 498159
659215 92316
138123 423853
772351 269697
411676 486992
373480 195928
419077 650612
301822 22425
629446 205079
549684 430464
155664 170281
132148 596924
757488 270419
702907 163741
655986 662684
810505 458942
329571 140710
742736 577482
557700 204615
36472 315414
636596 475171
349488 127521
885847 178082
448207 366729
369193 216126
14799 420667
655223 677778
549297 108175
497998 9304
203705 169731
291431 505440
142056 617057
512168 16742
462738 360037
884478 682267
611000 381180
200229 699379
384272 88870
697098 187122
399213 270713
560430 362642
878289 275523
415139 496096
243565 85251
712631 617538
568218 198884
421799 620194
403703 398088
608789 292251
287102 447255
281790 19119
683857 413960
69008 20187
656745 479296
923699 265880
506269 453769
756975 248935
121717 93953
364023 249803
576499 505303
448999 317987
449676 38287
82938 287833
219067 594286
123470 557384
755952 712856
26479 114088
253859 433712
593937 393497
271689 432637
243248 183610
372893 388480
437011 112408
815522 599498
600478 439430
440520 649273
854702 500933
568762 481502
112570 109769
921270 286087
390877 316902
536743 67502
224793 355290
487433 483136
775026 294453
490284 688392
593697 599112
279143 676191
452872 422513
500353 384827
276193 619329
463607 598461
470163 58038
831989 382012
541562 306704
674825 551669
320620 322229
203628 9503
331062 221211
791849 342448
623968 373471
227282 249132
333891 49776
455717 467956
10647 618781
708778 263693
195813 250180
565672 77968
71878 219918
301867 519728
410362 96671
227934 242135
713702 642239
584774 580827
784165 272192
753912 167578
211345 19067
395878 724198
458820 618349
219150 210958
275826 94525
809335 88356
624720 112687
365093 392096
181937 432265
250489 1935
671305 96402
781566 269429
763202 637298
19760 138592
584958 412398
697959 101860
746118 657811
934627 252108
389533 613007
344665 366719
455835 521801
252135 418867
616478 576094
470314 709453
535247 235451
88145 542193
824948 501197
755002 474150
316569 33311
654877 141429
71470 446333
355116 646504
767203 447528
470430 162756
571430 87704
415406 111889
721396 272927
727843 402645
73417 307800
830300 683317
492072 144650
744079 435700
845048 102215
439522 346286
405274 431807
550373 484503
385267 607565
442364 579255
882599 313054
281916 338689
291537 632799
613899 145304
876782 140349
285589 4101
379369 494911
240301 573236
245336 575402
237570 436836
142712 392040
670028 156741
460755 199601
19106 507233
729781 386575
239472 436277
385485 220432
215825 590947
682180 532382
179517 378888
567030 125779
729365 721282
595302 671554
914653 536596
741692 138514
439706 203418
918075 294309
869675 454199
21992 272982
814777 604857
629207 229699
580256 164794
524750 30360
606175 486553
396908 317364
390485 333703
332736 520148
843210 359192
863904 395896
786004 593802
463648 139164
479443 567127
243916 622054
940052 48530
574691 8047
706349 249527
22022 511631
871961 373149
798780 409373
751065 377531
482646 372752
699094 434405
181276 306178
275940 516504
349037 575234
744849 191821
113772 15363
55267 570136
578778 496701
191209 337787
618649 187611
836519 364320
155630 482897
655586 22326
578235 667010
243659 628767
445343 704806
180833 263593
715511 106868
589729 50798
372508 75695
717993 389850
714244 222183
326526 646470
813600 512631
580167 392322
367259 393109
483133 574234
160581 461159
901839 506870
171777 137970
246309 187297
424785 41880
720233 505936
475576 600876
886496 349750
894136 574759
144251 418594
187169 217997
47538 14160
786088 85436
658223 19921
606050 249427
778120 370979
781632 537918
682950 112566
426056 487349
691265 175334
385358 248287
308072 660477
652207 2621
342885 616529
86532 415551
574816 54041
479794 536066
587757 268652
522692 212256
423179 406782
855657 366175
639827 219396
242914 188832
553171 268235
706870 411864
93829 506819
161977 153627
750337 317461
115499 259919
701465 725420
367160 277094
923538 205219
336586 305905
680467 156240
837425 419145
504840 364189
496157 452026
313843 346159
679803 403617
260557 276321
786829 174092
652731 452582
385479 628766
562189 375499
367836 327334
580110 304622
440417 100250
601132 273113
51819 405608
256634 85517
147012 588289
592778 625961
469198 320852
791435 689396
508751 295988
323959 286012
580199 402921
555778 93372
752021 385052
389099 96030
438879 469081
662070 656570
248837 293021
617498 190315
924173 76620
311001 429007
364921 323190
642876 133154
256117 699316
541433 490231
449890 101076
850623 628165
478980 249416
476674 596105
494062 226939
771297 103722
150040 616199
729343 220884
567846 8504
720220 55934
907645 508502
36229 484308
942482 70323
740730 637114
607536 649770
578708 693916
884867 552400
217097 559389
908551 429887
204669 403900
570494 510706
521149 684067
100944 246702
633961 352996
768911 618575
55002 460607
810727 316322
308719 386365
636981 291863
408850 301914
873988 350466
737121 276465
861911 322766
161023 473889
451577 150923
474901 723691
344951 83875
233125 458152
385391 466216
221052 322008
698733 274996
712564 20255
806772 90816
208669 449161
7099 597943
342318 207494
343850 559550
261605 450200
515648 411167
590547 664802
342095 515063
643432 358700
217368 310149
650762 538022
257016 131867
441420 675079
726208 117235
373206 685871
528255 146636
661777 448036
331775 296840
471532 216690
495055 394924
822875 336277
116155 100345
672985 131600
651096 148414
608709 200284
400847 338257
482139 183511
603612 444291
118269 316351
157990 217026
275843 298829
383379 216472
699047 57729
386170 72356
647117 482179
284607 144297
745715 252259
308439 205411
136508 557055
539579 604856
492362 50869
354497 399294
759581 409295
466141 494050
330796 450676
401991 27960
369248 339787
785203 181098
649729 36805
481531 350658
40430 422788
948731 366942
387234 489966
218799 581914
814974 674298
491987 57737
882218 277031
643534 22876
804141 164634
493860 114835
99798 537434
21152 83403
409681 191568
414631 545989
900842 584013
831416 213252
38112 457031
576056 270027
559573 310005
171448 295413
904203 323432
499204 463593
650068 243578
875625 342654
275209 548096
626600 594741
416556 558265
607276 455577
371749 80180
427507 576697
809025 476783
3705 348119
717678 275365
65375 383146
279760 358506
100959 674030
694363 59645
402525 37925
339724 394319
827693 617245
473993 360165
346711 218102
545870 341374
56182 556377
786035 489431
285025 121788
443685 670184
299615 293701
463952 305929
342444 358472
730481 217123
472364 347945
356728 120483
28281 582672
466562 235580
384424 4437
439518 596557
97330 534480
265093 126758
287616 290968
725389 337431
659146 344244
410539 404015
195568 344236
92195 608795
39697 685071
429154 582647
630417 546431
238272 720791
188273 116350
826653 360785
197733 428726
667041 166726
324075 58494
184847 457433
668070 374105
659821 579118
148228 590789
943772 377775
652229 219381
54875 640117
244548 238156
570758 511558
826665 380898
825647 273614
686331 57206
312014 361763
337016 300601
708628 224501
85351 553973
58943 497084
620454 283273
445184 394725
116771 487842
692376 209804
783346 179617
507323 136041
823341 472827
552658 149165
490932 644742
63100 601124
516920 621975
557207 121386
401311 194999
530999 585014
516633 129094
626887 636925
290777 697372
771481 172563
545605 126918
374825 282249
676798 476417
323234 680254
237763 429044
623840 77490
495616 496132
428294 171754
484451 314021
626670 19408
710618 465151
901621 272619
801029 193630
368160 310491
367890 532394
522448 517578
331222 682117
584961 438433
300172 107270
415630 514522
913971 184422
513641 521623
566825 551934
211716 63874
645054 428786
778955 9213
898461 488107
723007 326317
268074 120240
618636 13900
653991 204713
337613 330444
51443 266456
453380 601429
324631 442206
369582 644597
278991 155797
852491 12672
528586 409344
587112 115210
363015 143395
694887 223420
187506 312422
567228 361280
947047 281419
417829 232127
312582 83530
568323 183319
550933 517825
276236 524077
280387 456758
62942 382173
745115 656145
372322 394580
842372 153286
169992 311458
240254 533302
861570 86892
35938 146900
940390 8154
373540 196671
507841 115657
617708 668342
399300 199075
828741 276688
262966 71914
550797 503225
249041 686057
371712 119822
300453 441731
437633 118373
329047 240286
793284 96098
420099 16680
741052 389709
65880 633949
419621 143052
287341 195685
97462 575853
163124 233144
449238 642051
47243 351722
496766 472839
939892 389814
525796 42512
693220 121007
409164 100059
706594 684876
788723 402351
658552 722441
294263 545118
547806 627757
726892 266384
593024 69673
827741 414199
396919 638867
655806 708430
436559 566774
355719 124959
311012 166742
562967 68684
788945 391749
190914 280419
665913 295048
277974 257634
276748 277512
216012 539957
98075 432776
358291 488261
440968 35211
572633 21655
190314 472963
894056 344888
688949 635174
400458 77517
108720 382617
841545 456128
577947 648824
112345 645936
482500 214355
867798 257523
668630 119242
435304 443450
343235 376547
762707 246951
505741 573531
5197 272341
610089 370127
686596 532489
376698 203688
489469 102716
225188 364025
464709 528591
161050 528647
755382 578118
778858 231892
58779 500529
262371 415936
490891 56415
895216 182124
144809 603735
633864 504023
317393 546873
351987 319031
382739 449763
580354 401047
855086 391720
611285 246914
878763 93165
473971 488860
623038 502502
593643 219251
785702 646904
840622 112460
783355 660915
645658 593559
647259 137639
766134 294862
549906 686365
769113 456019
254712 340118
715703 74537
556305 64090
331058 519093
413607 537041
261544 467846
880659 311255
292769 81515
257011 489512
242218 500285
689009 631342
567076 343680
194408 52335
765062 600671
413964 456029
690411 512051
682183 359600
553910 137020
652143 517162
640590 487369
914708 49349
618362 359459
152639 446674
283941 209648
883865 309219
200151 597602
179557 339634
283378 538556
168425 92905
627615 251265
739434 674254
779212 535496
729932 137692
668123 49505
652836 610097
734943 628010
707923 177900
528315 612090
639700 65080
531070 203387
573244 497214
880226 677013
196469 391182
109240 325085
277151 394099
168988 416683
205939 433585
187909 220080
164206 582833
249032 543357
629037 70013
656136 205354
433539 343987
349875 682971
691718 97000
620129 525191
789615 343777
495705 370350
567385 388871
520404 440899
834498 470834
723492 193639
377967 81582
727379 343855
192620 600126
290627 245038
358437 405245
620269 623728
105115 8390
705464 298409
155914 214917
555859 239001
323464 175318
695594 397169
34313 355704
237485 299811
557975 406764
579535 237159
299306 661288
481234 224197
474477 380960
218901 282330
544533 577228
328451 585
393607 608762
676838 698971
415526 439889
297129 590551
125506 206183
289878 184575
710592 281365
512141 307909
641044 287969
338619 601283
28376 675106
310285 490361
369701 486461
539926 508527
165246 578396
258387 192454
408154 514241
274396 570732
683134 564277
943809 338863
364366 223653
722873 394752
629658 27167
328346 181811
319731 156090
268554 249286
22267 508117
656277 454461
781017 362435
599713 342979
604792 578872
529645 196255
800704 609806
596183 354322
642982 478258
436147 450065
648660 325864
230694 348403
430589 160523
807746 435876
646070 387787
66145 235144
589941 266628
139154 387041
772196 481994
774460 530019
224154 235211
892891 68464
799867 260309
756170 358157
874343 542085
423580 105795
225978 462516
420493 37429
243767 449956
251132 136034
194606 460653
173080 135536
795054 422493
500986 101162
778765 710268
724499 315150
242038 558843
74779 158155
788868 258333
284648 395463
717076 18153
591692 561745
200251 303516
508981 222198
507328 381907
394021 106752
24748 236070
560222 24208
312083 541628
408888 114164
613673 553955
346974 251150
937332 348269
727658 716033
91212 116202
615772 233840
310672 678269
645540 251506
294670 172678
606169 397488
714293 691648
571640 608578
301587 509596
695367 397340
343011 412592
140559 197049
479205 714957
786337 186500
632286 514814
934706 423646
417230 601829
461424 301681
542243 306827
586810 95596
254260 484643
198672 78450
318518 442774
357837 387218
523486 603736
131993 67272
294979 343937
463661 525407
142196 303222
919293 358761
449508 655859
742764 29209
604915 388906
47806 564453
573179 174762
579642 21306
344196 653639
305924 103411
682943 494338
457239 376738
570937 267218
424705 381363
874303 317716
463442 28134
875621 428437
61597 270212
938843 567939
568669 527563
617798 95712
360229 238990
511127 490991
427589 621413
17810 485000
608750 314665
456250 129486
568922 630387
251560 652037
279525 629696
686154 236007
696315 280783
490118 403873
488379 361554
499283 181445
253895 332641
139439 453232
766063 481809
115276 400113
267123 466024
242786 709565
596085 258943
236156 234528
778947 714657
894644 477924
251950 171070
688841 61493
609002 104044
445752 410440
858343 15370
400997 521388
134336 533622
109404 188864
360304 709314
823338 191939
490052 650376
721933 371666
465953 442458
315102 325297
773474 349110
754945 153767
616074 48965
676332 468501
646464 641665
749291 128549
422614 456198
118455 712545
949149 216084
297870 479649
371922 395968
466928 72927
786710 267056
482994 698697
177017 663663
250104 194669
882006 268327
212927 535320
542609 427483
751845 665396
606775 305156
663986 287963
294088 218734
810095 355416
182048 518760
726086 140347
174087 130480
729481 249150
906568 141406
747360 348612
729755 389830
48866 124904
786148 351257
420736 379800
456182 407409
52604 83899
407773 329382
150451 447186
391843 658505
673813 228927
642505 186265
346294 280418
489492 401116
285583 522171
321907 15920
644072 275724
715330 497424
763903 373066
93816 535027
863335 710526
676935 339642
563874 70850
526634 370025
705701 496424
544126 666146
283442 352529
212160 209734
657957 322352
420761 59501
742013 592018
815752 628846
169525 97324
290731 239067
360929 198145
855814 15846
814570 152944
739384 605084
483890 273737
111805 679350
693288 13987
18691 472822
163736 501057
419486 83453
210449 107441
519598 625036
574280 418570
386701 116533
209239 639832
387599 559418
932169 550928
848167 348019
479199 352175
575894 9102
186416 470423
479682 598327
237728 487382
495673 404610
419498 642754
629574 87939
360523 677819
811612 215269
108490 361804
428720 462345
548440 468863
639223 104661
37775 533747
751995 592618
720968 286676
203643 96357
365066 254919
619581 95857
786007 587391
164582 441554
347652 21047
125182 498127
617063 19365
324431 441636
188170 23786
230990 322067
723811 490002
478440 591978
451309 602695
448495 656047
192801 259626
887553 454390
254203 720027
799650 61524
64750 411035
786668 465172
823786 24756
121864 454287
559416 362645
642157 398620
213086 258346
380083 310862
566454 121834
720216 26313
413428 567841
163743 264745
241859 111160
752390 550407
828799 697137
186345 592438
143663 332675
543828 160570
448356 215133
652095 306087
388504 525738
902787 648931
489146 550307
785167 614319
267021 389354
908841 108920
253097 661301
66149 461426
615270 222518
617727 314393
628858 523008
365672 45772
426604 114886
489712 603685
363220 370122
470984 452069
270432 296342
399852 633689
459491 112918
651160 612447
335519 23708
875431 447503
345029 224921
367760 228731
755231 352738
464904 523305
697092 288810
633128 57432
443647 241641
552693 493083
180183 449918
550177 219529
589785 190403
828240 722907
539227 686299
41926 407109
530817 282723
950456 682373
651701 288309
689297 366774
431079 601330
652937 304793
498568 158247
397129 63055
496898 499622
676660 332177
196047 391965
815705 389046
414500 151280
661574 61562
462033 504628
814081 323957
320227 119287
914194 61888
752868 132684
536893 360232
798617 252212
387730 459938
627533 609861
288714 276081
483544 718395
484340 46874
868373 460508
302889 378277
158090 556474
810321 272961
209611 404770
369519 396140
660521 260681
172896 254693
716577 265353
437858 321512
237124 694630
27072 222432
461395 255033
434910 319551
582402 172859
683038 180410
760820 399865
85920 362520
439041 205768
428698 413598
240417 413986
350328 159254
598047 570230
763226 124458
116505 382627
567954 353641
904586 135384
589681 354231
367754 441692
285108 463527
237218 19074
222321 668995
533117 164193
412458 321938
307528 447533
420111 562456
750893 311516
435844 301258
552763 220323
565769 306863
523144 119708
276887 9851
460488 244592
760592 593000
492494 100122
324402 38339
340626 559083
259800 405543
510423 164883
436154 539114
272900 306787
240138 139169
307503 81491
656243 210736
504242 632093
87307 709901
746378 392810
340689 193478
502740 666398
126277 272832
114135 286635
853170 678960
862867 26302
424568 299503
325173 405890
475612 31903
701787 370252
219937 86168
570049 392777
514290 127582
482017 224152
176694 22794
590365 584453
55056 118243
551053 236353
453701 343943
717524 304277
940788 596864
527625 265197
432704 92577
395277 554141
155695 20657
561573 178136
83280 722129
297122 864
833875 315643
751946 413206
578957 537247
369128 88687
142040 191179
9273 646619
627922 88343
602803 138069
