984845 741624 1975
287355 194527
743071 345461
110382 452776
104273 629982
457601 558506
819104 90415
672313 19719
47432 585382
683861 339061
404132 650121
900112 355169
921590 381902
645518 281928
475453 668405
694014 25082
570843 559065
507558 649292
860302 457810
958037 311794
791665 512187
754978 642482
185381 124173
625305 400410
725131 138886
608004 545086
262275 416112
324726 695427
253837 203115
593734 187016
495821 132367
491453 449257
499464 26267
567534 327400
475156 141769
263108 162789
343486 260790
972080 499874
376094 140898
746829 300787
366573 159595
488968 675194
148061 199906
561410 178720
455636 230428
465959 409953
335417 628545
598231 128318
611067 102152
297139 424689
425082 337418
116001 440028
437933 667222
477820 427526
370406 239125
554536 239990
869826 379788
597820 471781
442387 371377
817176 232139
452084 564616
246910 547938
711541 91620
954624 36766
689296 600541
440404 249822
882515 37332
45988 14428
77147 222262
626553 85080
432966 26750
77024 183222
549378 570670
324405 198002
410430 98872
584389 729366
956879 305197
620023 323338
653685 657204
835594 401178
263554 460651
622000 339452
446741 35120
694689 202088
313990 335993
552577 327907
331001 492273
908982 417636
583360 284055
508716 166158
536128 352346
610421 254634
371974 740817
447076 355831
347021 477163
392218 431894
776579 146072
724136 578681
78035 384170
659335 532494
650269 356701
464965 27154
793273 4950
935675 399678
713045 396642
443416 165613
737591 458329
626884 184704
662853 633242
537676 276269
423326 710408
762328 41291
511126 526181
428822 239538
492157 4651
210174 549114
767820 548420
633803 583125
151090 356042
606118 146487
713130 476939
709836 428776
408513 546061
954909 391937
310863 653353
568637 696378
205272 393646
324012 448527
457991 200160
101547 268424
540197 716449
95291 380691
204274 562051
321243 332418
372659 321201
821593 735236
336381 311389
803152 414058
309242 372236
348202 711498
466248 391574
321321 360409
741670 583262
711852 272297
627891 247750
317105 306319
100308 80523
50659 160333
85686 385857
699077 454773
935692 105816
339491 138444
299361 638150
190284 498121
902903 635577
614580 360619
546405 217801
933032 604616
608895 383028
665227 235014
426661 607575
426683 535322
761443 35003
334699 421983
589817 303730
241427 117734
22570 362294
866142 197758
84335 426778
719107 509854
440006 197609
756465 621177
649665 381503
19830 578046
324572 185519
384953 636901
426097 690869
299599 233766
779786 631357
758496 417982
593203 31885
503383 396239
438311 320920
106807 266563
555404 102468
674159 713018
527990 118018
570677 86715
892472 396858
425581 569031
713986 505769
648305 212179
229015 354851
679126 297949
804696 191775
108427 258545
707614 637491
98643 686149
312896 517514
585250 635538
559084 79687
639814 319034
778221 171533
546973 617971
894703 399678
305731 443309
617558 401794
280082 384042
628044 486904
141945 179969
273855 533071
69647 384567
507439 693632
192528 82433
925149 371717
437028 195991
411247 142817
899878 630537
522507 517683
546431 324122
288622 215379
536051 290845
430902 234073
434758 29235
634475 569042
739666 486519
545785 555048
651281 423681
440433 74572
630710 358826
496751 429736
101774 256414
642876 311745
604182 421465
239392 318275
760686 20962
230884 319063
649358 351238
782451 323535
928746 677154
318393 306252
421068 235445
389294 449755
342444 11710
765820 264274
75511 291433
34659 438080
551898 411554
601618 298552
586148 539847
22438 228433
747351 483789
188449 418964
184259 476824
372879 313618
379032 595913
709360 206230
514341 681197
575115 646198
539495 43921
452211 451499
45400 480142
764417 299155
382539 515549
761220 132281
384153 267206
751635 643031
122070 12263
512455 187053
371846 48029
580795 476887
710537 24169
669504 11728
288287 487306
688634 395418
497010 396152
450477 289037
744177 240077
749105 413002
616929 490209
271918 314155
830484 126296
296096 169285
637354 472018
783075 616709
256405 224602
678118 106936
115760 247566
478132 495751
42926 450672
600303 304007
364064 668784
715217 199746
336352 336930
182373 577882
368621 148351
626694 338688
800096 324148
173938 128647
216483 389300
276254 155175
618526 418478
524247 424221
393601 88230
505913 226238
903929 647837
285961 433535
779071 38582
849777 346670
976220 360853
311656 290788
326713 537809
327480 236095
883713 418237
610867 202314
348173 416405
319007 685101
501738 28894
825657 433329
114097 495150
227861 363209
396476 129329
58518 649480
228432 218101
77652 550193
743381 467176
206902 378718
252109 699088
789917 155498
72185 286186
613150 95689
298442 592703
777673 395730
483415 373493
341370 241057
170362 690269
956976 235011
51716 56854
183690 696918
893814 67535
265571 723787
876802 731308
626295 526226
541896 174737
647934 275722
511365 483251
569853 292333
628647 403858
452026 273581
723048 605167
921930 312209
33876 538912
795589 16011
356896 730294
827223 126067
153192 230614
676877 129219
354048 578747
821382 410338
891064 685357
909935 431104
710766 306885
386794 458608
143772 503371
205574 446495
208618 285694
418607 662653
286543 163559
803513 403389
189237 198760
839203 442754
971381 287414
620593 52420
149891 163907
401187 327563
310686 501925
979704 506518
887460 257083
124536 189648
404680 127075
768762 156781
371744 112491
198079 505533
420234 211772
343967 367382
900174 160522
839979 85063
545796 291783
897388 470962
452433 442642
608534 623731
937254 288726
748909 463248
443807 648685
501920 328874
613828 366595
65142 416139
528338 60174
724129 86353
349684 8182
529514 324981
318554 199508
781222 283136
251592 1572
956710 592544
397460 146758
63203 189858
60677 555784
399323 189015
427343 342810
659249 276113
370371 29935
704653 245024
377659 393269
534419 314255
575986 276725
622613 376636
879425 709404
799472 537103
215218 252651
905952 652825
516089 397150
251325 403008
441736 726424
750492 341192
266350 589710
709936 241380
353904 327316
588483 383361
600550 3239
821003 731861
194332 502394
861462 265002
350092 316082
570440 712369
404235 638596
331878 641133
212893 467558
247844 615724
601910 232540
293468 290213
313141 669411
297873 461678
498219 21646
344077 314857
904817 293403
758977 204670
86594 695176
835 439233
108671 16508
674996 534491
950787 332109
117220 414945
272217 151036
480309 92387
313249 399926
481400 279709
700251 244724
418387 631235
331444 478
415244 266792
661249 76736
853635 400873
556326 414287
190919 200558
184384 690116
608578 560955
578432 577543
408757 679927
505578 118082
454153 567280
211488 597898
132187 502390
776686 260615
881244 135576
352706 585848
747774 329261
634364 144029
394572 419233
313773 380852
134756 273115
19307 694107
409892 358920
50476 338520
400375 488970
601434 111838
401049 719276
276811 215093
931611 421356
353987 446894
73726 327536
477575 461217
372601 461794
888425 428040
700998 310882
977940 208753
359633 142139
710616 372397
580269 372222
515077 547517
501342 120419
772323 181022
859520 396125
556286 168459
236203 489694
451721 476133
240451 591382
557223 4049
474562 314682
919479 388578
490943 535189
830973 23442
711736 578519
181514 514210
466946 553638
599214 610589
566886 503943
177650 156272
597112 147748
507406 149973
856383 707026
361947 190232
181722 605825
442773 530546
844409 487194
266015 613419
187675 593543
294268 161126
961001 271801
574105 79916
704954 642606
277637 183119
798190 91893
635984 81565
406616 68343
256492 562824
965666 140344
306697 403814
944664 333403
823572 642202
263356 306646
67085 334912
603098 238591
224860 198578
344746 731025
127993 77021
115317 574114
733545 422750
911167 559407
597857 265797
672144 475015
123582 354747
938259 349511
778031 649453
78175 265687
280257 327380
888485 176260
232825 333045
335076 571235
518065 405158
668560 432907
726443 635091
314922 654784
636257 331330
640542 514783
564779 451669
41231 662290
359327 463618
331951 195315
324312 68000
303111 718045
661355 188563
33092 337622
477158 620865
465219 307325
556532 353710
486319 516183
107254 582843
325969 626531
158120 655618
452445 200989
464119 492667
429511 357179
168347 267006
913914 513098
429839 371472
520451 664396
201588 590408
673324 671218
543175 319045
531497 419937
750960 730043
586238 309488
455163 603696
790610 275109
263612 267300
732455 365860
710207 245646
651893 251506
701199 280332
632761 633812
419010 192086
407057 233370
815944 357899
775884 272216
494832 370306
109187 368690
139454 291934
747807 37342
853199 55394
572779 645640
724506 304597
470926 590896
74666 562179
980630 419414
789833 492448
91183 407876
404231 104953
775310 88128
786938 600006
133648 124947
501808 630613
828544 707497
665351 701662
789065 290051
782117 26565
877815 236405
171378 726251
662846 320126
540301 48506
159592 159268
468569 419044
705440 316102
781990 199968
630559 628563
114148 644867
115283 395502
645766 378866
725506 324089
58781 367564
280344 284370
575693 3534
607311 494056
643784 1908
841270 13867
865334 324518
404357 92458
833524 629222
193341 280679
115879 96836
217291 424025
304158 433352
614797 39930
888663 630855
576010 290211
514276 459787
407757 528067
356327 122125
541388 221122
375727 619830
947452 378829
810458 261913
575986 403185
752083 38480
504624 11290
906332 537234
247928 4368
362010 598434
727271 325200
610752 8789
757776 205933
279248 423370
523225 717009
346655 155669
655101 438994
77059 383751
492104 74013
715571 505928
573999 340929
574579 556282
651957 259226
353592 152805
513325 577174
929047 735528
511502 686841
705747 227483
310457 512062
707502 622700
866882 282167
264835 527969
455316 542727
199557 217858
337283 280413
382436 586959
428684 511629
427361 257752
427896 726378
952384 265792
629178 21574
509951 534088
477881 556016
751963 714263
284625 158836
719544 94973
132536 152682
448145 556596
834327 117361
314721 664605
271642 267900
171478 224806
126889 196086
429642 93006
162157 278866
579100 497683
761346 199382
770456 344208
479650 359288
555596 448084
129103 281926
83165 668726
617931 78239
521260 34570
361248 122579
518524 31107
498675 712135
242958 10622
784842 478670
772578 510035
928415 269631
277897 604201
312427 623792
613154 548560
365533 435693
242065 684663
408551 318808
81423 554384
638873 657327
25892 328149
257595 62017
137815 181062
941366 37915
201926 6604
812740 473492
284511 363179
669279 395804
612811 464626
784941 429219
614410 657047
241778 139484
684388 29773
218091 701710
867311 335786
655452 541551
363070 292402
469460 282380
176886 597075
183788 147040
568010 88781
489110 572033
309655 455468
780868 229526
142194 123621
982886 681649
340212 280702
609253 369095
811973 255741
640981 416705
269158 724582
802124 225391
474850 423767
566167 318941
327741 107099
474975 373775
552170 346161
875225 263854
936586 56648
517974 567914
151438 168362
287736 454574
39358 693672
299317 190871
540518 610139
767233 477257
343469 469190
517364 420548
171247 396143
619428 520606
597120 672271
67226 433161
257394 284960
213798 330878
656662 511862
455651 484217
420948 630827
778485 273983
558686 568478
613356 308618
879020 527594
109274 501763
523240 254016
80142 32971
5764 477133
588671 569013
613628 352956
452758 289084
104151 309864
593431 96857
587862 624611
620130 96735
172825 139526
460164 148908
839979 270630
471179 164701
710300 143205
251345 387696
564970 26685
131626 463808
615393 190611
112873 97796
802608 387856
424850 94719
256469 141808
691366 531200
148265 374289
510394 307598
725482 695652
457192 570774
481478 222561
614098 236132
450105 730372
386332 559636
483781 432396
214290 333086
252468 366943
384396 510725
284466 378234
832684 120949
186884 391499
631084 515123
615368 423053
128616 449523
691779 602379
100271 565576
982509 287128
691747 299637
388502 400018
366562 641214
550216 453667
928849 398478
35701 541148
136690 452706
181499 152739
493901 252298
262458 422201
493837 687552
208253 228350
359961 343296
887815 220503
861556 480386
133146 304075
475734 179454
802949 155070
243573 475931
196146 188311
55688 445952
596856 194670
453748 436694
656456 221314
576054 118539
232620 477975
910533 75271
559799 556939
37081 670319
419307 508864
234486 608299
274366 126754
883152 578125
716598 149192
469509 140841
28525 601472
863324 644768
63725 473084
713792 525925
657613 705109
188944 584489
143042 347957
875066 376852
641436 104547
904136 281334
926471 150406
960420 630976
458433 412467
131754 501658
326440 559046
630225 567329
973990 670769
398313 599076
757288 441755
51238 562204
618031 562154
191984 186654
436630 26233
108128 511900
563458 447281
854483 471608
513694 230302
316202 48537
441801 391141
444617 8155
297020 35192
67147 119495
774245 147706
470813 182968
450938 494772
803420 666120
721309 251175
66098 420109
637973 253655
183638 517942
268928 323184
937937 147101
248130 54019
234863 687605
284456 269801
73578 92678
788435 222156
803685 505642
38326 53432
347771 656473
627659 731637
327694 714338
207880 47106
426972 280486
417857 157011
683947 641371
829950 456574
781469 113357
515969 523232
669081 51974
718899 111304
714261 625453
291950 396927
107075 661498
764306 4183
412303 582487
673097 354616
175107 26556
910458 286806
443193 272583
452458 466382
698873 458649
789591 325010
568323 658525
409804 234797
439248 17999
241604 459431
333190 538614
216224 305541
729186 98986
577633 496594
265305 389574
687386 577366
210069 123283
174384 253935
416849 336757
425285 63621
256112 186973
908613 598405
280457 652516
306117 274120
763419 555816
814848 366506
531795 467470
60295 593501
156229 11910
592488 171776
589004 423802
368290 373515
515567 221498
862932 311532
174015 644449
56556 309797
197227 601600
531925 230712
781922 585684
469986 328148
601611 3337
288660 609856
396474 488495
382549 127292
258130 212452
171184 390832
167491 511427
401138 253600
512120 708113
347392 686345
381376 369312
314460 574377
724708 275235
551329 330295
304120 399559
297276 542756
689172 466587
798853 50342
558190 78896
687522 373368
369788 170309
488695 691241
596890 472767
647136 680844
455512 283699
548689 398818
635112 84672
820879 692589
582273 339909
194010 405909
925644 575050
538088 312164
371124 381370
386750 567761
338301 509029
469104 570622
396126 706084
599103 221863
614739 401583
610531 423145
685164 437383
771869 704530
271278 647958
910819 642552
816040 627035
328992 354133
440079 153686
342303 365484
603034 472333
663243 370200
331412 341455
636319 655062
2714 586990
735204 171249
400342 293372
882238 317097
570124 415248
432578 99546
520829 273858
568956 149066
789741 297051
353445 193952
688488 195680
146442 545752
946502 107462
281931 86931
302159 528851
328673 533694
831265 509367
555813 298114
261961 629759
437410 244579
596121 340549
279357 492248
752381 283523
373053 502173
21216 351633
669638 325824
394284 702688
440542 363931
600727 643800
216911 228688
379500 63857
419566 154358
947031 358054
978693 71493
334664 35470
255585 537231
894541 52529
508880 130461
279727 99444
749856 520145
941441 359291
426743 235562
602430 246862
762782 619838
896593 277090
596324 519931
704489 133738
558365 668374
637496 496799
754057 576139
570653 680635
561345 545655
545058 280378
444236 105513
360133 271454
372162 90451
357226 601128
332134 362365
492481 466741
95236 443412
295036 217339
556321 304960
858163 50284
161284 525082
272962 447883
418516 564007
726628 675955
393770 357317
387233 442543
826035 510707
581369 237719
916972 516149
1669 269815
625819 392410
476690 372702
453897 647791
797169 571952
193032 412396
642091 434195
365499 375617
537604 640489
72477 330270
349848 1093
190633 251132
371694 365826
75922 300811
376747 633436
581513 312252
114459 494906
325069 422397
364905 338196
193166 627956
407529 566801
412464 177998
590004 612772
827577 449522
524442 166265
688759 347973
469657 156497
361480 600314
239245 138923
788540 634363
626899 65237
315361 152035
717513 287829
705253 454684
479701 151895
353923 208521
134447 519968
201978 274596
838331 133539
520390 384478
760376 468216
963967 228613
378012 65547
434977 283040
554104 729190
287866 442355
762331 258804
720785 170291
768087 299466
476885 109217
521792 471750
507105 200454
494310 59728
875673 300966
80310 286226
673556 372191
391491 328010
393178 376518
491909 719404
340057 510686
577793 218498
18744 519109
888440 358472
242876 465671
558867 267047
430967 361060
983535 143964
976604 543322
406202 183221
541417 471753
266091 284355
459582 166392
669204 657510
652021 405012
564827 489543
516416 201099
720524 426572
519200 676767
675754 293450
892435 455607
717504 255265
740319 613978
381204 610412
906245 241383
602026 680547
789102 643363
881126 291577
538232 687783
614882 148514
679393 739876
563500 402507
147470 62342
727068 583265
432447 605874
588639 369295
841340 263367
306033 475099
940489 576382
619218 546170
288919 289036
477396 336886
386925 716841
435307 591900
16069 287317
808842 271735
570733 614278
546256 300907
701792 196451
672104 61392
402826 213194
650947 529527
241337 526185
539035 111069
677413 36417
450423 675379
516134 364042
561212 686208
234558 222150
708687 668234
396835 240100
701695 11239
604276 105441
865134 115631
519239 591581
900139 224468
296458 625472
578567 379344
679794 35772
399884 311844
902028 272911
547380 326796
178461 501993
931356 525504
531188 100186
669211 357046
296380 594480
388609 355894
607289 92882
687846 125316
791035 686255
688149 480535
384682 534398
814994 685062
349089 193124
106660 330958
509351 148883
944318 109904
218786 203227
272105 570123
437815 164470
738303 542111
239287 264452
776518 315315
21658 401492
121357 579228
415696 175536
925062 450330
344389 641961
625493 159027
390910 251058
495064 479625
492719 647841
578751 233320
711294 327663
856881 246856
671319 407216
858158 341547
516057 155800
523192 519651
865206 456509
339738 437343
677642 34650
456506 124466
490531 47506
273903 551028
419228 690513
414014 549536
258019 72431
796821 117637
724765 612783
656495 355088
367430 13474
8310 490514
974569 281271
813741 294643
377933 153406
599507 151468
92181 405224
642202 722305
476723 506601
299474 239650
887792 680722
794433 696014
438157 146977
512541 242921
524662 556716
207080 425096
365541 512569
870796 494379
887618 123316
244062 389626
139621 256036
509428 99914
304134 395090
47931 406641
618037 43079
499711 448854
381162 642100
800034 683588
599127 524870
706788 476379
64089 574935
452993 373031
138905 366373
501298 453864
263057 282448
359211 441426
332141 24427
784774 414043
270472 424649
659801 432850
799268 342499
452573 160391
558529 19377
226320 77916
529501 478105
207504 351042
210965 463906
58887 203502
218519 641907
338457 692229
356833 547298
311561 260803
749482 558697
311042 698473
791700 232346
855407 20460
370445 547568
839331 119011
464121 385833
337343 410942
667325 644810
745106 47458
372739 5732
104829 396764
169421 187484
75742 661350
555505 324580
720417 307950
406452 732318
381514 107119
579637 249820
428352 89222
351497 239049
529967 683253
320050 535597
974859 140887
116122 318649
649781 320987
170544 437190
361778 289201
185418 717706
46928 334426
673918 605060
143994 211104
282928 601323
613080 167916
237931 410531
504048 543227
682876 412141
628467 356002
867659 543387
255275 292619
523870 140262
598099 422740
948580 663716
385345 450022
624865 477469
660662 345061
884936 380815
32004 592385
806478 373065
649804 169687
838057 149588
920359 562092
871486 217407
560813 336699
189911 323186
452112 457681
601307 93775
326567 642065
723900 708530
89468 615081
725379 480436
88678 328926
646489 79919
908505 309146
502308 352397
507310 145939
629923 87273
525576 245769
776284 355207
658621 546903
315174 154484
385535 250538
602122 674953
565728 56857
938826 307876
241799 381694
648339 45178
423505 49222
436677 181728
753910 352228
21363 426781
504389 166168
367622 565191
574039 253841
901706 209033
767786 71121
94173 259040
472101 111763
937946 627121
177011 556663
536105 59595
458868 147950
468823 467724
567814 176875
340880 534154
703093 388931
561533 536497
639955 413424
927578 511251
651918 180232
579129 654016
325469 714790
145000 569109
17116 423025
323510 55429
810118 388062
229071 716478
816169 328356
487005 236312
106950 392984
595558 148888
304335 636709
728007 12195
747878 441647
520621 230477
569061 471941
407202 476057
527507 239585
767200 54185
81839 265117
761374 727410
391725 561330
501486 330675
634816 274705
432621 334238
367236 162445
358128 34976
491032 371564
811265 424692
742881 250013
227749 539315
198040 714928
800421 273954
779150 338962
350640 614170
946007 389714
370582 662188
672155 397205
105895 665311
438238 65298
544041 659704
679171 523872
635546 518300
949538 231485
597728 441674
264943 435989
708989 435765
496603 616034
150975 230707
501126 669478
438193 168662
278662 648644
966263 245159
777764 533393
245665 551599
775068 167400
472279 671430
921582 243367
245407 193038
505553 176184
579015 617269
629633 716724
71577 188373
407963 241414
577936 425980
243963 198994
946926 317409
295449 300435
546451 73835
79295 597846
700320 59034
803252 24401
103737 408348
579190 177565
919546 208980
294007 610400
467430 318117
116330 715504
234469 325089
716707 195589
699026 76553
423146 388632
46905 218204
708860 110900
286424 517118
292363 220488
840864 306089
142553 11348
450370 433089
676706 703357
522975 242495
307758 377268
217322 395065
832200 135762
102445 666083
266768 32067
654099 285524
833354 541202
793023 201035
177600 480081
630371 184176
575545 4313
779495 14940
588928 223807
814278 223992
631938 72971
802844 173277
743260 193738
924595 519175
791070 55838
279415 199221
662550 497991
712487 161555
893209 163537
156209 394863
456594 80926
241278 480520
150624 441282
761474 526926
679206 592748
298128 404221
528198 584086
469744 358425
385109 647977
155848 242584
259153 75988
776412 261091
214509 361405
266338 430298
594540 423446
592791 686859
897937 78387
643033 69704
283442 276631
427331 497543
659940 384730
832111 524548
759795 63644
578254 240248
577097 589980
352251 629798
504621 322061
669169 95139
587984 362817
79780 507276
110870 80540
387660 543477
578287 265502
195428 429119
746953 618079
354723 66218
661421 122051
512010 516637
550259 309851
413013 262212
290163 182194
541124 473547
633714 509554
628228 69273
630674 246712
220305 184136
294361 717963
306995 695872
813064 317444
433150 234090
77588 474621
322465 229994
449086 684413
107542 118027
607951 254080
500472 588247
82234 30912
457218 244077
495974 723169
662111 715797
420638 55584
362637 157786
371138 549074
659597 543150
578258 206804
584856 568323
19198 44009
685118 242315
101284 290779
487051 289423
313082 689961
122181 404775
250549 145438
233998 182021
554193 206235
910769 595668
795918 286606
166804 208752
271138 325522
586890 436117
381859 296233
273941 677160
476857 523055
138811 213708
669056 709261
935041 175087
240389 273359
154883 218762
593513 27998
859329 391341
314230 388117
745385 128090
428055 370801
723213 545901
529890 248113
414285 121534
440090 66970
641604 577121
186375 499859
385425 171075
838593 281435
204742 477410
274863 398096
389650 357370
63541 386147
395932 546270
629420 361827
837757 60236
204381 261432
653015 455008
325053 735946
539724 182453
625872 77522
643537 230163
689302 638983
410647 708084
724485 403834
961619 353340
447226 301710
969323 436125
808958 480397
679629 393703
422776 98857
347504 60011
445394 411383
919917 192903
904235 623714
408786 598849
145915 540950
356186 139700
78698 277434
671530 166883
742958 377128
602743 708369
191087 287015
313811 620220
235251 264498
701563 704519
773751 481117
70871 38673
341409 597569
359265 442574
518101 356943
852143 414633
160767 302426
468816 147596
132280 496237
441395 287253
669994 509936
923204 405290
529194 520827
450356 706072
281082 145269
451142 384944
884799 260191
363214 532654
837257 304865
698200 284613
122125 723793
37967 357207
542378 52890
829620 67699
112953 159311
550382 596792
19723 109937
19452 650896
889461 248130
911410 238690
410146 564474
763585 582672
195643 368887
803611 487457
283257 245031
550834 576463
720929 545477
112628 29253
640678 709013
706368 415269
478972 137932
113543 21613
761351 250323
321215 152067
846573 147257
573964 145221
182215 497509
966413 433067
942095 562268
648906 21362
529848 648761
435031 271689
637511 96076
370911 628044
600474 99643
572155 433778
318063 634438
644817 405432
598640 9166
799647 419342
883001 398759
536250 466464
644786 19106
401537 493377
439350 636427
429802 465630
300439 393872
963088 311380
870041 498579
740311 264706
437071 726984
651469 449122
611065 81619
202074 612892
520744 170918
625306 319557
645967 293488
754410 535138
384190 312509
565607 560828
87883 223134
189888 245624
309409 272520
144272 315071
945711 315356
962832 302537
359650 626097
875623 381443
471539 521479
666778 348384
950382 177187
102739 537166
797485 592914
125382 671782
521218 252025
406538 404060
779252 181071
747900 679962
724327 222024
592876 682048
614082 525737
33449 457903
452443 671199
741592 199723
617276 550666
748866 350923
916133 727269
291467 433304
713865 221542
444378 616376
789191 385020
952547 59271
901012 309445
542255 611967
169584 73581
406199 720262
370758 6233
298789 516480
736889 527404
379547 94322
820954 266874
482704 374876
319721 632521
639453 172685
419128 432242
968328 709003
768035 471215
216401 476737
899757 205913
184182 503809
665591 136803
737060 230854
72020 296332
67319 290793
654811 182137
573732 566482
624790 152417
537198 456868
828414 366238
643107 657643
488509 42209
412967 507212
978613 395321
418625 249544
266289 317561
863879 99379
312168 647923
390981 670568
202191 12228
949606 140220
541892 714357
511993 228597
812720 486732
63821 459559
312307 738688
155286 239138
278914 624996
15371 554206
844582 289729
511911 694841
407977 579110
393065 509015
212903 510847
757794 250213
105535 622180
914625 503788
750259 537978
643184 268688
892854 364663
663340 507705
400682 132830
386969 649207
505968 218507
592863 354091
897359 248126
287288 576929
591061 329651
524247 344306
393851 225722
445913 729408
789697 523404
588663 489627
678824 577789
747032 53113
775731 244237
124052 176517
410545 658617
384229 585514
704543 657642
479146 365037
234671 361403
429198 712197
393345 569353
295235 604386
674879 271231
347781 400031
487572 359595
224666 160205
91838 347537
549058 22477
772075 635317
610753 10978
482865 46949
889538 292966
516996 710539
893054 250570
835464 626243
496979 545885
516257 310158
82385 700614
539787 156127
158252 379868
546049 133248
529417 461659
744607 87906
198349 134059
228634 564861
792899 514205
874317 306124
53983 507459
429440 420760
378260 67530
774375 336173
210067 552912
349319 12938
667750 3492
292565 281357
915011 431643
591739 260782
118720 224973
788882 134788
949501 113893
788439 420615
142159 522069
118356 617684
205273 396242
809200 498050
845815 409041
394066 565716
224107 546075
834473 268476
679383 326162
437973 663867
115082 254661
206195 637308
671658 351643
255984 441283
548766 610290
25542 350874
42025 101530
964373 717003
310638 472423
332932 510838
600592 397242
141998 513986
72611 66506
255327 180919
532918 514679
87506 464322
272784 162089
522158 589283
146395 206982
470662 116306
371165 564415
208108 303546
158859 571486
171330 229533
738741 445466
729276 101991
624100 249803
273693 345579
768891 346943
594334 170603
544421 267960
526017 47339
866175 360738
72320 198378
864634 389741
250891 213976
323333 213973
