514 917 1761
254 663
96 558
140 662
89 291
118 189
330 197
220 521
472 753
63 886
0 598
266 152
277 128
317 701
203 358
313 118
30 192
354 226
228 861
44 456
98 620
49 502
276 210
274 663
408 567
351 421
358 832
380 200
219 325
324 717
502 522
208 542
154 630
257 163
225 460
127 488
316 581
153 165
135 170
295 442
85 755
196 479
172 503
56 387
99 804
509 328
88 185
435 645
48 570
310 451
392 610
350 126
99 446
33 237
3 324
74 257
280 708
361 592
202 237
281 235
463 96
348 373
213 23
332 863
399 408
399 823
109 468
398 855
160 615
48 532
322 275
366 701
266 508
435 553
392 641
59 602
5 295
27 77
374 396
179 669
252 442
209 184
397 483
318 662
259 588
239 636
318 374
329 552
132 557
161 812
139 683
187 122
409 393
148 539
110 260
67 511
344 646
91 86
459 708
130 580
338 315
9 551
513 54
21 770
197 379
57 125
508 360
21 682
380 360
308 274
294 440
360 72
214 481
168 577
193 64
89 662
403 686
237 187
354 565
385 310
394 456
126 168
15 568
92 315
492 474
472 469
336 514
297 351
83 525
246 247
16 314
156 328
260 779
113 646
348 817
211 703
210 258
327 641
457 414
199 565
171 391
3 620
197 385
301 255
153 306
427 749
17 348
132 776
296 752
117 390
393 866
188 632
449 783
341 411
158 366
260 811
464 783
247 188
226 351
504 228
231 483
253 412
282 443
429 608
498 192
272 817
506 477
482 208
150 552
228 775
482 899
376 647
250 668
383 745
36 747
241 320
186 368
473 497
429 615
492 853
279 87
277 801
418 144
426 261
230 645
171 432
64 324
318 394
278 144
81 514
370 770
412 200
308 340
9 214
235 111
299 100
108 357
180 61
131 171
419 695
268 431
65 241
273 533
44 630
261 161
376 175
3 253
73 604
387 618
409 519
188 819
140 341
292 531
185 204
505 516
254 602
343 485
411 445
158 146
364 763
442 538
84 94
55 205
459 705
255 366
93 252
481 67
437 382
462 857
404 452
158 203
168 362
296 399
192 574
473 569
240 535
450 772
42 670
337 579
326 424
376 316
335 398
465 259
136 810
12 497
486 651
185 421
213 646
314 714
3 135
78 245
413 713
216 262
21 783
146 485
82 672
245 450
96 865
145 849
133 43
397 380
187 344
186 620
58 336
97 316
251 507
141 642
455 429
263 329
389 37
357 476
130 760
394 103
345 751
43 105
259 378
382 232
259 315
307 630
211 29
165 304
23 297
254 493
319 160
209 275
247 205
217 750
404 571
393 355
72 373
285 228
341 106
383 623
258 91
269 815
492 591
304 602
38 286
178 754
199 63
480 433
239 103
364 692
244 722
386 147
221 497
317 140
489 662
149 105
315 539
485 160
41 650
44 165
166 192
181 662
4 502
404 749
365 714
225 410
346 566
234 883
55 760
311 481
208 539
285 371
252 863
31 326
334 480
37 289
22 434
474 765
364 859
72 164
398 310
94 384
444 221
189 806
225 661
462 245
419 467
200 504
263 472
72 291
180 510
257 404
509 799
12 472
510 359
322 198
15 220
182 829
339 489
202 209
222 739
369 555
6 695
151 230
401 697
257 506
456 685
34 373
410 216
84 127
337 379
369 743
514 350
169 370
65 505
509 721
250 17
254 11
223 104
512 324
210 795
256 563
330 536
73 293
493 421
230 772
369 439
239 582
480 226
500 299
315 284
351 669
244 534
349 63
155 557
135 105
108 12
275 645
143 393
267 840
340 182
323 199
383 353
116 286
461 229
139 750
43 769
430 679
271 365
112 294
114 174
452 585
201 236
484 557
12 561
194 61
319 539
69 198
407 249
448 367
308 144
45 401
5 698
371 163
323 457
502 285
197 591
70 632
161 749
263 403
263 358
137 250
76 376
507 299
25 767
342 829
475 85
466 738
80 433
308 462
158 396
269 623
130 134
456 582
492 664
33 504
446 229
133 742
237 411
84 596
58 112
482 357
199 315
384 98
413 613
398 438
244 820
295 116
134 342
386 601
192 879
393 224
189 322
169 547
256 377
109 317
380 695
212 443
2 515
386 468
475 426
442 719
281 689
170 808
148 262
148 660
46 101
409 660
116 96
380 99
339 311
309 832
258 854
131 828
99 579
168 125
27 203
72 387
396 643
450 414
306 549
408 671
264 516
385 539
424 722
94 739
383 626
310 855
124 124
269 668
463 567
167 377
112 161
341 500
9 498
187 825
485 278
498 519
310 494
360 463
377 551
63 255
239 758
266 655
429 469
30 285
252 137
344 468
64 381
263 684
455 211
101 650
352 250
262 654
199 634
96 60
91 470
396 771
310 210
184 172
447 252
90 344
196 446
326 312
406 260
347 476
279 470
248 552
167 675
368 459
156 182
148 465
230 750
337 586
414 437
438 236
338 70
259 147
189 754
63 737
429 494
178 302
143 713
99 848
119 606
447 609
59 498
375 820
273 371
21 253
69 360
235 7
477 391
292 555
475 165
20 764
322 587
336 762
43 52
230 620
486 622
144 488
269 423
345 630
50 728
460 96
117 615
252 789
43 401
283 499
314 662
303 522
152 777
463 387
38 706
72 326
238 642
193 394
221 645
328 32
270 466
365 528
138 707
369 344
2 322
450 413
127 173
294 455
307 255
125 262
180 362
315 903
509 259
387 433
240 480
191 478
435 806
346 202
462 689
188 765
123 729
413 322
80 720
53 230
80 478
51 687
90 537
225 101
417 118
201 478
216 333
414 463
283 330
368 653
245 464
135 690
276 302
407 307
393 687
15 363
322 609
134 851
219 758
287 746
313 603
87 392
427 658
377 692
483 195
366 352
347 792
492 617
386 155
86 284
225 488
127 250
31 587
357 687
55 591
150 677
170 805
223 897
387 200
241 343
348 273
414 829
425 533
438 639
405 405
342 851
271 650
116 607
133 395
376 426
212 892
274 727
166 15
203 614
308 782
419 7
251 591
415 345
269 719
139 535
261 249
507 508
497 118
412 599
211 674
69 301
449 223
32 384
406 562
463 473
461 53
114 536
102 315
305 281
278 412
248 146
374 261
463 201
270 702
140 620
202 445
432 462
74 341
332 486
265 523
111 290
241 366
351 96
193 265
409 249
251 505
416 483
396 429
89 252
35 639
46 218
472 504
82 328
67 839
259 458
442 410
295 173
378 98
433 382
311 747
295 120
382 584
145 692
292 777
252 558
354 375
377 795
193 238
374 177
397 158
151 533
282 352
212 464
262 862
182 893
126 28
126 805
266 566
490 229
66 280
379 531
493 647
487 390
250 532
91 101
205 595
223 59
427 379
76 269
32 761
100 619
364 543
400 86
286 223
362 291
154 592
231 446
428 468
383 306
363 709
464 818
310 685
101 141
219 231
249 116
10 448
291 589
31 546
295 844
61 414
144 446
376 816
249 311
319 431
279 194
337 364
354 340
171 268
456 643
127 370
68 441
270 672
240 634
131 890
87 323
112 391
61 454
318 238
260 702
217 47
250 466
262 628
332 784
142 139
316 193
496 610
375 506
310 184
151 355
31 207
407 261
502 16
370 318
506 85
209 117
118 299
249 420
411 727
27 364
493 816
209 515
371 495
361 416
54 528
424 679
331 399
386 322
467 429
193 531
377 47
413 237
63 736
19 674
291 705
332 698
39 666
141 472
161 313
307 383
481 364
431 476
78 841
245 612
32 678
437 483
349 867
456 396
110 356
187 795
107 251
431 350
470 663
211 167
400 868
278 896
396 339
206 45
205 660
40 516
289 648
364 901
291 262
316 336
165 846
472 644
146 124
494 255
367 107
124 611
163 445
310 437
305 722
186 750
296 582
325 145
503 374
261 452
196 845
207 572
143 864
313 823
142 362
390 695
399 641
267 907
195 302
308 796
213 785
417 308
260 614
11 313
429 592
98 248
117 292
117 503
453 832
231 434
246 342
289 559
282 708
108 557
470 303
193 327
207 67
136 801
134 612
408 754
227 72
380 316
407 575
164 32
15 506
198 252
54 425
185 397
176 206
482 617
224 641
132 382
354 224
292 691
46 709
178 646
255 732
6 692
27 806
171 19
47 394
145 838
210 714
229 167
301 604
208 256
286 21
355 538
162 777
464 416
84 423
439 555
163 641
341 353
471 444
452 192
129 601
425 168
505 215
65 201
270 113
486 472
400 898
245 227
105 883
351 691
107 425
407 613
44 451
403 681
207 776
106 494
145 292
243 329
47 265
104 478
384 396
333 453
38 539
225 282
238 321
178 655
423 111
168 117
204 767
233 26
53 228
357 717
16 650
316 614
95 480
231 372
286 310
311 369
84 348
88 112
344 370
176 913
418 90
333 386
418 475
46 425
201 287
148 566
110 126
328 338
366 550
457 78
221 823
9 408
228 427
76 129
154 268
171 510
278 509
309 243
265 433
197 404
434 326
425 453
242 387
205 834
198 616
217 218
146 849
82 657
17 178
314 706
313 813
74 323
115 255
327 44
396 386
221 691
351 520
410 201
220 465
185 592
314 123
98 528
437 462
353 659
1 363
304 360
280 683
348 606
278 502
269 496
393 569
56 734
186 15
404 228
89 531
183 369
51 538
121 270
139 318
42 162
407 258
149 371
354 525
248 601
405 76
342 756
35 758
310 304
119 105
406 768
366 746
319 326
330 499
276 736
156 838
373 122
20 659
308 497
471 716
224 911
47 81
511 248
47 786
233 142
212 711
64 399
292 409
169 684
77 373
188 18
70 479
403 453
130 709
309 760
235 156
423 488
424 553
338 827
252 322
424 603
245 871
338 559
373 317
292 300
61 223
468 420
112 667
241 520
452 272
73 530
251 206
223 692
11 401
341 507
136 622
151 35
358 355
179 39
326 670
229 563
366 548
227 218
351 565
189 473
428 504
329 494
102 589
19 529
419 101
159 305
194 132
380 517
66 666
357 88
209 19
266 758
235 215
159 904
406 290
169 271
69 622
274 150
441 658
199 429
116 547
333 272
414 451
344 561
446 527
193 693
427 198
413 659
306 711
442 846
341 375
186 226
388 386
399 226
388 727
475 770
260 768
101 404
474 271
114 791
147 290
203 868
378 593
113 474
409 311
361 430
187 314
296 497
319 86
108 176
447 812
409 286
245 798
232 152
182 755
33 830
81 510
410 629
185 29
247 773
445 533
11 523
237 537
234 91
296 677
216 332
398 697
381 576
168 196
103 222
425 110
201 577
433 509
235 298
507 47
277 163
457 575
397 455
75 420
476 473
370 192
200 344
160 750
208 679
419 545
410 554
48 579
35 181
38 114
203 468
481 43
415 778
246 727
105 222
305 370
307 856
154 79
320 881
421 248
83 472
496 751
336 466
215 709
32 100
304 486
239 101
403 846
147 451
108 665
481 704
485 828
2 170
395 452
274 734
175 228
446 462
431 877
46 665
207 383
298 746
382 506
171 170
426 801
368 533
428 703
213 607
306 301
156 659
8 559
466 334
89 339
367 546
337 284
326 105
15 544
255 599
380 515
62 59
420 831
135 616
414 547
253 595
226 451
415 187
350 609
447 683
101 567
333 215
29 769
243 822
82 324
119 601
52 170
9 634
513 100
468 685
336 671
258 449
176 718
102 35
29 397
461 173
402 210
165 797
269 131
216 294
151 341
214 213
308 648
490 347
106 596
231 841
299 686
76 167
432 278
276 165
500 788
162 418
321 759
495 301
108 61
317 472
75 645
436 533
309 382
351 529
11 472
423 860
135 475
397 341
223 619
249 86
80 606
259 499
194 501
346 308
425 527
77 41
30 103
375 644
487 465
216 412
260 246
258 868
172 886
479 70
22 310
306 701
287 276
360 338
467 524
270 314
242 556
232 484
229 533
332 635
149 380
370 209
286 513
274 309
50 459
409 427
43 525
64 477
129 574
177 891
179 140
417 427
94 544
372 668
135 588
296 744
58 737
111 692
56 575
67 412
85 175
170 839
431 845
98 539
82 570
149 388
206 536
142 477
193 896
413 347
67 287
31 353
271 459
294 682
56 337
119 326
117 39
201 460
346 206
468 558
434 616
303 568
362 629
375 462
371 663
25 598
334 768
153 371
360 282
309 729
91 725
419 670
159 622
102 344
297 176
488 437
356 509
113 564
412 283
482 479
458 247
416 849
364 513
397 311
33 407
264 682
481 485
302 761
173 721
202 625
39 696
323 895
146 382
245 241
303 567
323 42
40 395
132 256
51 330
279 784
287 33
455 793
135 756
235 644
398 457
194 768
39 84
160 80
161 467
39 178
510 525
346 424
95 644
90 97
52 137
99 873
149 277
263 687
172 681
485 383
82 139
153 314
509 463
371 427
78 617
499 725
179 487
287 10
344 373
243 648
493 132
113 853
448 326
366 267
381 720
451 254
510 316
394 576
145 612
290 473
173 444
421 865
80 292
77 427
431 346
216 456
93 297
462 398
305 802
405 675
223 467
140 451
418 538
377 227
96 577
353 57
57 194
409 302
245 452
441 435
24 827
200 581
25 591
428 580
64 362
82 441
502 525
186 576
356 688
163 655
394 785
498 616
171 555
217 426
111 556
349 563
23 690
129 569
169 611
373 109
294 865
155 328
354 403
447 406
472 344
374 263
93 475
301 438
376 476
376 492
215 656
214 80
342 752
236 518
113 669
111 693
474 348
286 891
453 586
214 79
205 647
291 211
241 421
460 364
40 305
424 308
364 457
13 547
215 726
418 441
44 655
254 696
74 562
122 544
296 563
151 107
451 858
183 709
173 520
405 69
348 895
132 598
63 690
410 737
162 50
376 683
69 25
510 585
268 187
383 428
36 252
205 342
410 233
223 848
293 280
460 378
377 145
140 480
318 616
83 832
354 541
61 502
315 521
182 283
145 739
290 337
425 765
385 471
296 686
358 851
96 849
196 389
208 516
245 341
287 535
296 494
435 168
94 332
397 0
103 444
112 758
131 705
512 458
509 322
86 350
484 415
65 375
348 410
436 436
198 349
20 616
47 616
249 598
374 647
210 524
150 744
331 639
282 696
189 871
119 539
16 549
317 42
314 751
245 430
103 181
346 769
145 640
251 107
342 103
344 461
229 496
426 553
24 371
239 194
223 675
159 788
388 438
77 433
401 750
203 194
152 506
503 172
419 621
425 107
431 395
507 370
68 445
491 443
377 503
365 806
55 534
365 642
205 587
139 726
363 767
58 118
29 596
231 28
227 868
102 547
176 412
266 70
158 268
469 73
470 305
32 520
105 234
415 316
427 683
225 755
368 655
207 856
216 553
253 581
353 609
97 711
495 348
145 282
261 509
14 587
41 461
39 179
152 538
500 521
231 546
394 422
124 687
62 337
53 291
454 165
357 384
491 613
166 895
383 688
333 480
502 658
90 337
104 269
417 336
226 538
139 116
53 481
110 415
258 303
241 644
14 358
18 647
210 464
113 416
76 514
38 306
190 653
348 431
398 607
293 226
47 56
288 645
230 576
33 386
347 148
379 177
338 550
343 445
256 495
249 81
288 611
287 724
62 752
137 51
452 360
157 390
253 752
296 762
115 392
361 79
330 843
19 584
437 452
476 322
204 867
411 192
438 318
371 671
378 778
143 814
315 243
289 386
307 215
306 130
176 137
202 418
18 680
309 682
23 331
397 566
337 271
259 225
66 138
123 442
383 483
255 70
436 822
195 424
141 298
330 346
483 80
203 267
189 269
489 500
432 411
281 500
270 240
155 175
411 706
468 682
175 786
149 807
470 655
180 683
167 536
454 731
390 213
350 163
432 194
11 705
482 21
293 368
22 443
461 243
166 165
95 571
121 887
420 719
472 129
143 235
297 239
99 527
492 852
185 245
222 816
242 759
97 887
402 586
411 889
249 279
281 179
305 568
307 788
379 802
281 147
488 109
229 44
92 551
402 339
176 579
