648395 972813 1506
405807 177440
543290 666701
342425 563522
367054 493527
192337 642985
365487 829353
451922 55697
222989 187653
7537 337139
311577 618110
8338 804774
336584 609408
311369 678404
100098 195927
396348 390649
307445 197220
217167 115583
432569 207875
633961 901691
446772 813493
587837 878350
86302 633082
124196 298565
486206 49905
479065 620708
230749 512959
69501 277775
83830 200288
397772 676228
513249 615302
154674 915049
414365 30478
617203 485699
402373 500664
138307 816993
357896 245963
562672 969785
30656 451181
53330 613111
248225 333850
318818 157163
381515 673400
94574 722823
61798 298035
429409 526847
128947 601173
259321 474886
415927 393732
526772 438251
425560 564148
242658 499406
457755 826957
544947 389524
143217 481370
365426 192347
427741 541586
148847 302846
137307 721031
247656 767669
645168 538146
351284 961597
555515 340604
314842 156596
196190 916477
389841 471739
241765 683906
503859 825207
387547 595687
58046 387702
141908 530001
300814 204188
313257 246930
210246 641139
167074 821211
332781 602446
568510 540490
548948 438802
47153 344150
78785 475352
210022 545945
493839 79591
477771 587881
439450 680621
132057 464227
330230 432240
76790 378716
563769 19362
190999 492043
366904 364321
332726 908243
208101 873837
496217 847131
296920 719440
567626 549577
262888 463805
119452 551317
210252 149935
535241 386478
67971 363435
550491 445559
27954 587653
274150 926057
279676 220852
209719 880887
165913 67805
157103 345825
478376 503741
198227 447135
157052 450361
215827 914192
442693 772487
367783 394284
57908 124284
374529 357608
323951 588953
384662 10336
299788 335547
104597 601493
140470 723575
295426 548706
571535 382319
546520 347075
361722 628073
522197 328503
543540 559280
112239 647749
131853 442768
286861 628247
416474 693554
228930 690138
362329 812813
89958 578717
29419 871310
401582 656670
608791 672404
434248 438278
370454 848159
12142 91490
580898 660977
136014 694551
452954 205134
121724 600246
137623 206925
519820 347390
180447 856091
543039 417670
132097 705101
232667 538985
213985 785866
354202 513992
333761 515636
170824 639970
163518 749840
123582 758734
516155 293679
87925 573540
191298 595078
495440 334636
366769 699498
256996 335527
473980 667739
395980 554032
380756 727193
460583 703906
357415 866390
438902 157658
387515 143824
416415 488583
413717 232757
342897 778624
450829 479082
636287 99468
408380 160393
386183 180767
295102 775512
533597 624598
52932 584933
143714 793588
622408 282945
264871 576915
215346 438647
386113 316662
253277 18941
458053 250151
406473 799452
580831 353260
443081 258550
31009 504473
253430 769140
254863 747297
120735 522819
521342 838664
393570 513147
352017 170611
303748 842370
218899 563783
401668 902265
116930 580405
375226 130579
82117 463401
154244 436517
131142 15576
512055 557087
442105 544657
520834 671146
202068 524921
575517 558334
109539 438790
362352 956089
2040 529182
415474 367872
92812 383649
334763 955063
373186 342691
171084 797476
285074 125560
35207 879911
512636 279272
607979 343187
537420 155155
144763 500137
473499 342789
73701 796832
570496 300498
517270 286102
140245 546274
457359 429694
35801 311515
417486 162577
231682 315130
384311 395285
258828 336122
29972 531616
181818 144651
479752 345938
327174 720990
49674 455723
382472 874291
124381 263771
574552 730608
402777 545361
240625 205167
582247 325855
87970 163058
260786 737466
481249 854026
314936 394666
492130 303134
570198 54468
595519 187678
264873 939358
100363 134452
518407 514649
429235 845338
111550 138957
336310 469041
50434 455503
564796 626372
484415 102160
171599 534603
202187 708864
113475 774470
310428 150389
331664 611974
584092 306163
345824 457572
47987 560437
533025 315707
612967 615137
306858 698677
416525 389044
186713 56231
394100 340559
312985 630565
204813 172328
419777 771997
74701 149967
447986 372828
515325 761357
51554 350574
615722 604715
404301 218571
477567 539104
582975 263812
136296 801948
223828 943722
240382 598461
256252 583948
126384 643238
380557 37494
387468 133689
607144 315709
74958 618327
599184 82248
605120 498834
222525 794756
310383 434404
375165 86541
64423 600764
517486 621495
251804 667617
83175 615124
158538 789069
59272 442508
132143 662574
104524 223954
567672 712267
159715 224156
245609 379647
117919 161552
441997 3564
246343 581325
45132 623034
344420 863149
33534 561589
410865 361043
485577 194328
274201 938350
384265 752217
123347 737979
379176 378048
433888 296333
425713 922511
351554 77426
221229 642573
359392 883399
127597 335999
298685 16653
251765 255230
316779 928471
44062 421832
376623 682496
18947 683045
590142 865689
67305 466958
205351 451992
423022 904335
336378 516019
513903 46072
387739 971235
533661 437300
322919 185473
133388 747374
244590 288483
140453 378378
174885 811791
453480 598131
107528 434432
465545 472976
454275 761604
552968 189102
158719 740571
504204 350662
275769 314655
346610 165545
158101 333194
539320 469031
218489 602895
578691 323209
292798 655634
601743 714689
396675 692766
210800 549913
118372 615328
415192 895049
380569 834415
294758 857701
154113 549040
269956 942803
68847 524052
534640 359990
352949 585742
444964 475089
53193 450345
532390 504017
327943 479764
493622 67444
136112 355422
527876 326562
192352 615345
449250 402002
630203 304671
478198 490769
576479 159206
245900 703257
435688 908909
289610 534857
326660 718822
430217 7792
119758 250041
524838 231945
228653 337051
336074 277294
369118 901077
87599 170559
512840 604727
176893 4330
507311 925870
536699 197052
308793 412986
178824 45691
495971 761667
307104 920968
603910 325797
589742 326840
263061 215842
167343 663639
147595 218356
259727 751366
56704 746181
65660 418725
212817 241215
280402 323171
217178 476335
383005 605214
48144 748666
499359 722779
467314 414374
351578 243026
585323 751804
300466 627856
539680 526695
401063 741594
242671 938269
41389 712174
72610 247041
488943 355406
40596 438462
603217 532808
171931 470622
575303 523520
118871 963987
53032 259067
481997 426665
44600 205229
257182 615629
21547 520576
56175 603542
594616 646035
266447 370590
415848 826812
28127 739041
265364 529083
67595 281030
540921 556914
274055 693003
364817 365453
150144 651486
473337 604880
293400 445750
360760 79185
419451 249004
619442 356832
323613 643403
429515 449109
481807 502441
495867 444839
477681 689082
405347 521726
388700 564210
107338 899972
550119 514394
385348 616253
60622 444348
560503 563379
170859 818744
406337 443260
352058 820475
477591 775052
261258 95034
208729 239871
341311 246305
629281 687265
341509 532263
608923 560081
532388 796714
47918 440272
559252 735774
375264 264101
520386 719807
60569 818229
315439 189501
7188 591418
48863 784428
531722 360801
197366 561595
501743 98955
78222 108910
513410 706882
335120 279050
461995 402922
427583 344054
179545 384772
463443 227736
376784 824819
290042 311419
445003 174805
338809 615829
128257 671763
316402 371891
220386 331754
579710 423103
198462 415862
406841 565093
372221 642547
505704 675602
298507 650036
497343 701659
371973 581833
552144 109569
381847 487680
624014 614990
354912 250339
583414 97760
229144 746225
550791 720612
646449 459508
196486 320529
357299 241777
283879 240596
2864 143102
443040 36114
50327 580308
583917 189096
77563 582832
14555 245131
438723 325213
344916 626446
80241 487366
100286 117470
194206 301872
317168 204950
158409 119811
125780 218662
333284 319708
159968 328768
511607 557333
633467 471463
469445 966525
476625 818314
451912 468897
257972 147060
453073 510500
319783 406919
126416 844871
73946 445058
578693 903950
78398 761354
408874 195201
93312 440807
28042 685333
494903 521194
287159 655696
191440 37567
466896 612015
642817 362356
524508 699616
459048 315124
360456 91542
125112 628998
525331 229405
537625 678990
170270 246868
374104 598756
74931 640639
553368 330181
380199 94817
315862 272871
170988 690707
528518 293626
244827 742094
260444 223774
252899 604658
178411 851540
306257 800034
320190 324388
222422 351764
427399 281800
446200 108140
438281 440843
602831 207646
547791 97202
379535 630162
236026 743958
430156 486639
139333 422107
275853 256437
333523 697248
187946 155823
18131 548838
130441 619468
639856 476778
331582 672366
553274 656140
359625 611348
379557 467279
131987 68410
4476 784529
592036 530821
150529 574739
306366 666758
244811 420096
465955 903227
359019 708223
13921 536899
44912 415713
95873 612508
635583 683395
231302 787704
447039 603219
414062 708105
159586 890275
227956 336580
603568 280391
257443 236641
581385 257804
66414 416547
592084 352954
519596 52529
501248 402486
70265 640056
569870 474034
28995 491788
465880 321045
60866 716325
437232 568963
173731 130838
314818 758990
170980 737232
160798 318726
97995 124227
635595 277466
210182 542145
278638 260689
137343 829274
158050 167531
605797 368295
411809 676017
179935 545809
330963 293325
539567 365140
544462 783408
87458 479856
299190 468548
274731 667816
593636 138185
5191 531517
644207 508311
509097 338851
252387 522575
589870 122984
206036 576714
383915 482071
392283 272913
188903 965837
293682 834000
350537 516338
52426 248268
80132 830685
425290 196064
311169 668063
612332 445374
330223 104829
390419 265169
178973 675145
363018 529715
453978 119872
86139 644388
6754 216766
530150 459003
453155 757583
380661 776992
286510 299609
390534 469694
500443 296306
190152 79580
466601 455287
503353 446576
161710 525694
97378 882114
284621 677674
306376 413792
376978 792052
591394 753584
276372 222485
312920 591447
348061 117238
175929 744725
280642 690806
281847 691340
496099 323199
543990 656154
206473 128550
497588 765361
365764 245533
491235 550608
165128 269286
594569 763683
641107 793147
459213 181951
227152 133107
223200 312171
307821 783923
337427 472671
232815 613857
468041 704181
295221 162656
370787 125658
307730 480462
317530 25035
41001 517020
283037 193370
86157 602354
263168 209884
331974 896851
17623 132899
314650 553509
186972 258070
245069 764631
627556 647334
390487 649161
114303 677222
617711 565465
50256 279965
233268 15134
429980 196726
366832 597096
305763 59404
214090 724447
413506 595946
473849 533177
346118 869047
334179 168116
116190 316804
308086 348714
155478 727285
116252 655466
63232 272211
291603 881808
266592 271897
551485 583491
309735 610983
539101 586288
64566 148912
376933 494750
242003 532196
36262 731760
383920 297273
561882 724760
404494 689786
434264 583029
504721 4228
324697 140924
314439 306803
584735 69739
632766 218406
94326 874570
62677 145221
507524 449156
147315 482436
120983 362262
577306 482961
626834 743357
157376 817078
227372 172729
471907 559373
387678 533954
41699 404755
184058 180880
286490 63339
208425 256838
298062 914714
1584 346327
324750 672445
261248 226891
79118 1548
365231 28355
265462 688632
7334 206476
480273 728894
396700 385354
84530 546973
331637 334420
536509 412443
546543 149622
515827 494823
496406 380665
505459 561809
601807 276707
489416 743868
509560 660602
299893 242439
155403 824330
89167 510840
200947 273536
463498 481573
347706 297132
556171 621516
376016 808255
244804 187275
36615 419861
177736 457986
444009 175674
52602 416739
380018 75137
195005 359635
118196 198231
301263 795684
307403 108220
645252 672716
10091 459703
390917 509503
51038 481178
308827 404850
249036 382227
208535 506742
150692 539155
434077 594557
392919 936807
41096 926152
568254 344228
504331 498708
339288 349091
52817 870996
435618 586160
585177 468350
237747 515227
482029 554334
401032 869544
455396 449635
409876 33768
226294 7538
440036 84742
374231 323762
270805 494490
273425 741589
502355 770599
167681 862218
387613 220706
299822 696653
274895 952823
415487 762927
467571 78453
111179 500134
499798 733136
220276 357513
425565 714455
311974 406676
535847 603697
296310 969182
158183 466378
23517 365318
431822 554139
160745 344622
388892 399934
541227 179431
426598 802289
420287 728190
157971 607646
219060 867510
252088 462340
411113 342914
637744 719471
292182 229879
126890 257105
482797 312822
464016 575571
123217 331920
619302 626034
572961 752974
450153 17676
185010 729417
151345 787993
243529 312483
230283 258352
87843 735068
529701 401267
180290 402662
201493 703080
412687 754148
223108 860232
227730 514886
479481 877174
357594 828401
605755 224145
617640 283909
556457 19192
138757 420385
543150 642812
369896 660303
72379 181162
338503 451396
451644 73266
17850 369416
334718 842564
315179 261996
316848 535403
347247 658569
597272 765609
2313 547646
559797 155784
143678 772552
318579 401049
447236 855317
280687 667008
274428 626288
233552 121465
365332 274649
373076 687681
613748 571307
573473 446582
342333 716800
538610 723708
497085 687309
249373 870560
177870 889940
567938 765730
311394 787466
263779 194914
1528 503995
241513 825491
285303 332543
416284 892879
285054 210947
225223 412741
427634 765589
67502 464562
203275 68287
399246 161616
247914 619761
640219 494826
134249 282194
61112 457651
164808 561776
398999 44486
255752 316327
434730 648065
508591 290151
327615 512707
385101 540009
62634 946236
59631 504358
275698 360707
103536 569759
383318 920456
490884 469056
298902 626616
511926 712438
431803 565218
504438 881594
466951 388439
591617 384839
587565 72795
363974 230294
284541 830238
59243 237744
613511 656658
34907 926823
38035 927711
286506 51602
282774 305008
476646 166546
476925 338020
324890 275795
562273 156702
242657 758118
522489 283185
208819 306921
342732 617151
432128 2320
482861 292882
289766 721278
198644 18398
487978 748754
368364 395515
233670 583739
433570 944492
168525 678163
524012 525550
194202 737484
342523 10428
446413 13169
487369 554956
626493 785641
14955 921136
569334 600684
503065 536780
58610 472633
537753 62445
523555 870769
550291 42039
456951 773824
381540 83763
305244 175710
244354 259840
322802 456178
321688 546675
459981 666441
244162 479040
345271 464927
133011 613460
278675 525707
209693 793873
225495 142493
291482 417309
79195 206618
442271 205020
408569 795689
179465 584969
66152 533767
68867 639934
545421 556657
414589 861599
348699 379645
16202 367800
418870 415200
491215 753750
411948 295234
359505 518549
7440 407854
85941 102039
363578 402930
571461 406027
211714 266543
198904 255712
437763 475693
138721 89006
376760 246797
548346 22165
328449 936422
9710 644926
403395 696130
492810 539810
9722 247628
448060 452136
224529 822810
588708 538933
426747 207710
590887 621256
286146 188503
160884 961730
501791 934366
139157 915778
340740 726921
272769 487097
168016 626164
352637 260974
483024 729274
582293 466260
3720 306849
608785 300575
287784 508285
220722 568552
183180 832929
504489 218138
105504 731105
379139 672058
647186 450503
22806 696058
246681 221224
365484 520497
20573 492716
451245 776836
491844 394418
413860 167344
594694 348675
272462 809504
369934 513786
169514 267587
345775 644917
74293 215700
493765 205819
604450 850252
217553 22363
506134 127971
606502 551294
412937 897256
366010 911207
237160 271744
480681 825031
445243 546166
49987 502093
431809 884502
552473 700253
334414 149597
257133 704654
25596 381218
230848 570659
253026 841175
633882 469374
457306 138204
223329 731924
230287 200907
294360 657152
510951 521594
78457 622176
631443 883632
613222 722026
189936 264057
246069 776004
588628 441175
641139 312182
305385 671409
394023 700553
145046 372171
377938 573427
585265 524848
356484 305147
181761 616561
285765 398789
523274 768062
524104 532706
189250 198106
516272 275654
596895 684439
431581 841773
231843 59324
350189 772346
293556 340854
3279 663297
120255 458113
423482 868553
582663 558824
270103 431574
92744 449071
607572 439401
307370 864048
594334 354650
182995 227386
23881 296466
515959 537078
496241 176165
388299 628226
438766 295788
472203 656266
557135 523125
19137 792923
300829 380970
137745 62868
441196 222394
479836 290027
315836 690380
197074 348118
372969 703920
174080 265586
161042 260764
126682 13386
309825 742426
371883 43766
221269 561934
139332 501784
368764 519717
305521 157582
523212 486541
210691 99898
233434 508175
408108 73543
48268 308218
19394 774983
196948 806565
593111 861097
170411 769584
154894 869139
48869 186114
55720 327859
368929 453599
439843 438383
492746 758452
503167 639419
448830 464136
321523 376901
196228 609783
285116 233740
205292 402562
426851 97962
478084 340948
526345 698846
409772 308650
47190 114856
197107 455744
597800 749756
233521 546773
2354 588945
360862 491374
139924 278432
209666 385436
409167 759702
581111 607153
417325 544662
402774 408459
225354 580146
116442 553644
367593 751722
92800 445498
360954 491926
327938 102365
372363 87036
423947 405756
513747 420814
394138 581418
139516 144576
297176 426738
196177 521079
259224 696620
577745 114171
592535 745379
203962 886763
596239 792378
544130 700286
19123 109295
82901 470297
61184 822780
392346 342243
192496 344975
242526 519328
350699 264004
442935 560341
580927 550602
378364 401824
525000 848148
434138 257555
233510 816523
215542 194164
130694 606325
296705 285672
200629 169002
359212 646812
298756 256153
390581 855789
158788 832533
322933 788609
81134 644929
137957 575168
179051 72573
171458 292200
335545 727466
158265 613380
131407 635499
325976 446178
274135 175071
309550 595444
21338 760849
358174 425684
45727 658024
108046 527367
497486 395566
89712 275147
262011 370482
400633 730908
500154 559415
430634 293194
201895 317004
248299 245468
135953 421097
503128 657267
231725 539838
394417 22565
128308 544581
71015 548756
344071 506452
230989 513050
57637 428624
511895 350092
619827 184098
337984 760240
554474 574099
355890 406830
647132 566716
251129 804351
464211 456674
343481 91605
139534 946591
148067 648808
371678 623826
287910 905146
493151 636840
233265 150256
232085 486361
551894 633231
206548 474974
537875 8516
210456 529621
551761 390276
303875 419159
188523 662712
394789 743778
324104 689972
619725 310769
97190 388896
548560 586827
182386 393073
568376 637478
272776 944151
465223 140855
408775 643850
109420 542406
246084 232568
444902 373527
552030 334340
90851 281612
101808 456573
644909 438227
93268 694368
127463 116896
392327 452602
9174 479943
294680 739538
216087 114109
191124 64971
376053 512267
450351 548957
34054 464188
151951 163045
399234 616509
399997 171680
380663 445430
43635 50925
325219 639897
510934 16398
268415 761008
54816 532176
307032 529722
498185 365056
188022 563281
398876 800261
516806 514160
209741 489594
91207 376110
13929 633174
445072 769857
423394 312741
579787 481510
192551 942556
120360 602415
314542 818900
455145 545769
58760 527118
647286 413668
516629 568180
205526 390184
497828 803940
498788 780224
630623 137080
544745 522843
469882 719334
129812 967227
234044 380353
106489 689539
88733 788860
508285 610858
318377 260234
260541 88908
646352 328935
307548 150029
306659 779037
409104 486743
315891 299437
446250 504669
373301 861477
111366 11283
498577 766574
74259 795264
420348 287158
222951 679717
603276 920837
261536 167294
424340 488568
545323 604605
7711 425425
355964 453915
285060 263944
194323 139565
282027 823506
286637 569792
131878 493090
28278 599014
646400 559781
376364 686688
182667 429900
609925 303366
272896 574509
369809 717713
148353 683554
94962 485223
429698 964089
500302 331632
367464 384455
638401 447880
398748 708129
171269 458121
147334 440421
454609 368243
258460 686940
331494 509824
277808 943389
38687 677813
353836 445478
264147 848106
401372 359376
317117 69945
278039 793129
451925 487423
5846 646873
291226 900627
205327 117305
422318 677649
192426 33476
528358 828950
466968 520529
378783 102473
100643 622382
484709 718249
74071 824563
550699 747706
109450 546345
207180 517303
231164 852135
62395 587984
490078 446491
32441 216786
70457 726819
552490 544156
287702 239060
496642 601500
327912 255827
223654 899206
289970 705994
114355 630390
74500 240658
86820 152416
129378 405360
326522 373590
160409 631418
491370 551566
511106 420014
289803 856535
617005 612350
587969 175036
460384 951364
608253 502927
300865 500073
506066 198493
331153 227772
227690 605909
516142 627272
446098 538016
509656 261919
534304 404064
534094 691837
398970 99502
212831 535027
518665 163356
300088 761642
496076 704707
196250 110575
247011 860459
17928 387303
285959 523766
56069 155452
300059 262276
127270 24437
208851 330726
354094 841990
235424 817857
201700 589890
219722 606707
530661 608371
471433 790980
409102 657969
54098 324488
197652 610976
337336 767607
16887 917425
109291 92997
282142 696236
132122 530024
298479 663176
302438 177493
343795 638742
316957 744060
206227 548097
307910 515521
214680 614046
242045 393008
434590 713508
295129 862633
630769 576524
245587 49849
528273 403082
431334 701052
260820 448117
587532 193669
254626 576840
321291 463370
322748 166506
356688 255697
126176 91394
256731 490394
428715 816723
169339 373340
557577 576275
602210 249940
61318 552009
77224 76525
218066 544906
184959 238085
